499.95211 0.00479
501.11922 8.3496E-5
502.28632 -4.96699E-5
503.45343 -0.00236
504.62053 -6.76676E-5
505.78764 -0.00107
506.95474 0.0045
508.12185 0.00547
509.28895 7.65685E-4
510.45606 -7.52346E-4
511.62316 0.00118
512.79027 0.00212
513.95737 0.00161
515.12448 0.00146
516.29158 8.08484E-4
517.45868 0.0026
518.62579 0.00329
519.79289 0.00224
520.96 -0.00178
522.1271 -3.95606E-4
523.29421 -0.00103
524.46131 0.00203
525.62842 0.00126
526.79552 0.00299
527.96263 3.80857E-4
529.12973 4.48769E-4
530.29684 0.00174
531.46394 -0.00134
532.63105 0.00261
533.79815 -9.18602E-4
534.96525 -0.00271
536.13236 -3.37156E-4
537.29946 -4.42603E-4
538.46657 -0.00662
539.63367 0.00253
540.80078 -4.93219E-4
541.96788 -0.00381
543.13499 0.0011
544.30209 0.00457
545.4692 0.00947
546.6363 -0.00316
547.80341 3.83075E-4
548.97051 0.0057
550.13762 0.00559
551.30472 -5.06078E-4
552.47182 0.00457
553.63893 -0.00334
554.80603 0.00608
555.97314 -0.00104
557.14024 0.00313
558.30735 0.00882
559.47445 -0.00276
560.64156 0.00217
561.80866 5.10056E-4
562.97577 0.00128
564.14287 -1.91401E-4
565.30998 0.00222
566.47708 0.00103
567.64419 0.00395
568.81129 0.00145
569.97839 -0.0014
571.1455 0.00142
572.3126 6.64944E-4
573.47971 0.00112
574.64681 0.00138
575.81392 2.58014E-4
576.98102 -6.40082E-4
578.14813 -2.83505E-4
579.31523 -0.00262
580.48234 -1.57816E-4
581.64944 3.10164E-4
582.81655 -8.50404E-4
583.98365 -8.6556E-4
585.15076 -0.00276
586.31786 -8.6358E-4
587.48496 -0.00121
588.65207 -2.75031E-4
589.81917 3.74086E-4
590.98628 -7.71546E-4
592.15338 4.77151E-4
593.32049 -6.66739E-4
594.48759 -4.05534E-4
595.6547 6.63545E-4
596.8218 1.67452E-4
597.98891 -8.43718E-5
599.15601 4.43992E-4
600.32312 3.91605E-5
601.49022 -4.27084E-4
602.65733 -4.92433E-4
603.82443 -4.72966E-7
604.99153 -7.90938E-4
606.15864 -2.18705E-4
607.32574 -2.44412E-4
608.49285 -7.54178E-4
609.65995 3.7642E-4
610.82706 2.56155E-4
611.99416 2.45673E-4
613.16127 1.7181E-4
614.32837 1.52336E-4
615.49548 -4.35557E-5
616.66258 -2.48859E-5
617.82969 -5.06002E-4
618.99679 -2.25151E-4
620.1639 -8.89832E-5
621.331 -9.10495E-5
622.4981 1.5284E-4
623.66521 2.86312E-5
624.83231 -1.53165E-4
625.99942 6.08788E-5
627.16652 -2.95634E-4
628.33363 -2.75804E-4
629.50073 -2.47189E-4
630.66784 -4.66828E-4
631.83494 -2.30844E-4
633.00205 -8.39512E-4
634.16915 -4.65842E-4
635.33626 -8.90397E-4
636.50336 -1.41327E-4
637.67047 -1.96953E-4
638.83757 1.20228E-5
640.00468 3.45756E-4
641.17178 -2.08814E-4
642.33888 1.13327E-4
643.50599 3.44944E-4
644.67309 4.06818E-5
645.8402 -7.93134E-5
647.0073 -8.78903E-5
648.17441 -4.70162E-5
649.34151 -1.36795E-4
650.50862 -1.46474E-4
651.67572 -4.44808E-4
652.84283 2.15481E-4
654.00993 3.31784E-4
655.17704 -1.1313E-4
656.34414 1.65762E-4
657.51125 3.33702E-4
658.67835 3.83289E-4
659.84545 3.39148E-4
661.01256 3.35823E-4
662.17966 5.70513E-4
663.34677 2.9566E-4
664.51387 6.14819E-4
665.68098 5.67391E-4
666.84808 -2.61241E-4
668.01519 -0.00268
669.18229 -2.81711E-4
670.3494 3.34204E-4
671.5165 4.53578E-4
672.68361 5.00269E-4
673.85071 4.62992E-4
675.01782 5.30711E-4
676.18492 4.68956E-4
677.35202 3.98325E-4
678.51913 5.24079E-4
679.68623 7.3394E-4
680.85334 6.5982E-4
682.02044 6.1668E-4
683.18755 0.00118
684.35465 7.38725E-4
685.52176 7.85778E-4
686.68886 9.4358E-4
687.85597 0.00124
689.02307 8.14027E-4
690.19018 8.14461E-4
691.35728 0.00113
692.52439 0.00131
693.69149 0.00124
694.85859 0.00104
696.0257 0.00132
697.1928 0.00131
698.35991 0.00147
699.52701 0.00132
700.69412 0.00147
701.86122 0.00137
703.02833 0.00124
704.19543 0.00138
705.36254 0.00123
706.52964 0.0013
707.69675 0.0013
708.86385 0.00138
710.03096 0.00118
711.19806 0.00126
712.36516 0.00113
713.53227 0.00133
714.69937 0.00125
715.86648 0.00115
717.03358 9.88852E-4
718.20069 0.00114
719.36779 0.00103
720.5349 8.09645E-4
721.702 9.07548E-4
722.86911 6.57336E-4
724.03621 7.69555E-4
725.20332 8.60732E-4
726.37042 7.04018E-4
727.53753 6.25794E-4
728.70463 5.92869E-4
729.87173 6.50244E-4
731.03884 6.67259E-4
732.20594 4.50942E-4
733.37305 5.54477E-4
734.54015 4.48075E-4
735.70726 3.40117E-4
736.87436 2.20497E-4
738.04147 2.19164E-4
739.20857 -8.16116E-5
740.37568 -1.08167E-4
741.54278 -1.82153E-4
742.70989 -2.26322E-4
743.87699 -4.94757E-4
745.0441 -5.77719E-4
746.2112 -8.13365E-4
747.3783 -9.268E-4
748.54541 -0.00101
749.71251 -0.00116
750.87962 -0.00106
752.04672 -0.00109
753.21383 -0.00114
754.38093 -0.0015
755.54804 -0.0017
756.71514 -0.002
757.88225 -0.00249
759.04935 -0.0029
760.21646 -0.00281
761.38356 -0.00232
762.55067 -0.00205
763.71777 0.00247
764.88488 0.03191
766.05198 0.08823
767.21908 0.12238
768.38619 0.13119
769.55329 0.12586
770.7204 0.11396
771.8875 0.09738
773.05461 0.07723
774.22171 0.05358
775.38882 0.03115
776.55592 0.01645
777.72303 0.01009
778.89013 0.00734
780.05724 0.00585
781.22434 0.00485
782.39145 0.00396
783.55855 0.00342
784.72565 0.00298
785.89276 0.00275
787.05986 0.00216
788.22697 0.002
789.39407 0.00178
790.56118 0.00157
791.72828 0.00144
792.89539 0.00123
794.06249 0.00111
795.2296 0.00105
796.3967 9.50605E-4
797.56381 9.18975E-4
798.73091 7.70239E-4
799.89802 8.00391E-4
801.06512 5.69542E-4
802.23222 4.06001E-4
803.39933 5.42031E-4
804.56643 3.63824E-4
805.73354 4.02934E-4
806.90064 7.68559E-5
808.06775 1.48082E-4
809.23485 -3.68515E-5
810.40196 3.12609E-5
811.56906 -3.69403E-5
812.73617 -7.64809E-5
813.90327 -3.29162E-4
815.07038 -2.87829E-4
816.23748 -1.16515E-4
817.40459 -2.22819E-4
818.57169 -2.8166E-4
819.73879 -4.58112E-4
820.9059 -2.30887E-4
822.073 -6.09399E-4
823.24011 -5.3283E-4
824.40721 -5.25242E-4
825.57432 -4.03218E-4
826.74142 -5.22084E-4
827.90853 -4.09918E-4
829.07563 -4.82171E-4
830.24274 -5.04848E-4
831.40984 -5.31538E-4
832.57695 -3.8064E-4
833.74405 -4.20092E-4
834.91116 -3.56005E-4
836.07826 -3.18996E-4
837.24536 -2.82323E-4
838.41247 -1.85078E-4
839.57957 -1.92174E-4
840.74668 4.49757E-6
841.91378 3.88184E-5
843.08089 1.42789E-4
844.24799 4.37311E-5
845.4151 1.14627E-4
846.5822 1.43726E-4
847.74931 3.7093E-4
848.91641 3.74486E-4
850.08352 4.8978E-4
851.25062 5.57514E-4
852.41773 6.3553E-4
853.58483 6.47409E-4
854.75193 8.15262E-4
855.91904 8.58857E-4
857.08614 8.21097E-4
858.25325 9.36936E-4
859.42035 9.94776E-4
860.58746 0.00117
861.75456 9.7878E-4
862.92167 0.00116
864.08877 0.0011
865.25588 0.00125
866.42298 0.00123
867.59009 0.00125
868.75719 0.00107
869.9243 0.00117
871.0914 0.00112
872.2585 0.00108
873.42561 9.8706E-4
874.59271 7.97317E-4
875.75982 6.96987E-4
876.92692 4.74922E-4
878.09403 5.15781E-4
879.26113 1.35945E-4
880.42824 4.71716E-5
881.59534 -2.51037E-4
882.76245 -2.86675E-4
883.92955 -5.89965E-4
885.09666 -6.20586E-4
886.26376 -7.29889E-4
887.43087 -9.9509E-4
888.59797 -9.44942E-4
889.76508 -6.77187E-4
890.93218 -8.16051E-6
892.09928 3.30911E-4
893.26639 0.00176
894.43349 0.00385
895.6006 0.00788
896.7677 0.01391
897.93481 0.02366
899.10191 0.03834
900.26902 0.05801
901.43612 0.08254
902.60323 0.1106
903.77033 0.13941
904.93744 0.16684
906.10454 0.19071
907.27165 0.20927
908.43875 0.22233
909.60585 0.22938
910.77296 0.23114
911.94006 0.22771
913.10717 0.22028
914.27427 0.20906
915.44138 0.19493
916.60848 0.17827
917.77559 0.15969
918.94269 0.13972
920.1098 0.11919
921.2769 0.09847
922.44401 0.07892
923.61111 0.06133
924.77822 0.04652
925.94532 0.03465
927.11242 0.02532
928.27953 0.01877
929.44663 0.01398
930.61374 0.01073
931.78084 0.00834
932.94795 0.0068
934.11505 0.00542
935.28216 0.00462
936.44926 0.00388
937.61637 0.00335
938.78347 0.00273
939.95058 0.0023
941.11768 0.00185
942.28479 0.00158
943.45189 0.00125
944.61899 9.99245E-4
945.7861 7.06118E-4
946.9532 4.45719E-4
948.12031 2.57461E-4
949.28741 9.59512E-5
950.45452 -1.69043E-5
951.62162 -1.72872E-4
952.78873 -1.95345E-4
953.95583 -4.00598E-4
955.12294 -3.45652E-4
956.29004 -4.44469E-4
957.45715 -4.44539E-4
958.62425 -4.37093E-4
959.79136 -3.51879E-4
960.95846 -3.87571E-4
962.12556 -4.09061E-4
963.29267 -2.35509E-4
964.45977 -2.66947E-4
965.62688 -1.38028E-4
966.79398 -1.74306E-4
967.96109 -1.12636E-4
969.12819 -5.43192E-5
970.2953 4.52417E-5
971.4624 8.23544E-5
972.62951 1.52193E-4
973.79661 6.94151E-5
974.96372 1.57145E-4
976.13082 2.06457E-4
977.29793 1.5588E-4
978.46503 1.44133E-4
979.63213 1.83273E-4
980.79924 1.93985E-4
981.96634 1.36866E-4
983.13345 8.27506E-5
984.30055 4.74981E-5
985.46766 9.46708E-5
986.63476 -2.6091E-6
987.80187 9.38378E-5
988.96897 -3.78344E-5
990.13608 4.18976E-5
991.30318 -4.23895E-5
992.47029 1.93265E-5
993.63739 -7.91211E-5
994.8045 2.91297E-5
995.9716 1.61454E-5
997.1387 -6.34849E-5
998.30581 -1.04763E-5
999.47291 1.58857E-5
1000.64002 9.13365E-5
1001.80712 1.29271E-4
1002.97423 2.78467E-4
1004.14133 2.56262E-4
1005.30844 4.50095E-4
1006.47554 4.83764E-4
1007.64265 7.72537E-4
1008.80975 7.30924E-4
1009.97686 9.59437E-4
1011.14396 9.66564E-4
1012.31107 0.00115
1013.47817 0.00132
1014.64528 0.00157
1015.81238 0.00192
1016.97948 0.00244
1018.14659 0.0031
1019.31369 0.0038
1020.4808 0.00483
1021.6479 0.00588
1022.81501 0.0072
1023.98211 0.00841
1025.14922 0.00971
1026.31632 0.0109
1027.48343 0.01212
1028.65053 0.013
1029.81764 0.01398
1030.98474 0.01447
1032.15185 0.01499
1033.31895 0.01511
1034.48605 0.01509
1035.65316 0.01499
1036.82026 0.01475
1037.98737 0.01431
1039.15447 0.01383
1040.32158 0.01324
1041.48868 0.01246
1042.65579 0.01182
1043.82289 0.01097
1044.99 0.0102
1046.1571 0.00921
1047.32421 0.00857
1048.49131 0.00793
1049.65842 0.00736
1050.82552 0.00679
1051.99262 0.0064
1053.15973 0.00599
1054.32683 0.00573
1055.49394 0.00558
1056.66104 0.00527
1057.82815 0.00527
1058.99525 0.0051
1060.16236 0.00525
1061.32946 0.00505
1062.49657 0.00518
1063.66367 0.005
1064.83078 0.00509
1065.99788 0.00513
1067.16499 0.00518
1068.33209 0.00514
1069.49919 0.00521
1070.6663 0.0052
1071.8334 0.00518
1073.00051 0.00535
1074.16761 0.00529
1075.33472 0.00525
1076.50182 0.00523
1077.66893 0.00528
1078.83603 0.00523
1080.00314 0.00526
1081.17024 0.0051
1082.33735 0.00534
1083.50445 0.00512
1084.67156 0.00513
1085.83866 0.00501
1087.00576 0.00513
1088.17287 0.00505
1089.33997 0.00492
1090.50708 0.00496
1091.67418 0.00483
1092.84129 0.00481
1094.00839 0.00473
1095.1755 0.00482
1096.3426 0.00456
1097.50971 0.00458
1098.67681 0.00454
1099.84392 0.00444
1101.01102 0.0044
1102.17813 0.00443
1103.34523 0.00434
1104.51233 0.00413
1105.67944 0.00405
1106.84654 0.00394
1108.01365 0.0037
1109.18075 0.00338
1110.34786 0.00327
1111.51496 0.00305
1112.68207 0.00247
1113.84917 0.00179
1115.01628 0.00154
1116.18338 0.00101
1117.35049 6.73797E-4
1118.51759 2.27455E-4
1119.6847 5.28003E-5
1120.8518 -4.58246E-4
1122.0189 -7.39585E-4
1123.18601 -0.00116
1124.35311 -0.00154
1125.52022 -0.00199
1126.68732 -0.00253
1127.85443 -0.00273
1129.02153 -0.00302
1130.18864 -0.00304
1131.35574 -0.00312
1132.52285 -0.00256
1133.68995 -0.00205
1134.85706 -5.83786E-4
1136.02416 0.00121
1137.19127 0.00398
1138.35837 0.00841
1139.52548 0.0151
1140.69258 0.02459
1141.85968 0.03897
1143.02679 0.05996
1144.19389 0.09016
1145.361 0.13037
1146.5281 0.18022
1147.69521 0.237
1148.86231 0.29486
1150.02942 0.34964
1151.19652 0.39856
1152.36363 0.44044
1153.53073 0.47572
1154.69784 0.50481
1155.86494 0.5296
1157.03205 0.55132
1158.19915 0.5707
1159.36625 0.58888
1160.53336 0.60618
1161.70046 0.62179
1162.86757 0.63409
1164.03467 0.64215
1165.20178 0.64531
1166.36888 0.6421
1167.53599 0.63198
1168.70309 0.61452
1169.8702 0.58991
1171.0373 0.55852
1172.20441 0.52075
1173.37151 0.47631
1174.53862 0.42613
1175.70572 0.36976
1176.87282 0.30819
1178.03993 0.24166
1179.20703 0.17429
1180.37414 0.11394
1181.54124 0.06859
1182.70835 0.0395
1183.87545 0.02253
1185.04256 0.01259
1186.20966 0.00655
1187.37677 0.00284
1188.54387 5.73544E-4
1189.71098 -5.8E-5
1190.87808 6.75222E-4
1192.04519 0.00387
1193.21229 0.01106
1194.37939 0.02525
1195.5465 0.05007
1196.7136 0.09066
1197.88071 0.15045
1199.04781 0.23062
1200.21492 0.32678
1201.38202 0.43097
1202.54913 0.53436
1203.71623 0.62942
1204.88334 0.71195
1206.05044 0.77946
1207.21755 0.83156
1208.38465 0.86847
1209.55176 0.89252
1210.71886 0.9035
1211.88596 0.90495
1213.05307 0.89668
1214.22017 0.88202
1215.38728 0.86137
1216.55438 0.83653
1217.72149 0.80929
1218.88859 0.78034
1220.0557 0.75094
1221.2228 0.72145
1222.38991 0.69287
1223.55701 0.66468
1224.72412 0.6371
1225.89122 0.60956
1227.05833 0.58199
1228.22543 0.55389
1229.39253 0.52497
1230.55964 0.49493
1231.72674 0.46366
1232.89385 0.43084
1234.06095 0.39653
1235.22806 0.36072
1236.39516 0.32359
1237.56227 0.28634
1238.72937 0.24999
1239.89648 0.21605
1241.06358 0.18563
1242.23069 0.15951
1243.39779 0.13754
1244.5649 0.11949
1245.732 0.10446
1246.8991 0.09225
1248.06621 0.08185
1249.23331 0.07323
1250.40042 0.0658
1251.56752 0.05961
1252.73463 0.05414
1253.90173 0.04946
1255.06884 0.0453
1256.23594 0.04163
1257.40305 0.03841
1258.57015 0.03547
1259.73726 0.03285
1260.90436 0.0304
1262.07147 0.02826
1263.23857 0.02612
1264.40568 0.02435
1265.57278 0.02252
1266.73988 0.02102
1267.90699 0.01941
1269.07409 0.01809
1270.2412 0.01669
1271.4083 0.01545
1272.57541 0.01428
1273.74251 0.01317
1274.90962 0.01214
1276.07672 0.01113
1277.24383 0.0102
1278.41093 0.00928
1279.57804 0.00848
1280.74514 0.00771
1281.91225 0.00702
1283.07935 0.00625
1284.24645 0.00563
1285.41356 0.00496
1286.58066 0.00447
1287.74777 0.00387
1288.91487 0.00337
1290.08198 0.00292
1291.24908 0.00241
1292.41619 0.00202
1293.58329 0.00162
1294.7504 0.00131
1295.9175 9.21014E-4
1297.08461 6.50918E-4
1298.25171 2.96631E-4
1299.41882 1.43365E-4
1300.58592 -1.80748E-4
1301.75302 -2.78844E-4
1302.92013 -5.77852E-4
1304.08723 -6.57363E-4
1305.25434 -8.54784E-4
1306.42144 -9.58231E-4
1307.58855 -0.00116
1308.75565 -0.00125
1309.92276 -0.00134
1311.08986 -0.00138
1312.25697 -0.00147
1313.42407 -0.00161
1314.59118 -0.00157
1315.75828 -0.00169
1316.92539 -0.00168
1318.09249 -0.00176
1319.25959 -0.00171
1320.4267 -0.00175
1321.5938 -0.00169
1322.76091 -0.00175
1323.92801 -0.00165
1325.09512 -0.00168
1326.26222 -0.00161
1327.42933 -0.00161
1328.59643 -0.00158
1329.76354 -0.0015
1330.93064 -0.00148
1332.09775 -0.00141
1333.26485 -0.00145
1334.43196 -0.00148
1335.59906 -0.00147
1336.76616 -0.00124
1337.93327 -0.00119
1339.10037 -0.00104
1340.26748 -9.32284E-4
1341.43458 -7.6611E-4
1342.60169 -6.418E-4
1343.76879 -4.80868E-4
1344.9359 -3.61485E-4
1346.103 -2.17671E-4
1347.27011 -8.11741E-5
1348.43721 -1.93928E-5
1349.60432 -1.02781E-5
1350.77142 -1.43093E-5
1351.93853 -1.51254E-5
1353.10563 -1.22139E-4
1354.27273 -7.07515E-5
1355.43984 -9.20018E-5
1356.60694 1.02875E-4
1357.77405 2.22493E-4
1358.94115 6.91813E-4
1360.10826 0.00124
1361.27536 0.00209
1362.44247 0.00325
1363.60957 0.00471
1364.77668 0.00659
1365.94378 0.00883
1367.11089 0.01144
1368.27799 0.01431
1369.4451 0.01754
1370.6122 0.02078
1371.7793 0.02421
1372.94641 0.02746
1374.11351 0.03071
1375.28062 0.03366
1376.44772 0.03639
1377.61483 0.03863
1378.78193 0.04068
1379.94904 0.04216
1381.11614 0.04338
1382.28325 0.04407
1383.45035 0.04451
1384.61746 0.04464
1385.78456 0.04443
1386.95167 0.04408
1388.11877 0.04338
1389.28588 0.04257
1390.45298 0.04136
1391.62008 0.04003
1392.78719 0.03827
1393.95429 0.03634
1395.1214 0.03412
1396.2885 0.03182
1397.45561 0.02924
1398.62271 0.02663
1399.78982 0.02386
1400.95692 0.02106
1402.12403 0.01823
1403.29113 0.01546
1404.45824 0.01282
1405.62534 0.01033
1406.79245 0.00822
1407.95955 0.00623
1409.12665 0.00458
1410.29376 0.00305
1411.46086 0.00196
1412.62797 0.00102
1413.79507 4.38908E-4
1414.96218 6.39127E-6
1416.12928 1.05781E-4
1417.29639 7.7331E-4
1418.46349 0.00249
1419.6306 0.00575
1420.7977 0.01086
1421.96481 0.01793
1423.13191 0.02694
1424.29902 0.03791
1425.46612 0.05044
1426.63322 0.06456
1427.80033 0.0797
1428.96743 0.09562
1430.13454 0.1111
1431.30164 0.12541
1432.46875 0.137
1433.63585 0.14465
1434.80296 0.14708
1435.97006 0.14394
1437.13717 0.13556
1438.30427 0.12362
1439.47138 0.11071
1440.63848 0.1003
1441.80559 0.09519
1442.97269 0.09633
1444.13979 0.10272
1445.3069 0.11128
1446.474 0.11984
1447.64111 0.12649
1448.80821 0.13089
1449.97532 0.13284
1451.14242 0.13282
1452.30953 0.13115
1453.47663 0.12858
1454.64374 0.12542
1455.81084 0.12208
1456.97795 0.11875
1458.14505 0.11532
1459.31216 0.11182
1460.47926 0.10776
1461.64636 0.10343
1462.81347 0.09843
1463.98057 0.09307
1465.14768 0.0872
1466.31478 0.08116
1467.48189 0.07484
1468.64899 0.06845
1469.8161 0.06203
1470.9832 0.05576
1472.15031 0.04962
1473.31741 0.04387
1474.48452 0.0385
1475.65162 0.03355
1476.81873 0.02915
1477.98583 0.02521
1479.15293 0.02189
1480.32004 0.01887
1481.48714 0.01654
1482.65425 0.01441
1483.82135 0.01272
1484.98846 0.01116
1486.15556 0.01003
1487.32267 0.00896
1488.48977 0.00818
1489.65688 0.00738
1490.82398 0.00683
1491.99109 0.00632
1493.15819 0.00589
1494.3253 0.00555
1495.4924 0.00517
1496.6595 0.00495
1497.82661 0.00466
1498.99371 0.00452
1500.16082 0.00424
1501.32792 0.00411
1502.49503 0.00389
1503.66213 0.0038
1504.82924 0.00351
1505.99634 0.00344
1507.16345 0.00321
1508.33055 0.00315
1509.49766 0.00295
1510.66476 0.00281
1511.83187 0.00265
1512.99897 0.00253
1514.16608 0.00246
1515.33318 0.00232
1516.50028 0.00223
1517.66739 0.00209
1518.83449 0.00198
1520.0016 0.00174
1521.1687 0.00155
1522.33581 0.00118
1523.50291 8.63207E-4
1524.67002 4.62706E-4
1525.83712 2.17651E-4
1527.00423 -5.51827E-5
1528.17133 -1.92601E-4
1529.33844 -1.72463E-4
1530.50554 6.38882E-5
1531.67265 2.93805E-4
1532.83975 3.77596E-4
1534.00685 3.97414E-4
1535.17396 3.69785E-4
1536.34106 3.21659E-4
1537.50817 1.86109E-4
1538.67527 1.35832E-4
1539.84238 2.16407E-6
1541.00948 6.20577E-5
1542.17659 -1.30162E-5
1543.34369 3.03791E-5
1544.5108 -8.09065E-5
1545.6779 -1.99352E-4
1546.84501 -3.64312E-4
1548.01211 -6.31094E-4
1549.17922 -9.33632E-4
1550.34632 -0.00121
1551.51342 -0.00133
1552.68053 -0.00135
1553.84763 -0.00104
1555.01474 -7.70589E-4
1556.18184 -5.03778E-4
1557.34895 -3.65906E-4
1558.51605 -2.13938E-4
1559.68316 -1.88499E-4
1560.85026 -8.84761E-5
1562.01737 -4.61758E-5
1563.18447 2.11991E-5
1564.35158 1.81413E-5
1565.51868 4.61132E-5
1566.68579 3.28054E-5
1567.85289 2.88404E-5
1569.01999 4.6879E-5
1570.1871 1.37767E-5
1571.3542 9.91112E-5
1572.52131 6.43372E-6
1573.68841 4.02342E-5
1574.85552 -3.51144E-5
1576.02262 2.85809E-5
1577.18973 -3.35259E-5
1578.35683 -3.72322E-5
1579.52394 -7.63879E-5
1580.69104 -4.03471E-5
1581.85815 -8.93742E-5
1583.02525 -1.00439E-4
1584.19236 -1.20369E-4
1585.35946 -1.37757E-4
1586.52656 -1.22454E-4
1587.69367 -1.53413E-4
1588.86077 -1.93384E-4
1590.02788 -2.04926E-4
1591.19498 -1.91615E-4
1592.36209 -2.23687E-4
1593.52919 -1.69038E-4
1594.6963 -2.12738E-4
1595.8634 -7.67034E-5
1597.03051 -1.29312E-4
1598.19761 -4.3115E-5
1599.36472 -6.8377E-5
1600.53182 5.88905E-5
1601.69893 7.52563E-6
1602.86603 5.51904E-5
1604.03313 1.2259E-4
1605.20024 1.18888E-4
1606.36734 1.57125E-4
1607.53445 2.0092E-4
1608.70155 2.56995E-4
1609.86866 2.62068E-4
1611.03576 3.7396E-4
1612.20287 3.27313E-4
1613.36997 4.38531E-4
1614.53708 3.58799E-4
1615.70418 4.63743E-4
1616.87129 4.59182E-4
1618.03839 5.79267E-4
1619.2055 5.10602E-4
1620.3726 6.05954E-4
1621.5397 5.72207E-4
1622.70681 5.66721E-4
1623.87391 5.7987E-4
1625.04102 5.21872E-4
1626.20812 6.29106E-4
1627.37523 5.40992E-4
1628.54233 5.90996E-4
1629.70944 4.94117E-4
1630.87654 6.05185E-4
1632.04365 4.73188E-4
1633.21075 6.06858E-4
1634.37786 5.51215E-4
1635.54496 5.30569E-4
1636.71207 4.97077E-4
1637.87917 4.99722E-4
1639.04628 4.313E-4
1640.21338 4.19491E-4
1641.38048 4.01242E-4
1642.54759 3.38079E-4
1643.71469 3.33573E-4
1644.8818 2.40409E-4
1646.0489 2.5215E-4
1647.21601 1.14343E-4
1648.38311 1.32347E-4
1649.55022 1.29406E-5
1650.71732 4.07609E-5
1651.88443 -7.06766E-5
1653.05153 -7.38835E-5
1654.21864 -5.24463E-5
1655.38574 1.42431E-4
1656.55285 3.17946E-4
1657.71995 5.9524E-4
1658.88705 0.00117
1660.05416 0.00183
1661.22126 0.00284
1662.38837 0.00398
1663.55547 0.00542
1664.72258 0.00695
1665.88968 0.00884
1667.05679 0.01075
1668.22389 0.0131
1669.391 0.01561
1670.5581 0.01861
1671.72521 0.02194
1672.89231 0.02567
1674.05942 0.02956
1675.22652 0.03348
1676.39362 0.03733
1677.56073 0.04071
1678.72783 0.04346
1679.89494 0.0454
1681.06204 0.04636
1682.22915 0.04644
1683.39625 0.0457
1684.56336 0.04429
1685.73046 0.04272
1686.89757 0.04114
1688.06467 0.03996
1689.23178 0.0395
1690.39888 0.04044
1691.56599 0.04319
1692.73309 0.04899
1693.90019 0.05937
1695.0673 0.07706
1696.2344 0.10574
1697.40151 0.14802
1698.56861 0.20429
1699.73572 0.27135
1700.90282 0.34495
1702.06993 0.42144
1703.23703 0.49934
1704.40414 0.57802
1705.57124 0.65696
1706.73835 0.73597
1707.90545 0.81474
1709.07256 0.89222
1710.23966 0.96802
1711.40676 1.04084
1712.57387 1.11052
1713.74097 1.17643
1714.90808 1.23588
1716.07518 1.29166
1717.24229 1.33987
1718.40939 1.38093
1719.5765 1.41379
1720.7436 1.4392
1721.91071 1.45407
1723.07781 1.4594
1724.24492 1.45492
1725.41202 1.43935
1726.57913 1.41346
1727.74623 1.37646
1728.91333 1.32897
1730.08044 1.27211
1731.24754 1.20525
1732.41465 1.13173
1733.58175 1.05105
1734.74886 0.96445
1735.91596 0.87274
1737.08307 0.77346
1738.25017 0.66387
1739.41728 0.53908
1740.58438 0.40277
1741.75149 0.28265
1742.91859 0.2052
1744.0857 0.16106
1745.2528 0.13422
1746.4199 0.11551
1747.58701 0.10164
1748.75411 0.09058
1749.92122 0.08163
1751.08832 0.07406
1752.25543 0.06773
1753.42253 0.06221
1754.58964 0.0574
1755.75674 0.0533
1756.92385 0.04956
1758.09095 0.04636
1759.25806 0.04339
1760.42516 0.04086
1761.59227 0.03841
1762.75937 0.03636
1763.92648 0.03433
1765.09358 0.03258
1766.26068 0.0309
1767.42779 0.02949
1768.59489 0.02804
1769.762 0.02678
1770.9291 0.0256
1772.09621 0.02442
1773.26331 0.02346
1774.43042 0.02244
1775.59752 0.02161
1776.76463 0.02074
1777.93173 0.02
1779.09884 0.01921
1780.26594 0.01861
1781.43305 0.01794
1782.60015 0.01737
1783.76725 0.01677
1784.93436 0.01639
1786.10146 0.01594
1787.26857 0.01553
1788.43567 0.01522
1789.60278 0.01489
1790.76988 0.0147
1791.93699 0.01449
1793.10409 0.01439
1794.2712 0.01426
1795.4383 0.01428
1796.60541 0.01418
1797.77251 0.01426
1798.93962 0.01424
1800.10672 0.01432
1801.27382 0.01433
1802.44093 0.01438
1803.60803 0.01437
1804.77514 0.0144
1805.94224 0.01433
1807.10935 0.01423
1808.27645 0.01415
1809.44356 0.01397
1810.61066 0.01375
1811.77777 0.01342
1812.94487 0.01316
1814.11198 0.01271
1815.27908 0.01234
1816.44619 0.01185
1817.61329 0.01142
1818.78039 0.01078
1819.9475 0.01028
1821.1146 0.00969
1822.28171 0.00909
1823.44881 0.00855
1824.61592 0.00795
1825.78302 0.00738
1826.95013 0.00675
1828.11723 0.00623
1829.28434 0.00564
1830.45144 0.00513
1831.61855 0.00454
1832.78565 0.00402
1833.95276 0.00354
1835.11986 0.0031
1836.28696 0.0026
1837.45407 0.0022
1838.62117 0.0018
1839.78828 0.00141
1840.95538 0.00108
1842.12249 7.20119E-4
1843.28959 4.42916E-4
1844.4567 1.44424E-4
1845.6238 -1.20604E-4
1846.79091 -3.85852E-4
1847.95801 -5.68332E-4
1849.12512 -8.3313E-4
1850.29222 -9.49015E-4
1851.45933 -0.00117
1852.62643 -0.0013
1853.79353 -0.00147
1854.96064 -0.0016
1856.12774 -0.00175
1857.29485 -0.00186
1858.46195 -0.00198
1859.62906 -0.0021
1860.79616 -0.00218
1861.96327 -0.00223
1863.13037 -0.00234
1864.29748 -0.00244
1865.46458 -0.00249
1866.63169 -0.0026
1867.79879 -0.00261
1868.9659 -0.00276
1870.133 -0.00276
1871.3001 -0.00288
1872.46721 -0.00288
1873.63431 -0.003
1874.80142 -0.00302
1875.96852 -0.00308
1877.13563 -0.00307
1878.30273 -0.00315
1879.46984 -0.00317
1880.63694 -0.00324
1881.80405 -0.00326
1882.97115 -0.00326
1884.13826 -0.00334
1885.30536 -0.00327
1886.47247 -0.00336
1887.63957 -0.00334
1888.80668 -0.00341
1889.97378 -0.00337
1891.14088 -0.00343
1892.30799 -0.00339
1893.47509 -0.00342
1894.6422 -0.00341
1895.8093 -0.00343
1896.97641 -0.00344
1898.14351 -0.00347
1899.31062 -0.00346
1900.47772 -0.00337
1901.64483 -0.00347
1902.81193 -0.00339
1903.97904 -0.00342
1905.14614 -0.00337
1906.31325 -0.00334
1907.48035 -0.00322
1908.64745 -0.00322
1909.81456 -0.00299
1910.98166 -0.00287
1912.14877 -0.00262
1913.31587 -0.00235
1914.48298 -0.00212
1915.65008 -0.00182
1916.81719 -0.00152
1917.98429 -0.00124
1919.1514 -0.00103
1920.3185 -8.18886E-4
1921.48561 -6.88415E-4
1922.65271 -5.78591E-4
1923.81982 -5.72674E-4
1924.98692 -4.69712E-4
1926.15402 -4.78833E-4
1927.32113 -4.88313E-4
1928.48823 -5.36412E-4
1929.65534 -5.42576E-4
1930.82244 -6.16073E-4
1931.98955 -6.54244E-4
1933.15665 -8.09403E-4
1934.32376 -8.97686E-4
1935.49086 -9.77579E-4
1936.65797 -0.00108
1937.82507 -0.00118
1938.99218 -0.00131
1940.15928 -0.00143
1941.32639 -0.00157
1942.49349 -0.00165
1943.66059 -0.00185
1944.8277 -0.00192
1945.9948 -0.00206
1947.16191 -0.00211
1948.32901 -0.00225
1949.49612 -0.00232
1950.66322 -0.00239
1951.83033 -0.00243
1952.99743 -0.00241
1954.16454 -0.00243
1955.33164 -0.00243
1956.49875 -0.00237
1957.66585 -0.00225
1958.83296 -0.0022
1960.00006 -0.00193
1961.16716 -0.00174
1962.33427 -0.00133
1963.50137 -9.99176E-4
1964.66848 -3.64325E-4
1965.83558 1.70041E-4
1967.00269 8.63818E-4
1968.16979 0.00152
1969.3369 0.00223
1970.504 0.00285
1971.67111 0.00333
1972.83821 0.0038
1974.00532 0.00403
1975.17242 0.00425
1976.33953 0.00422
1977.50663 0.00417
1978.67373 0.00405
1979.84084 0.00383
1981.00794 0.00352
1982.17505 0.00333
1983.34215 0.00301
1984.50926 0.00274
1985.67636 0.00242
1986.84347 0.00218
1988.01057 0.00192
1989.17768 0.00164
1990.34478 0.0014
1991.51189 0.00124
1992.67899 0.00103
1993.8461 8.08756E-4
1995.0132 6.69331E-4
1996.1803 4.40047E-4
1997.34741 3.98785E-4
1998.51451 1.47714E-4
1999.68162 4.24242E-5
2000.84872 -1.05322E-4
2002.01583 -1.84523E-4
2003.18293 -3.76217E-4
2004.35004 -4.07221E-4
2005.51714 -4.78843E-4
2006.68425 -5.70289E-4
2007.85135 -5.8129E-4
2009.01846 -6.73625E-4
2010.18556 -6.33538E-4
2011.35267 -7.06162E-4
2012.51977 -6.4492E-4
2013.68688 -6.90434E-4
2014.85398 -6.08348E-4
2016.02108 -6.23905E-4
2017.18819 -4.59381E-4
2018.35529 -5.18544E-4
2019.5224 -4.12025E-4
2020.6895 -3.50754E-4
2021.85661 -2.73427E-4
2023.02371 -2.03101E-4
2024.19082 -1.52175E-4
2025.35792 -1.26038E-4
2026.52503 6.78316E-6
2027.69213 8.36209E-5
2028.85924 5.05344E-5
2030.02634 1.26847E-4
2031.19345 1.61356E-4
2032.36055 2.52849E-4
2033.52765 2.85581E-4
2034.69476 4.40544E-4
2035.86186 4.35948E-4
2037.02897 5.58085E-4
2038.19607 6.39132E-4
2039.36318 7.6413E-4
2040.53028 8.94966E-4
2041.69739 0.00104
2042.86449 0.00129
2044.0316 0.00156
2045.1987 0.00198
2046.36581 0.00234
2047.53291 0.00285
2048.70002 0.00333
2049.86712 0.004
2051.03422 0.00464
2052.20133 0.00547
2053.36843 0.0062
2054.53554 0.00695
2055.70264 0.00764
2056.86975 0.0084
2058.03685 0.00904
2059.20396 0.00965
2060.37106 0.01019
2061.53817 0.01064
2062.70527 0.01096
2063.87238 0.01118
2065.03948 0.01142
2066.20659 0.01131
2067.37369 0.01129
2068.54079 0.0111
2069.7079 0.01084
2070.875 0.01048
2072.04211 0.01014
2073.20921 0.00962
2074.37632 0.00912
2075.54342 0.00856
2076.71053 0.00804
2077.87763 0.00749
2079.04474 0.00694
2080.21184 0.00638
2081.37895 0.00586
2082.54605 0.00535
2083.71316 0.00482
2084.88026 0.00438
2086.04736 0.00394
2087.21447 0.00363
2088.38157 0.00321
2089.54868 0.00297
2090.71578 0.00261
2091.88289 0.00247
2093.04999 0.00229
2094.2171 0.00228
2095.3842 0.00229
2096.55131 0.00242
2097.71841 0.00264
2098.88552 0.00296
2100.05262 0.00347
2101.21973 0.00405
2102.38683 0.0047
2103.55393 0.00543
2104.72104 0.00621
2105.88814 0.00696
2107.05525 0.00783
2108.22235 0.0085
2109.38946 0.00928
2110.55656 0.00984
2111.72367 0.01044
2112.89077 0.01084
2114.05788 0.0112
2115.22498 0.01141
2116.39209 0.01142
2117.55919 0.01143
2118.7263 0.0113
2119.8934 0.01115
2121.0605 0.01091
2122.22761 0.01061
2123.39471 0.01024
2124.56182 0.00991
2125.72892 0.0095
2126.89603 0.00919
2128.06313 0.00889
2129.23024 0.00873
2130.39734 0.00852
2131.56445 0.0085
2132.73155 0.00837
2133.89866 0.00831
2135.06576 0.00821
2136.23287 0.00792
2137.39997 0.00752
2138.56708 0.00691
2139.73418 0.00609
2140.90128 0.00517
2142.06839 0.00446
2143.23549 0.00372
2144.4026 0.0032
2145.5697 0.00272
2146.73681 0.00246
2147.90391 0.00208
2149.07102 0.00192
2150.23812 0.00159
2151.40523 0.00142
2152.57233 0.00118
2153.73944 9.86432E-4
2154.90654 8.42073E-4
2156.07365 6.5942E-4
2157.24075 5.8937E-4
2158.40785 3.95144E-4
2159.57496 3.43108E-4
2160.74206 2.01681E-4
2161.90917 2.32857E-4
2163.07627 7.35213E-5
2164.24338 6.9495E-5
2165.41048 -2.91111E-7
2166.57759 -3.41841E-6
2167.74469 -3.11066E-5
2168.9118 -8.24038E-5
2170.0789 -8.46648E-5
2171.24601 -1.62428E-4
2172.41311 -1.45331E-4
2173.58022 -1.81833E-4
2174.74732 -1.69265E-4
2175.91442 -1.99497E-4
2177.08153 -2.22643E-4
2178.24863 -2.25262E-4
2179.41574 -2.32146E-4
2180.58284 -2.65684E-4
2181.74995 -2.10459E-4
2182.91705 -1.90823E-4
2184.08416 -2.02411E-4
2185.25126 -2.02029E-4
2186.41837 -1.96543E-4
2187.58547 -2.01414E-4
2188.75258 -1.98162E-4
2189.91968 -1.5774E-4
2191.08679 -1.72008E-4
2192.25389 -1.34149E-4
2193.42099 -1.31714E-4
2194.5881 -5.05586E-5
2195.7552 -6.12686E-5
2196.92231 -4.78021E-6
2198.08941 -3.8855E-5
2199.25652 5.09509E-5
2200.42362 -3.42088E-5
2201.59073 7.79429E-5
2202.75783 5.32627E-5
2203.92494 3.8393E-5
2205.09204 4.19043E-6
2206.25915 5.2762E-5
2207.42625 2.20136E-5
2208.59336 -3.45656E-5
2209.76046 -5.37851E-5
2210.92756 -1.10836E-4
2212.09467 -6.51871E-5
2213.26177 -1.453E-4
2214.42888 -1.50359E-4
2215.59598 -1.88818E-4
2216.76309 -1.83537E-4
2217.93019 -1.55403E-4
2219.0973 -1.80199E-4
2220.2644 -2.15813E-4
2221.43151 -1.86183E-4
2222.59861 -2.24363E-4
2223.76572 -2.4987E-4
2224.93282 -1.83236E-4
2226.09993 -2.20198E-4
2227.26703 -2.3128E-4
2228.43413 -2.08938E-4
2229.60124 -1.56073E-4
2230.76834 -2.04295E-4
2231.93545 -1.4708E-4
2233.10255 -2.17223E-4
2234.26966 -2.33647E-4
2235.43676 -2.31016E-4
2236.60387 -2.06641E-4
2237.77097 -2.12717E-4
2238.93808 -1.99757E-4
2240.10518 -1.63507E-4
2241.27229 -1.72678E-4
2242.43939 -1.77939E-4
2243.6065 -1.6808E-4
2244.7736 -1.72822E-4
2245.9407 -2.21378E-4
2247.10781 -1.98641E-4
2248.27491 -1.58407E-4
2249.44202 -1.81321E-4
2250.60912 -1.87353E-4
2251.77623 -1.42379E-4
2252.94333 -2.26115E-4
2254.11044 -1.22495E-4
2255.27754 -1.97726E-4
2256.44465 -1.49202E-4
2257.61175 -1.91876E-4
2258.77886 -1.29879E-4
2259.94596 -1.26275E-4
2261.11307 -1.56091E-4
2262.28017 -1.01832E-4
2263.44728 -1.19363E-4
2264.61438 -1.03602E-4
2265.78148 -9.29183E-5
2266.94859 -6.83566E-5
2268.11569 -8.09811E-5
2269.2828 -7.03977E-6
2270.4499 2.26794E-7
2271.61701 1.02096E-4
2272.78411 1.33098E-4
2273.95122 1.9891E-4
2275.11832 1.722E-4
2276.28543 3.29725E-4
2277.45253 3.57025E-4
2278.61964 4.61714E-4
2279.78674 6.20421E-4
2280.95385 6.37522E-4
2282.12095 7.13463E-4
2283.28805 8.94182E-4
2284.45516 0.00106
2285.62226 0.00119
2286.78937 0.00138
2287.95647 0.00158
2289.12358 0.00177
2290.29068 0.00191
2291.45779 0.00219
2292.62489 0.00239
2293.792 0.00256
2294.9591 0.00277
2296.12621 0.00295
2297.29331 0.00317
2298.46042 0.00329
2299.62752 0.00353
2300.79462 0.00366
2301.96173 0.00379
2303.12883 0.00389
2304.29594 0.00404
2305.46304 0.00423
2306.63015 0.00414
2307.79725 0.00434
2308.96436 0.00425
2310.13146 0.00446
2311.29857 0.00434
2312.46567 0.00448
2313.63278 0.00445
2314.79988 0.0045
2315.96699 0.00448
2317.13409 0.00427
2318.30119 0.00459
2319.4683 0.00414
2320.6354 0.00454
2321.80251 0.00437
2322.96961 0.0042
2324.13672 0.00459
2325.30382 0.00408
2326.47093 0.00478
2327.63803 0.00444
2328.80514 0.00396
2329.97224 0.00473
2331.13935 0.00418
2332.30645 0.00419
2333.47356 0.00478
2334.64066 0.0042
2335.80776 0.00441
2336.97487 0.00492
2338.14197 0.00478
2339.30908 0.00587
2340.47618 0.00716
2341.64329 0.00753
2342.81039 0.00731
2343.9775 0.00708
2345.1446 0.00624
2346.31171 0.00552
2347.47881 0.00546
2348.64592 0.00582
2349.81302 0.00588
2350.98013 0.00609
2352.14723 0.0064
2353.31433 0.00634
2354.48144 0.00634
2355.64854 0.00664
2356.81565 0.00681
2357.98275 0.00655
2359.14986 0.00641
2360.31696 0.00614
2361.48407 0.00619
2362.65117 0.00616
2363.81828 0.0062
2364.98538 0.0062
2366.15249 0.00611
2367.31959 0.00608
2368.4867 0.00602
2369.6538 0.0058
2370.8209 0.00576
2371.98801 0.00564
2373.15511 0.00551
2374.32222 0.00543
2375.48932 0.00527
2376.65643 0.00525
2377.82353 0.00509
2378.99064 0.00497
2380.15774 0.00479
2381.32485 0.00473
2382.49195 0.00452
2383.65906 0.00442
2384.82616 0.00426
2385.99327 0.00417
2387.16037 0.00411
2388.32748 0.00406
2389.49458 0.00392
2390.66168 0.00399
2391.82879 0.00403
2392.99589 0.00408
2394.163 0.00422
2395.3301 0.00434
2396.49721 0.00444
2397.66431 0.00469
2398.83142 0.00494
2399.99852 0.00511
2401.16563 0.00538
2402.33273 0.00564
2403.49984 0.00593
2404.66694 0.0061
2405.83405 0.00637
2407.00115 0.0066
2408.16825 0.00686
2409.33536 0.0071
2410.50246 0.00722
2411.66957 0.00734
2412.83667 0.00751
2414.00378 0.00764
2415.17088 0.00771
2416.33799 0.00774
2417.50509 0.00776
2418.6722 0.00774
2419.8393 0.00771
2421.00641 0.00774
2422.17351 0.00766
2423.34062 0.00759
2424.50772 0.00749
2425.67482 0.00737
2426.84193 0.00722
2428.00903 0.00719
2429.17614 0.007
2430.34324 0.0069
2431.51035 0.00674
2432.67745 0.00653
2433.84456 0.00639
2435.01166 0.00623
2436.17877 0.00607
2437.34587 0.00592
2438.51298 0.00575
2439.68008 0.00553
2440.84719 0.00536
2442.01429 0.0052
2443.18139 0.00513
2444.3485 0.00495
2445.5156 0.00475
2446.68271 0.00467
2447.84981 0.00449
2449.01692 0.0044
2450.18402 0.00415
2451.35113 0.00406
2452.51823 0.00393
2453.68534 0.00387
2454.85244 0.00373
2456.01955 0.0036
2457.18665 0.00354
2458.35376 0.00346
2459.52086 0.00339
2460.68796 0.00328
2461.85507 0.00323
2463.02217 0.0032
2464.18928 0.0032
2465.35638 0.00323
2466.52349 0.00333
2467.69059 0.00331
2468.8577 0.00343
2470.0248 0.00347
2471.19191 0.00355
2472.35901 0.00355
2473.52612 0.00358
2474.69322 0.00351
2475.86033 0.00346
2477.02743 0.00346
2478.19453 0.00339
2479.36164 0.0033
2480.52874 0.00317
2481.69585 0.00311
2482.86295 0.00298
2484.03006 0.00281
2485.19716 0.00276
2486.36427 0.00264
2487.53137 0.00258
2488.69848 0.00241
2489.86558 0.00236
2491.03269 0.00222
2492.19979 0.00211
2493.3669 0.0021
2494.534 0.00196
2495.7011 0.00187
2496.86821 0.0018
2498.03531 0.0017
2499.20242 0.00168
2500.36952 0.00158
2501.53663 0.00155
2502.70373 0.00146
2503.87084 0.00144
2505.03794 0.00132
2506.20505 0.00136
2507.37215 0.00121
2508.53926 0.0012
2509.70636 0.00111
2510.87347 0.0011
2512.04057 0.00108
2513.20768 0.00108
2514.37478 0.00103
2515.54188 0.00111
2516.70899 0.00103
2517.87609 0.00101
2519.0432 0.00107
2520.2103 0.00106
2521.37741 0.00111
2522.54451 0.00104
2523.71162 0.00109
2524.87872 0.00108
2526.04583 0.00108
2527.21293 0.00112
2528.38004 0.00114
2529.54714 0.00114
2530.71425 0.00114
2531.88135 0.00116
2533.04845 0.00123
2534.21556 0.00118
2535.38266 0.00127
2536.54977 0.00124
2537.71687 0.00121
2538.88398 0.00125
2540.05108 0.00125
2541.21819 0.00124
2542.38529 0.00128
2543.5524 0.00129
2544.7195 0.00129
2545.88661 0.00127
2547.05371 0.00123
2548.22082 0.0013
2549.38792 0.00124
2550.55502 0.00125
2551.72213 0.00125
2552.88923 0.00121
2554.05634 0.00121
2555.22344 0.0012
2556.39055 0.00119
2557.55765 0.00125
2558.72476 0.00118
2559.89186 0.00114
2561.05897 0.00115
2562.22607 0.00115
2563.39318 0.00122
2564.56028 0.00119
2565.72739 0.00126
2566.89449 0.0013
2568.06159 0.00131
2569.2287 0.00142
2570.3958 0.0015
2571.56291 0.00157
2572.73001 0.00169
2573.89712 0.00184
2575.06422 0.00193
2576.23133 0.00202
2577.39843 0.00222
2578.56554 0.00243
2579.73264 0.00251
2580.89975 0.00272
2582.06685 0.00287
2583.23396 0.00308
2584.40106 0.00323
2585.56816 0.00334
2586.73527 0.00346
2587.90237 0.00364
2589.06948 0.00379
2590.23658 0.00384
2591.40369 0.004
2592.57079 0.00405
2593.7379 0.004
2594.905 0.00402
2596.07211 0.00402
2597.23921 0.00401
2598.40632 0.00397
2599.57342 0.00388
2600.74053 0.00373
2601.90763 0.00373
2603.07473 0.00362
2604.24184 0.00353
2605.40894 0.00348
2606.57605 0.00338
2607.74315 0.00327
2608.91026 0.00319
2610.07736 0.00308
2611.24447 0.00305
2612.41157 0.00294
2613.57868 0.00288
2614.74578 0.0028
2615.91289 0.00275
2617.07999 0.00277
2618.2471 0.00265
2619.4142 0.00262
2620.5813 0.00257
2621.74841 0.00255
2622.91551 0.00252
2624.08262 0.00248
2625.24972 0.0024
2626.41683 0.00242
2627.58393 0.00234
2628.75104 0.00234
2629.91814 0.0022
2631.08525 0.00223
2632.25235 0.00215
2633.41946 0.00208
2634.58656 0.00196
2635.75367 0.00195
2636.92077 0.00188
2638.08788 0.00174
2639.25498 0.00175
2640.42208 0.00168
2641.58919 0.00165
2642.75629 0.00157
2643.9234 0.00151
2645.0905 0.00151
2646.25761 0.00138
2647.42471 0.00137
2648.59182 0.00129
2649.75892 0.00124
2650.92603 0.0012
2652.09313 0.00112
2653.26024 0.00111
2654.42734 0.00113
2655.59445 0.00107
2656.76155 0.00105
2657.92865 0.00106
2659.09576 0.00109
2660.26286 0.00105
2661.42997 0.00104
2662.59707 9.93848E-4
2663.76418 0.00104
2664.93128 9.043E-4
2666.09839 8.4516E-4
2667.26549 8.79446E-4
2668.4326 8.69407E-4
2669.5997 8.61145E-4
2670.76681 8.20828E-4
2671.93391 7.34682E-4
2673.10102 7.7049E-4
2674.26812 6.75606E-4
2675.43522 6.32532E-4
2676.60233 6.01042E-4
2677.76943 5.66438E-4
2678.93654 5.14941E-4
2680.10364 4.55739E-4
2681.27075 5.19313E-4
2682.43785 3.80616E-4
2683.60496 4.15612E-4
2684.77206 3.84051E-4
2685.93917 4.0497E-4
2687.10627 3.39494E-4
2688.27338 2.83372E-4
2689.44048 2.24932E-4
2690.60759 2.13253E-4
2691.77469 2.20889E-4
2692.94179 1.60526E-4
2694.1089 2.23448E-4
2695.276 1.10216E-4
2696.44311 9.65181E-5
2697.61021 7.19636E-5
2698.77732 3.61245E-5
2699.94442 -5.54091E-6
2701.11153 -2.29325E-5
2702.27863 -7.44973E-5
2703.44574 -4.84774E-5
2704.61284 -6.06066E-5
2705.77995 -1.03803E-4
2706.94705 -1.35909E-4
2708.11416 -1.29152E-4
2709.28126 -1.96926E-4
2710.44836 -1.96961E-4
2711.61547 -2.08637E-4
2712.78257 -2.31152E-4
2713.94968 -2.32957E-4
2715.11678 -2.34817E-4
2716.28389 -2.26491E-4
2717.45099 -2.58811E-4
2718.6181 -2.77251E-4
2719.7852 -2.12147E-4
2720.95231 -1.88988E-4
2722.11941 -2.56572E-4
2723.28652 -1.29447E-4
2724.45362 -1.48179E-4
2725.62073 -8.09438E-5
2726.78783 -8.80436E-5
2727.95493 -5.34207E-6
2729.12204 5.53244E-5
2730.28914 1.11917E-4
2731.45625 2.15408E-4
2732.62335 2.57801E-4
2733.79046 3.30139E-4
2734.95756 4.0629E-4
2736.12467 5.52457E-4
2737.29177 5.3378E-4
2738.45888 6.40958E-4
2739.62598 6.55214E-4
2740.79309 7.14867E-4
2741.96019 7.78289E-4
2743.1273 8.17266E-4
2744.2944 8.80628E-4
2745.4615 9.39631E-4
2746.62861 9.43746E-4
2747.79571 9.36795E-4
2748.96282 0.00102
2750.12992 9.67068E-4
2751.29703 9.82853E-4
2752.46413 9.40242E-4
2753.63124 9.36419E-4
2754.79834 9.3421E-4
2755.96545 9.33787E-4
2757.13255 8.74167E-4
2758.29966 8.20549E-4
2759.46676 7.98359E-4
2760.63387 8.15287E-4
2761.80097 8.26045E-4
2762.96808 6.92349E-4
2764.13518 6.50022E-4
2765.30228 5.74219E-4
2766.46939 6.11843E-4
2767.63649 4.62083E-4
2768.8036 4.10567E-4
2769.9707 3.39523E-4
2771.13781 3.74583E-4
2772.30491 2.10666E-4
2773.47202 2.23085E-4
2774.63912 9.09413E-5
2775.80623 6.82142E-5
2776.97333 -2.91422E-5
2778.14044 -1.16838E-4
2779.30754 -2.56747E-4
2780.47465 -2.76427E-4
2781.64175 -4.03428E-4
2782.80885 -4.66386E-4
2783.97596 -5.42532E-4
2785.14306 -6.38339E-4
2786.31017 -7.05905E-4
2787.47727 -7.81765E-4
2788.64438 -9.20407E-4
2789.81148 -9.36678E-4
2790.97859 -9.73518E-4
2792.14569 -0.00112
2793.3128 -0.00112
2794.4799 -0.00119
2795.64701 -0.00124
2796.81411 -0.00134
2797.98122 -0.00139
2799.14832 -0.0015
2800.31542 -0.00147
2801.48253 -0.00156
2802.64963 -0.00156
2803.81674 -0.00158
2804.98384 -0.00165
2806.15095 -0.00165
2807.31805 -0.00171
2808.48516 -0.00169
2809.65226 -0.00171
2810.81937 -0.0017
2811.98647 -0.00178
2813.15358 -0.00171
2814.32068 -0.00164
2815.48779 -0.00158
2816.65489 -0.00158
2817.82199 -0.00145
2818.9891 -0.0013
2820.1562 -0.00109
2821.32331 -8.69975E-4
2822.49041 -6.72727E-4
2823.65752 -3.00018E-4
2824.82462 1.95208E-5
2825.99173 3.81213E-4
2827.15883 7.29569E-4
2828.32594 0.00122
2829.49304 0.00163
2830.66015 0.00222
2831.82725 0.00287
2832.99436 0.00357
2834.16146 0.00435
2835.32856 0.00522
2836.49567 0.00625
2837.66277 0.00739
2838.82988 0.0085
2839.99698 0.00958
2841.16409 0.01065
2842.33119 0.01132
2843.4983 0.01154
2844.6654 0.01161
2845.83251 0.01137
2846.99961 0.01092
2848.16672 0.01012
2849.33382 0.00891
2850.50093 0.00735
2851.66803 0.00585
2852.83513 0.00446
2854.00224 0.00315
2855.16934 0.00216
2856.33645 0.00131
2857.50355 7.91162E-4
2858.67066 4.78853E-4
2859.83776 2.66138E-4
2861.00487 2.29436E-4
2862.17197 2.76824E-4
2863.33908 3.64932E-4
2864.50618 4.77599E-4
2865.67329 7.09518E-4
2866.84039 9.1355E-4
2868.0075 0.00122
2869.1746 0.00145
2870.3417 0.00178
2871.50881 0.00205
2872.67591 0.00239
2873.84302 0.00273
2875.01012 0.00312
2876.17723 0.00355
2877.34433 0.00385
2878.51144 0.00435
2879.67854 0.00474
2880.84565 0.00513
2882.01275 0.00556
2883.17986 0.00597
2884.34696 0.00634
2885.51407 0.00675
2886.68117 0.007
2887.84828 0.00728
2889.01538 0.00754
2890.18248 0.00779
2891.34959 0.0078
2892.51669 0.00787
2893.6838 0.00795
2894.8509 0.00787
2896.01801 0.00788
2897.18511 0.0078
2898.35222 0.00779
2899.51932 0.00775
2900.68643 0.00773
2901.85353 0.00777
2903.02064 0.0078
2904.18774 0.00778
2905.35485 0.00793
2906.52195 0.00802
2907.68905 0.00806
2908.85616 0.0081
2910.02326 0.00801
2911.19037 0.00795
2912.35747 0.00768
2913.52458 0.00752
2914.69168 0.00736
2915.85879 0.00758
2917.02589 0.00783
2918.193 0.00819
2919.3601 0.00871
2920.52721 0.00901
2921.69431 0.00948
2922.86142 0.01008
2924.02852 0.01074
2925.19562 0.01126
2926.36273 0.01189
2927.52983 0.01258
2928.69694 0.01329
2929.86404 0.01381
2931.03115 0.01454
2932.19825 0.0152
2933.36536 0.01601
2934.53246 0.01671
2935.69957 0.01748
2936.86667 0.01839
2938.03378 0.01939
2939.20088 0.02046
2940.36799 0.02179
2941.53509 0.02337
2942.70219 0.02524
2943.8693 0.02766
2945.0364 0.03068
2946.20351 0.03435
2947.37061 0.03914
2948.53772 0.04503
2949.70482 0.05201
2950.87193 0.06027
2952.03903 0.06949
2953.20614 0.07936
2954.37324 0.08915
2955.54035 0.09825
2956.70745 0.10558
2957.87456 0.11098
2959.04166 0.11359
2960.20876 0.1133
2961.37587 0.11029
2962.54297 0.10467
2963.71008 0.09725
2964.87718 0.08864
2966.04429 0.0793
2967.21139 0.07003
2968.3785 0.06123
2969.5456 0.05302
2970.71271 0.04566
2971.87981 0.0391
2973.04692 0.03358
2974.21402 0.02872
2975.38113 0.02473
2976.54823 0.02127
2977.71533 0.01858
2978.88244 0.01622
2980.04954 0.01406
2981.21665 0.01243
2982.38375 0.01099
2983.55086 0.0098
2984.71796 0.00885
2985.88507 0.00805
2987.05217 0.00753
2988.21928 0.0074
2989.38638 0.00736
2990.55349 0.00786
2991.72059 0.00865
2992.8877 0.00992
2994.0548 0.01168
2995.2219 0.01392
2996.38901 0.01658
2997.55611 0.01952
2998.72322 0.02281
2999.89032 0.02616
3001.05743 0.0297
3002.22453 0.033
3003.39164 0.03613
3004.55874 0.03897
3005.72585 0.04132
3006.89295 0.04309
3008.06006 0.04431
3009.22716 0.04481
3010.39427 0.04479
3011.56137 0.04404
3012.72848 0.04278
3013.89558 0.04105
3015.06268 0.03898
3016.22979 0.03675
3017.39689 0.03409
3018.564 0.03145
3019.7311 0.02898
3020.89821 0.02656
3022.06531 0.02443
3023.23242 0.02265
3024.39952 0.02115
3025.56663 0.02009
3026.73373 0.0194
3027.90084 0.01915
3029.06794 0.01906
3030.23505 0.01929
3031.40215 0.01961
3032.56925 0.02001
3033.73636 0.02032
3034.90346 0.02046
3036.07057 0.02055
3037.23767 0.02036
3038.40478 0.02013
3039.57188 0.01971
3040.73899 0.01924
3041.90609 0.01844
3043.0732 0.01768
3044.2403 0.01667
3045.40741 0.01562
3046.57451 0.0144
3047.74162 0.0133
3048.90872 0.01208
3050.07582 0.0109
3051.24293 0.00961
3052.41003 0.00857
3053.57714 0.00747
3054.74424 0.00657
3055.91135 0.00561
3057.07845 0.00479
3058.24556 0.00412
3059.41266 0.00345
3060.57977 0.00286
3061.74687 0.00238
3062.91398 0.00195
3064.08108 0.00157
3065.24819 0.00121
3066.41529 0.00108
3067.58239 8.57037E-4
3068.7495 5.47961E-4
3069.9166 4.21715E-4
3071.08371 3.34922E-4
3072.25081 1.91275E-4
3073.41792 1.82873E-4
3074.58502 1.206E-4
3075.75213 5.41106E-5
3076.91923 6.38953E-5
3078.08634 6.68913E-6
3079.25344 1.90269E-5
3080.42055 -1.21162E-5
3081.58765 2.76444E-5
3082.75476 3.08493E-5
3083.92186 2.89145E-5
3085.08896 1.54055E-4
3086.25607 1.47432E-4
3087.42317 1.09421E-4
3088.59028 2.03338E-4
3089.75738 2.0486E-4
3090.92449 3.36504E-4
3092.09159 3.61519E-4
3093.2587 3.85384E-4
3094.4258 5.10691E-4
3095.59291 5.80275E-4
3096.76001 5.36266E-4
3097.92712 6.48616E-4
3099.09422 6.50962E-4
3100.26133 6.44123E-4
3101.42843 8.12881E-4
3102.59553 7.34497E-4
3103.76264 7.66851E-4
3104.92974 7.06883E-4
3106.09685 7.62633E-4
3107.26395 7.26499E-4
3108.43106 7.05241E-4
3109.59816 6.38851E-4
3110.76527 6.6311E-4
3111.93237 5.58952E-4
3113.09948 5.91047E-4
3114.26658 5.01443E-4
3115.43369 4.42029E-4
3116.60079 2.74314E-4
3117.7679 2.9599E-4
3118.935 1.75596E-4
3120.1021 6.79378E-5
3121.26921 1.15377E-4
3122.43631 7.26586E-5
3123.60342 -9.75745E-6
3124.77052 -4.73219E-5
3125.93763 -1.95643E-5
3127.10473 -1.13703E-4
3128.27184 -1.28384E-4
3129.43894 -1.23035E-4
3130.60605 -4.92267E-6
3131.77315 -4.01658E-5
3132.94026 7.71896E-5
3134.10736 1.06515E-4
3135.27447 1.45907E-4
3136.44157 1.0978E-4
3137.60868 1.85164E-4
3138.77578 2.85538E-4
3139.94288 3.86753E-4
3141.10999 4.44785E-4
3142.27709 4.78684E-4
3143.4442 5.14099E-4
3144.6113 5.66654E-4
3145.77841 6.27427E-4
3146.94551 6.52484E-4
3148.11262 7.21476E-4
3149.27972 6.70534E-4
3150.44683 7.798E-4
3151.61393 7.00962E-4
3152.78104 8.17363E-4
3153.94814 7.89925E-4
3155.11525 6.94072E-4
3156.28235 7.2221E-4
3157.44945 7.46061E-4
3158.61656 7.55037E-4
3159.78366 8.58256E-4
3160.95077 7.36775E-4
3162.11787 6.99405E-4
3163.28498 6.86468E-4
3164.45208 6.63672E-4
3165.61919 6.47944E-4
3166.78629 5.78308E-4
3167.9534 6.30289E-4
3169.1205 6.04903E-4
3170.28761 6.06436E-4
3171.45471 4.94068E-4
3172.62182 5.40425E-4
3173.78892 4.62563E-4
3174.95602 4.5192E-4
3176.12313 4.27789E-4
3177.29023 4.92605E-4
3178.45734 3.96469E-4
3179.62444 4.24073E-4
3180.79155 3.45499E-4
3181.95865 3.09146E-4
3183.12576 4.17818E-4
3184.29286 3.66692E-4
3185.45997 4.32438E-4
3186.62707 3.48456E-4
3187.79418 3.62353E-4
3188.96128 2.80092E-4
3190.12839 3.33895E-4
3191.29549 2.95539E-4
3192.46259 2.90899E-4
3193.6297 2.33272E-4
3194.7968 2.81655E-4
3195.96391 3.19419E-4
3197.13101 2.46115E-4
3198.29812 2.85854E-4
3199.46522 3.2039E-4
3200.63233 2.92807E-4
3201.79943 2.2534E-4
3202.96654 3.10728E-4
3204.13364 2.26705E-4
3205.30075 3.71091E-4
3206.46785 1.9832E-4
3207.63496 2.50286E-4
3208.80206 3.0204E-4
3209.96916 2.60756E-4
3211.13627 2.51084E-4
3212.30337 2.4576E-4
3213.47048 2.84322E-4
3214.63758 2.05946E-4
3215.80469 2.53139E-4
3216.97179 2.38606E-4
3218.1389 3.14667E-4
3219.306 1.66863E-4
3220.47311 2.58254E-4
3221.64021 2.46163E-4
3222.80732 2.55744E-4
3223.97442 2.43727E-4
3225.14153 1.79693E-4
3226.30863 1.72996E-4
3227.47573 1.67207E-4
3228.64284 1.51473E-4
3229.80994 1.98989E-4
3230.97705 1.56365E-4
3232.14415 7.94127E-5
3233.31126 1.1808E-4
3234.47836 1.53686E-4
3235.64547 1.27133E-4
3236.81257 7.77964E-5
3237.97968 4.89205E-5
3239.14678 2.24479E-5
3240.31389 9.33881E-5
3241.48099 -3.46387E-5
3242.6481 5.51236E-5
3243.8152 3.95909E-5
3244.9823 2.19314E-5
3246.14941 -5.86123E-5
3247.31651 -1.00389E-5
3248.48362 -1.61518E-5
3249.65072 1.03891E-5
3250.81783 8.53011E-6
3251.98493 -1.2474E-4
3253.15204 -5.79197E-5
3254.31914 -9.32377E-5
3255.48625 -6.19347E-5
3256.65335 -2.07466E-4
3257.82046 -9.34111E-5
3258.98756 -2.06188E-4
3260.15467 -1.79295E-4
3261.32177 -2.17335E-4
3262.48888 -1.29354E-4
3263.65598 -2.81127E-4
3264.82308 -2.18106E-4
3265.99019 -2.15375E-4
3267.15729 -2.53378E-4
3268.3244 -3.51084E-4
3269.4915 -3.24568E-4
3270.65861 -2.68471E-4
3271.82571 -3.71848E-4
3272.99282 -3.61944E-4
3274.15992 -3.4728E-4
3275.32703 -2.95478E-4
3276.49413 -5.20705E-4
3277.66124 -4.13407E-4
3278.82834 -5.0574E-4
3279.99545 -4.7768E-4
3281.16255 -4.24131E-4
3282.32965 -4.50478E-4
3283.49676 -4.35172E-4
3284.66386 -5.25484E-4
3285.83097 -5.13722E-4
3286.99807 -5.81394E-4
3288.16518 -6.46708E-4
3289.33228 -6.47893E-4
3290.49939 -6.22253E-4
3291.66649 -6.13382E-4
3292.8336 -7.0338E-4
3294.0007 -6.01221E-4
3295.16781 -6.40332E-4
3296.33491 -6.70762E-4
3297.50202 -6.79002E-4
3298.66912 -7.08E-4
3299.83622 -6.31741E-4
3301.00333 -6.26874E-4
3302.17043 -6.37029E-4
3303.33754 -6.65257E-4
3304.50464 -7.22773E-4
3305.67175 -7.12302E-4
3306.83885 -7.60434E-4
3308.00596 -6.90775E-4
3309.17306 -6.90824E-4
3310.34017 -6.92697E-4
3311.50727 -8.12199E-4
3312.67438 -7.97548E-4
3313.84148 -8.23108E-4
3315.00859 -7.56824E-4
3316.17569 -9.38478E-4
3317.34279 -8.78747E-4
3318.5099 -9.51375E-4
3319.677 -9.38621E-4
3320.84411 -9.46562E-4
3322.01121 -0.001
3323.17832 -0.00101
3324.34542 -0.00105
3325.51253 -0.00104
3326.67963 -0.0011
3327.84674 -0.00112
3329.01384 -0.00118
3330.18095 -0.00112
3331.34805 -0.00126
3332.51516 -0.00111
3333.68226 -0.00129
3334.84936 -0.00129
3336.01647 -0.0014
3337.18357 -0.00138
3338.35068 -0.00142
3339.51778 -0.00147
3340.68489 -0.00151
3341.85199 -0.00155
3343.0191 -0.00156
3344.1862 -0.00157
3345.35331 -0.00155
3346.52041 -0.00156
3347.68752 -0.00156
3348.85462 -0.00161
3350.02173 -0.00154
3351.18883 -0.00167
3352.35593 -0.00156
3353.52304 -0.00167
3354.69014 -0.00164
3355.85725 -0.00178
3357.02435 -0.00167
3358.19146 -0.00171
3359.35856 -0.00175
3360.52567 -0.00177
3361.69277 -0.00179
3362.85988 -0.00186
3364.02698 -0.00188
3365.19409 -0.00179
3366.36119 -0.00187
3367.5283 -0.00187
3368.6954 -0.00197
3369.8625 -0.00196
3371.02961 -0.00197
3372.19671 -0.00184
3373.36382 -0.00194
3374.53092 -0.00179
3375.69803 -0.00184
3376.86513 -0.00184
3378.03224 -0.00181
3379.19934 -0.00177
3380.36645 -0.00168
3381.53355 -0.00154
3382.70066 -0.00136
3383.86776 -0.00132
3385.03487 -0.00118
3386.20197 -9.77601E-4
3387.36908 -6.53852E-4
3388.53618 -3.05386E-4
3389.70328 1.92066E-5
3390.87039 3.46566E-4
3392.03749 8.09999E-4
3393.2046 0.00128
3394.3717 0.00194
3395.53881 0.00264
3396.70591 0.00338
3397.87302 0.00412
3399.04012 0.00492
3400.20723 0.00577
3401.37433 0.00644
3402.54144 0.00739
3403.70854 0.00822
3404.87565 0.00895
3406.04275 0.00957
3407.20985 0.01019
3408.37696 0.01065
3409.54406 0.01111
3410.71117 0.01142
3411.87827 0.01162
3413.04538 0.01167
3414.21248 0.01187
3415.37959 0.01174
3416.54669 0.01148
3417.7138 0.01131
3418.8809 0.01108
3420.04801 0.01083
3421.21511 0.01046
3422.38222 0.0101
3423.54932 0.0096
3424.71642 0.00939
3425.88353 0.0088
3427.05063 0.00835
3428.21774 0.00784
3429.38484 0.00754
3430.55195 0.00712
3431.71905 0.00669
3432.88616 0.00623
3434.05326 0.00585
3435.22037 0.00535
3436.38747 0.00508
3437.55458 0.00468
3438.72168 0.00435
3439.88879 0.00415
3441.05589 0.00385
3442.22299 0.00355
3443.3901 0.00318
3444.5572 0.00312
3445.72431 0.00285
3446.89141 0.00266
3448.05852 0.00251
3449.22562 0.00232
3450.39273 0.00221
3451.55983 0.00209
3452.72694 0.00199
3453.89404 0.00187
3455.06115 0.00192
3456.22825 0.00169
3457.39536 0.0018
3458.56246 0.00163
3459.72956 0.00172
3460.89667 0.00159
3462.06377 0.00151
3463.23088 0.00158
3464.39798 0.0016
3465.56509 0.00157
3466.73219 0.00153
3467.8993 0.00156
3469.0664 0.00141
3470.23351 0.00155
3471.40061 0.00162
3472.56772 0.00171
3473.73482 0.00157
3474.90193 0.00174
3476.06903 0.00165
3477.23613 0.00169
3478.40324 0.00153
3479.57034 0.0014
3480.73745 0.00119
3481.90455 9.11411E-4
3483.07166 4.69667E-4
3484.23876 2.28869E-4
3485.40587 -6.12931E-5
3486.57297 -2.00109E-4
3487.74008 -3.03192E-4
3488.90718 -4.18744E-4
3490.07429 -3.99321E-4
3491.24139 -3.91835E-4
3492.4085 -3.66698E-4
3493.5756 -4.02036E-4
3494.7427 -2.38196E-4
3495.90981 -1.37373E-4
3497.07691 -6.49032E-5
3498.24402 -1.47033E-4
3499.41112 1.52272E-5
3500.57823 6.55967E-5
3501.74533 1.93037E-4
3502.91244 1.98535E-4
3504.07954 2.35535E-4
3505.24665 2.79302E-4
3506.41375 3.15503E-4
3507.58086 4.6412E-4
3508.74796 3.79246E-4
3509.91507 4.70745E-4
3511.08217 4.16153E-4
3512.24928 4.43146E-4
3513.41638 2.84352E-4
3514.58348 3.59945E-4
3515.75059 3.20632E-4
3516.91769 3.74257E-4
3518.0848 1.68008E-4
3519.2519 1.69386E-4
3520.41901 1.00612E-4
3521.58611 4.65396E-5
3522.75322 -8.36244E-5
3523.92032 -1.18507E-4
3525.08743 -1.81973E-4
3526.25453 -3.35273E-4
3527.42164 -4.27271E-4
3528.58874 -4.2956E-4
3529.75585 -5.9227E-4
3530.92295 -8.24078E-4
3532.09005 -8.04938E-4
3533.25716 -9.81124E-4
3534.42426 -0.00108
3535.59137 -0.00128
3536.75847 -0.00128
3537.92558 -0.00146
3539.09268 -0.00139
3540.25979 -0.00162
3541.42689 -0.0017
3542.594 -0.00175
3543.7611 -0.00182
3544.92821 -0.0019
3546.09531 -0.00202
3547.26242 -0.00203
3548.42952 -0.00214
3549.59662 -0.00206
3550.76373 -0.00217
3551.93083 -0.00207
3553.09794 -0.00232
3554.26504 -0.00229
3555.43215 -0.00223
3556.59925 -0.00215
3557.76636 -0.00222
3558.93346 -0.0022
3560.10057 -0.00214
3561.26767 -0.00215
3562.43478 -0.00207
3563.60188 -0.00201
3564.76899 -0.00197
3565.93609 -0.00189
3567.10319 -0.00184
3568.2703 -0.00188
3569.4374 -0.00172
3570.60451 -0.00171
3571.77161 -0.00169
3572.93872 -0.00163
3574.10582 -0.00153
3575.27293 -0.00154
3576.44003 -0.00144
3577.60714 -0.00142
3578.77424 -0.00135
3579.94135 -0.00137
3581.10845 -0.00132
3582.27556 -0.00132
3583.44266 -0.00139
3584.60976 -0.00127
3585.77687 -0.00122
3586.94397 -0.00126
3588.11108 -0.00123
3589.27818 -0.00113
3590.44529 -0.00132
3591.61239 -0.00122
3592.7795 -0.00131
3593.9466 -0.0012
3595.11371 -0.00131
3596.28081 -0.00146
3597.44792 -0.00141
3598.61502 -0.00145
3599.78213 -0.00151
3600.94923 -0.0015
3602.11633 -0.00152
3603.28344 -0.00162
3604.45054 -0.00162
3605.61765 -0.00174
3606.78475 -0.00171
3607.95186 -0.0018
3609.11896 -0.00189
3610.28607 -0.00198
3611.45317 -0.00202
3612.62028 -0.00213
3613.78738 -0.00216
3614.95449 -0.00219
3616.12159 -0.00214
3617.2887 -0.00238
3618.4558 -0.00241
3619.6229 -0.00242
3620.79001 -0.00261
3621.95711 -0.00251
3623.12422 -0.00269
3624.29132 -0.00254
3625.45843 -0.00269
3626.62553 -0.00272
3627.79264 -0.00269
3628.95974 -0.0028
3630.12685 -0.00293
3631.29395 -0.00292
3632.46106 -0.00303
3633.62816 -0.00298
3634.79527 -0.003
3635.96237 -0.00312
3637.12948 -0.00314
3638.29658 -0.00313
3639.46368 -0.00314
3640.63079 -0.00331
3641.79789 -0.00329
3642.965 -0.0033
3644.1321 -0.00329
3645.29921 -0.00347
3646.46631 -0.00337
3647.63342 -0.00331
3648.80052 -0.00348
3649.96763 -0.00335
3651.13473 -0.00347
3652.30184 -0.00345
3653.46894 -0.0034
3654.63605 -0.00345
3655.80315 -0.00342
3656.97025 -0.00346
3658.13736 -0.00339
3659.30446 -0.00347
3660.47157 -0.0035
3661.63867 -0.0033
3662.80578 -0.00332
3663.97288 -0.00329
3665.13999 -0.00331
3666.30709 -0.00321
3667.4742 -0.00332
3668.6413 -0.00328
3669.80841 -0.00321
3670.97551 -0.00319
3672.14262 -0.00319
3673.30972 -0.00321
3674.47682 -0.00304
3675.64393 -0.00308
3676.81103 -0.00302
3677.97814 -0.003
3679.14524 -0.00298
3680.31235 -0.00306
3681.47945 -0.0029
3682.64656 -0.00295
3683.81366 -0.00282
3684.98077 -0.00283
3686.14787 -0.00279
3687.31498 -0.00281
3688.48208 -0.0029
3689.64919 -0.00262
3690.81629 -0.00258
3691.98339 -0.0026
3693.1505 -0.00253
3694.3176 -0.00251
3695.48471 -0.00249
3696.65181 -0.00238
3697.81892 -0.00249
3698.98602 -0.00222
3700.15313 -0.00226
3701.32023 -0.00216
3702.48734 -0.00218
3703.65444 -0.00212
3704.82155 -0.00214
3705.98865 -0.00203
3707.15576 -0.00202
3708.32286 -0.00191
3709.48996 -0.0018
3710.65707 -0.0018
3711.82417 -0.00163
3712.99128 -0.00159
3714.15838 -0.00154
3715.32549 -0.00148
3716.49259 -0.00132
3717.6597 -0.00131
3718.8268 -0.00116
3719.99391 -0.00123
3721.16101 -0.00105
3722.32812 -0.001
3723.49522 -9.1016E-4
3724.66233 -6.95351E-4
3725.82943 -6.4216E-4
3726.99653 -7.53873E-4
3728.16364 -7.24621E-4
3729.33074 -4.99772E-4
3730.49785 -4.77333E-4
3731.66495 -3.57806E-4
3732.83206 -4.49715E-4
3733.99916 -2.05807E-4
3735.16627 -2.43823E-4
3736.33337 -2.12448E-4
3737.50048 -1.87207E-4
3738.66758 -1.95476E-4
3739.83469 -1.22998E-4
3741.00179 -1.78478E-5
3742.1689 -1.85191E-4
3743.336 -1.51497E-5
3744.5031 -1.08646E-4
3745.67021 -2.56157E-6
3746.83731 -1.19793E-4
3748.00442 3.03256E-6
3749.17152 -4.08572E-5
3750.33863 -3.50758E-5
3751.50573 1.28013E-4
3752.67284 7.68135E-6
3753.83994 3.89004E-5
3755.00705 3.71029E-6
3756.17415 2.82983E-5
3757.34126 -2.25603E-5
3758.50836 9.25338E-5
3759.67547 6.13261E-5
3760.84257 -4.88064E-5
3762.00968 4.4962E-5
3763.17678 9.38067E-5
3764.34388 1.50002E-4
3765.51099 -9.90694E-6
3766.67809 7.88874E-5
3767.8452 1.19669E-4
3769.0123 3.17291E-4
3770.17941 2.40959E-4
3771.34651 2.60087E-4
3772.51362 2.22479E-4
3773.68072 2.80189E-4
3774.84783 3.25433E-4
3776.01493 3.28734E-4
3777.18204 4.28169E-4
3778.34914 5.42572E-4
3779.51625 5.90197E-4
3780.68335 5.88985E-4
3781.85045 5.99143E-4
3783.01756 6.73041E-4
3784.18466 6.58956E-4
3785.35177 7.6188E-4
3786.51887 6.7833E-4
3787.68598 6.91457E-4
3788.85308 8.81282E-4
3790.02019 8.31295E-4
3791.18729 8.52784E-4
3792.3544 8.09078E-4
3793.5215 8.62968E-4
3794.68861 9.28843E-4
3795.85571 9.07437E-4
3797.02282 8.88409E-4
3798.18992 0.00102
3799.35702 0.00111
3800.52413 0.00108
3801.69123 0.00113
3802.85834 0.00112
3804.02544 0.00109
3805.19255 0.00107
3806.35965 0.00132
3807.52676 0.00123
3808.69386 0.00122
3809.86097 0.00134
3811.02807 0.00133
3812.19518 0.00136
3813.36228 0.00134
3814.52939 0.00141
3815.69649 0.00139
3816.86359 0.00135
3818.0307 0.00148
3819.1978 0.00162
3820.36491 0.00156
3821.53201 0.00152
3822.69912 0.00164
3823.86622 0.00163
3825.03333 0.00161
3826.20043 0.00168
3827.36754 0.0016
3828.53464 0.00164
3829.70175 0.00167
3830.86885 0.00169
3832.03596 0.00167
3833.20306 0.00169
3834.37016 0.00174
3835.53727 0.00169
3836.70437 0.00192
3837.87148 0.00171
3839.03858 0.00185
3840.20569 0.00185
3841.37279 0.00193
3842.5399 0.00198
3843.707 0.0019
3844.87411 0.00198
3846.04121 0.00218
3847.20832 0.00218
3848.37542 0.00211
3849.54253 0.00211
3850.70963 0.00219
3851.87673 0.00231
3853.04384 0.00245
3854.21094 0.00231
3855.37805 0.00245
3856.54515 0.00265
3857.71226 0.00263
3858.87936 0.0027
3860.04647 0.0028
3861.21357 0.00298
3862.38068 0.00297
3863.54778 0.00325
3864.71489 0.0032
3865.88199 0.00337
3867.0491 0.00339
3868.2162 0.00359
3869.3833 0.0036
3870.55041 0.00358
3871.71751 0.0035
3872.88462 0.00361
3874.05172 0.00353
3875.21883 0.00348
3876.38593 0.00324
3877.55304 0.00331
3878.72014 0.00333
3879.88725 0.0031
3881.05435 0.00301
3882.22146 0.00292
3883.38856 0.00281
3884.55567 0.00289
3885.72277 0.00284
3886.88988 0.00278
3888.05698 0.00256
3889.22408 0.00256
3890.39119 0.00255
3891.55829 0.00247
3892.7254 0.00237
3893.8925 0.00245
3895.05961 0.0024
3896.22671 0.0024
3897.39382 0.00229
3898.56092 0.00231
3899.72803 0.00238
3900.89513 0.00234
3902.06224 0.00232
3903.22934 0.00234
3904.39645 0.00215
3905.56355 0.00239
3906.73065 0.00224
3907.89776 0.00232
3909.06486 0.00225
3910.23197 0.00226
3911.39907 0.00234
3912.56618 0.00248
3913.73328 0.00244
3914.90039 0.0024
3916.06749 0.00271
3917.2346 0.00262
3918.4017 0.00272
3919.56881 0.00282
3920.73591 0.00282
3921.90302 0.00295
3923.07012 0.003
3924.23722 0.00297
3925.40433 0.00293
3926.57143 0.00314
3927.73854 0.00301
3928.90564 0.003
3930.07275 0.00291
3931.23985 0.00286
3932.40696 0.00278
3933.57406 0.00265
3934.74117 0.00257
3935.90827 0.00253
3937.07538 0.00259
3938.24248 0.00245
3939.40959 0.00236
3940.57669 0.00218
3941.74379 0.00212
3942.9109 0.00223
3944.078 0.00215
3945.24511 0.0023
3946.41221 0.00217
3947.57932 0.00223
3948.74642 0.00212
3949.91353 0.00217
3951.08063 0.00215
3952.24774 0.00206
3953.41484 0.00208
3954.58195 0.00207
3955.74905 0.0021
3956.91616 0.00189
3958.08326 0.00197
3959.25036 0.00201
3960.41747 0.00186
3961.58457 0.0018
3962.75168 0.00186
3963.91878 0.0016
3965.08589 0.00154
3966.25299 0.00163
3967.4201 0.00151
3968.5872 0.00148
3969.75431 0.0014
3970.92141 0.00129
3972.08852 0.0013
3973.25562 0.00119
3974.42273 0.00126
3975.58983 0.00129
3976.75693 0.00117
3977.92404 0.00115
3979.09114 0.00101
3980.25825 7.89304E-4
3981.42535 8.83144E-4
3982.59246 9.97445E-4
3983.75956 9.17741E-4
3984.92667 8.21586E-4
3986.09377 9.84426E-4
3987.26088 8.5062E-4
3988.42798 6.99778E-4
3989.59509 6.77743E-4
3990.76219 6.73E-4
3991.9293 4.29537E-4
3993.0964 3.90401E-4
3994.2635 3.50637E-4
3995.43061 2.80672E-4
3996.59771 6.60228E-5
3997.76482 1.87067E-5
3998.93192 -4.01868E-6
4000.09903 0.06725
