499.95211 0.00517
501.11922 0.00309
502.28632 0.00481
503.45343 -0.00257
504.62053 0.00151
505.78764 0.0027
506.95474 0.00693
508.12185 0.00707
509.28895 4.46906E-4
510.45606 -0.00117
511.62316 5.5414E-4
512.79027 0.00265
513.95737 -5.05151E-4
515.12448 0.00204
516.29158 0.00131
517.45868 0.00399
518.62579 0.00517
519.79289 0.00498
520.96 -7.12183E-4
522.1271 -1.4869E-4
523.29421 0.00143
524.46131 0.00413
525.62842 0.00344
526.79552 0.00443
527.96263 0.00185
529.12973 0.00222
530.29684 0.00538
531.46394 6.66286E-4
532.63105 0.00511
533.79815 2.17889E-5
534.96525 -0.00291
536.13236 -7.76473E-4
537.29946 0.00191
538.46657 -0.00187
539.63367 0.00218
540.80078 -0.00288
541.96788 -0.00104
543.13499 3.70265E-4
544.30209 0.00689
545.4692 0.00694
546.6363 -0.00358
547.80341 -0.00341
548.97051 0.01136
550.13762 0.00826
551.30472 6.44684E-5
552.47182 0.00168
553.63893 9.42938E-4
554.80603 0.00595
555.97314 0.00189
557.14024 0.00402
558.30735 0.0076
559.47445 -0.00231
560.64156 0.00498
561.80866 0.00187
562.97577 0.00227
564.14287 -1.50052E-4
565.30998 0.00306
566.47708 0.00106
567.64419 8.79422E-4
568.81129 0.00332
569.97839 -0.00111
571.1455 0.00142
572.3126 7.52491E-4
573.47971 0.00142
574.64681 8.41035E-4
575.81392 8.26578E-4
576.98102 1.007E-4
578.14813 -5.79669E-4
579.31523 -0.00235
580.48234 8.32411E-5
581.64944 2.67584E-4
582.81655 2.92644E-4
583.98365 -2.87292E-4
585.15076 -0.00184
586.31786 -8.13419E-5
587.48496 -7.85506E-4
588.65207 3.15988E-4
589.81917 4.61407E-4
590.98628 -6.58174E-4
592.15338 6.54038E-4
593.32049 2.95862E-4
594.48759 1.2537E-5
595.6547 7.49371E-4
596.8218 7.78404E-4
597.98891 2.57495E-4
599.15601 6.05722E-4
600.32312 -6.42564E-5
601.49022 -2.9009E-4
602.65733 -2.13598E-4
603.82443 8.34766E-5
604.99153 -6.69876E-4
606.15864 5.18518E-5
607.32574 4.49363E-4
608.49285 -6.38746E-4
609.65995 3.47084E-4
610.82706 2.9165E-4
611.99416 7.17597E-4
613.16127 4.48307E-4
614.32837 3.06344E-5
615.49548 -3.79461E-4
616.66258 9.43103E-5
617.82969 -1.08684E-5
618.99679 1.04458E-4
620.1639 2.99695E-4
621.331 3.07797E-4
622.4981 4.69687E-4
623.66521 5.63483E-4
624.83231 2.79242E-4
625.99942 4.95122E-4
627.16652 -2.07082E-4
628.33363 -1.62087E-4
629.50073 -1.32118E-4
630.66784 -4.49648E-4
631.83494 -2.50521E-4
633.00205 -9.71283E-4
634.16915 -5.2413E-4
635.33626 -5.65059E-4
636.50336 -1.54009E-4
637.67047 -4.19733E-4
638.83757 -1.30393E-4
640.00468 -6.12153E-5
641.17178 -1.72928E-4
642.33888 3.26215E-4
643.50599 4.99415E-4
644.67309 2.88121E-4
645.8402 3.72394E-4
647.0073 1.69389E-4
648.17441 9.88064E-5
649.34151 1.60464E-4
650.50862 6.25849E-5
651.67572 -3.52459E-4
652.84283 2.21992E-4
654.00993 3.406E-4
655.17704 1.50197E-4
656.34414 3.69178E-4
657.51125 2.30597E-4
658.67835 4.35656E-4
659.84545 2.21143E-4
661.01256 3.14046E-4
662.17966 5.23944E-4
663.34677 4.20604E-4
664.51387 6.60792E-4
665.68098 5.51808E-4
666.84808 6.89128E-5
668.01519 -0.00114
669.18229 -1.76417E-4
670.3494 2.87415E-4
671.5165 6.13526E-4
672.68361 6.88462E-4
673.85071 6.97114E-4
675.01782 6.08321E-4
676.18492 5.81136E-4
677.35202 6.75816E-4
678.51913 6.18278E-4
679.68623 9.57442E-4
680.85334 8.56065E-4
682.02044 7.65615E-4
683.18755 0.0012
684.35465 9.52213E-4
685.52176 0.00113
686.68886 0.00127
687.85597 0.00133
689.02307 0.00103
690.19018 9.92266E-4
691.35728 0.00121
692.52439 0.00137
693.69149 0.00133
694.85859 0.00136
696.0257 0.00144
697.1928 0.00139
698.35991 0.0017
699.52701 0.00129
700.69412 0.00148
701.86122 0.0014
703.02833 0.00125
704.19543 0.00157
705.36254 0.00135
706.52964 0.00141
707.69675 0.00144
708.86385 0.00157
710.03096 0.00125
711.19806 0.00138
712.36516 0.00127
713.53227 0.00146
714.69937 0.00118
715.86648 0.00126
717.03358 0.00104
718.20069 0.00109
719.36779 0.00102
720.5349 8.56025E-4
721.702 9.5141E-4
722.86911 7.42125E-4
724.03621 7.65886E-4
725.20332 8.85095E-4
726.37042 7.18486E-4
727.53753 6.58094E-4
728.70463 5.85334E-4
729.87173 6.77753E-4
731.03884 7.83335E-4
732.20594 5.05381E-4
733.37305 6.03796E-4
734.54015 5.00098E-4
735.70726 4.04478E-4
736.87436 3.53876E-4
738.04147 2.43846E-4
739.20857 4.5501E-7
740.37568 -5.41613E-5
741.54278 -1.9518E-4
742.70989 -2.18908E-4
743.87699 -4.24788E-4
745.0441 -4.86545E-4
746.2112 -7.50646E-4
747.3783 -8.41532E-4
748.54541 -9.28917E-4
749.71251 -0.00105
750.87962 -9.76383E-4
752.04672 -0.001
753.21383 -0.00115
754.38093 -0.00141
755.54804 -0.00155
756.71514 -0.00196
757.88225 -0.00235
759.04935 -0.00281
760.21646 -0.0027
761.38356 -0.00223
762.55067 -0.00202
763.71777 0.00185
764.88488 0.02949
766.05198 0.08681
767.21908 0.12278
768.38619 0.13192
769.55329 0.12646
770.7204 0.11431
771.8875 0.09748
773.05461 0.07718
774.22171 0.0531
775.38882 0.03012
776.55592 0.01575
777.72303 0.00983
778.89013 0.00727
780.05724 0.00582
781.22434 0.00488
782.39145 0.00394
783.55855 0.00335
784.72565 0.00305
785.89276 0.00276
787.05986 0.00216
788.22697 0.00199
789.39407 0.00179
790.56118 0.00154
791.72828 0.0014
792.89539 0.00128
794.06249 0.00111
795.2296 0.00107
796.3967 8.88897E-4
797.56381 8.51903E-4
798.73091 8.46207E-4
799.89802 7.01133E-4
801.06512 4.96662E-4
802.23222 4.006E-4
803.39933 5.55243E-4
804.56643 4.19165E-4
805.73354 3.91339E-4
806.90064 1.44944E-4
808.06775 1.77378E-4
809.23485 -4.47144E-5
810.40196 2.87134E-5
811.56906 1.02687E-5
812.73617 9.0767E-5
813.90327 -2.29487E-4
815.07038 -2.19641E-4
816.23748 6.98446E-6
817.40459 -3.44138E-5
818.57169 -1.63799E-4
819.73879 -4.04208E-4
820.9059 -1.52094E-4
822.073 -5.1335E-4
823.24011 -3.96775E-4
824.40721 -5.32489E-4
825.57432 -4.09418E-4
826.74142 -3.7698E-4
827.90853 -3.35846E-4
829.07563 -4.17565E-4
830.24274 -3.76564E-4
831.40984 -4.6286E-4
832.57695 -3.87209E-4
833.74405 -3.21926E-4
834.91116 -3.13016E-4
836.07826 -2.30219E-4
837.24536 -2.60454E-4
838.41247 -6.16949E-5
839.57957 -1.1259E-4
840.74668 1.03536E-4
841.91378 1.77664E-4
843.08089 2.59096E-4
844.24799 1.63979E-4
845.4151 1.93346E-4
846.5822 1.11115E-4
847.74931 3.69595E-4
848.91641 4.7139E-4
850.08352 6.63264E-4
851.25062 6.84701E-4
852.41773 5.75857E-4
853.58483 7.1947E-4
854.75193 8.75777E-4
855.91904 8.9367E-4
857.08614 8.37405E-4
858.25325 9.41948E-4
859.42035 0.00101
860.58746 0.00119
861.75456 0.00104
862.92167 0.00109
864.08877 0.00112
865.25588 0.00125
866.42298 0.00127
867.59009 0.00123
868.75719 0.00112
869.9243 0.00113
871.0914 0.00111
872.2585 0.00107
873.42561 0.00102
874.59271 7.74981E-4
875.75982 6.78081E-4
876.92692 5.08434E-4
878.09403 5.38486E-4
879.26113 1.48709E-4
880.42824 3.92831E-5
881.59534 -3.07671E-4
882.76245 -2.80463E-4
883.92955 -5.71074E-4
885.09666 -6.21289E-4
886.26376 -6.97708E-4
887.43087 -7.93427E-4
888.59797 -8.63922E-4
889.76508 -7.00354E-4
890.93218 6.52719E-6
892.09928 5.14424E-4
893.26639 0.00167
894.43349 0.00373
895.6006 0.0076
896.7677 0.01364
897.93481 0.02337
899.10191 0.03809
900.26902 0.05838
901.43612 0.08373
902.60323 0.11271
903.77033 0.14271
904.93744 0.17086
906.10454 0.19511
907.27165 0.21358
908.43875 0.2262
909.60585 0.23258
910.77296 0.23343
911.94006 0.229
913.10717 0.22061
914.27427 0.20826
915.44138 0.19328
916.60848 0.17556
917.77559 0.15624
918.94269 0.13558
920.1098 0.1144
921.2769 0.09339
922.44401 0.07387
923.61111 0.05656
924.77822 0.04238
925.94532 0.03133
927.11242 0.02283
928.27953 0.01705
929.44663 0.01282
930.61374 0.00993
931.78084 0.0079
932.94795 0.00653
934.11505 0.0053
935.28216 0.00457
936.44926 0.00385
937.61637 0.00329
938.78347 0.00272
939.95058 0.00234
941.11768 0.00189
942.28479 0.00162
943.45189 0.00131
944.61899 0.00104
945.7861 7.42163E-4
946.9532 4.8775E-4
948.12031 3.4017E-4
949.28741 9.12072E-5
950.45452 4.61346E-6
951.62162 -1.48873E-4
952.78873 -1.60338E-4
953.95583 -4.0164E-4
955.12294 -3.1928E-4
956.29004 -4.32827E-4
957.45715 -3.8069E-4
958.62425 -4.3571E-4
959.79136 -3.5406E-4
960.95846 -3.91507E-4
962.12556 -3.61992E-4
963.29267 -2.77934E-4
964.45977 -2.3029E-4
965.62688 -1.28796E-4
966.79398 -2.1826E-4
967.96109 -7.64574E-5
969.12819 -8.80839E-5
970.2953 5.631E-5
971.4624 5.21278E-5
972.62951 1.51337E-4
973.79661 6.1332E-5
974.96372 1.68608E-4
976.13082 1.28777E-4
977.29793 1.86396E-4
978.46503 9.53685E-5
979.63213 1.35839E-4
980.79924 1.35506E-4
981.96634 6.60731E-5
983.13345 9.34634E-5
984.30055 1.93491E-5
985.46766 5.59959E-5
986.63476 -2.60722E-5
987.80187 7.63201E-5
988.96897 -9.07297E-5
990.13608 4.86287E-5
991.30318 -5.88208E-5
992.47029 2.50474E-5
993.63739 -1.09976E-4
994.8045 1.69294E-6
995.9716 -4.7998E-5
997.1387 -9.0857E-5
998.30581 -3.07228E-5
999.47291 -1.29979E-6
1000.64002 9.47551E-5
1001.80712 1.46361E-4
1002.97423 2.51865E-4
1004.14133 2.79367E-4
1005.30844 4.40426E-4
1006.47554 4.50581E-4
1007.64265 7.42783E-4
1008.80975 7.50232E-4
1009.97686 9.76169E-4
1011.14396 9.90874E-4
1012.31107 0.00116
1013.47817 0.00132
1014.64528 0.00154
1015.81238 0.00192
1016.97948 0.00245
1018.14659 0.00313
1019.31369 0.00382
1020.4808 0.00489
1021.6479 0.00597
1022.81501 0.0073
1023.98211 0.00856
1025.14922 0.0099
1026.31632 0.01109
1027.48343 0.01235
1028.65053 0.01325
1029.81764 0.01417
1030.98474 0.01455
1032.15185 0.01503
1033.31895 0.01509
1034.48605 0.015
1035.65316 0.01481
1036.82026 0.01449
1037.98737 0.01403
1039.15447 0.01351
1040.32158 0.01293
1041.48868 0.01216
1042.65579 0.01153
1043.82289 0.01068
1044.99 0.00995
1046.1571 0.00903
1047.32421 0.00839
1048.49131 0.00779
1049.65842 0.00731
1050.82552 0.00673
1051.99262 0.00635
1053.15973 0.006
1054.32683 0.00578
1055.49394 0.00566
1056.66104 0.00535
1057.82815 0.00535
1058.99525 0.00525
1060.16236 0.00534
1061.32946 0.00515
1062.49657 0.00527
1063.66367 0.00511
1064.83078 0.00523
1065.99788 0.00523
1067.16499 0.00537
1068.33209 0.00523
1069.49919 0.00533
1070.6663 0.00537
1071.8334 0.00532
1073.00051 0.00543
1074.16761 0.0054
1075.33472 0.00536
1076.50182 0.00534
1077.66893 0.00537
1078.83603 0.00536
1080.00314 0.00533
1081.17024 0.00511
1082.33735 0.0054
1083.50445 0.00514
1084.67156 0.00521
1085.83866 0.00501
1087.00576 0.00523
1088.17287 0.00511
1089.33997 0.00489
1090.50708 0.00495
1091.67418 0.0049
1092.84129 0.00487
1094.00839 0.00471
1095.1755 0.00488
1096.3426 0.00463
1097.50971 0.0046
1098.67681 0.00451
1099.84392 0.00451
1101.01102 0.00441
1102.17813 0.00443
1103.34523 0.00432
1104.51233 0.00409
1105.67944 0.00406
1106.84654 0.00391
1108.01365 0.00365
1109.18075 0.00332
1110.34786 0.00327
1111.51496 0.00296
1112.68207 0.0024
1113.84917 0.00176
1115.01628 0.00153
1116.18338 9.46205E-4
1117.35049 6.65183E-4
1118.51759 1.72772E-4
1119.6847 6.27414E-5
1120.8518 -5.10485E-4
1122.0189 -7.25996E-4
1123.18601 -0.00108
1124.35311 -0.00153
1125.52022 -0.00198
1126.68732 -0.00248
1127.85443 -0.00269
1129.02153 -0.00295
1130.18864 -0.00297
1131.35574 -0.00309
1132.52285 -0.00256
1133.68995 -0.00207
1134.85706 -6.80815E-4
1136.02416 0.00102
1137.19127 0.00372
1138.35837 0.0078
1139.52548 0.01416
1140.69258 0.02311
1141.85968 0.0366
1143.02679 0.05631
1144.19389 0.0849
1145.361 0.12375
1146.5281 0.17247
1147.69521 0.22866
1148.86231 0.28661
1150.02942 0.34174
1151.19652 0.39112
1152.36363 0.43329
1153.53073 0.46845
1154.69784 0.49753
1155.86494 0.52254
1157.03205 0.54491
1158.19915 0.56483
1159.36625 0.58377
1160.53336 0.60188
1161.70046 0.61791
1162.86757 0.63059
1164.03467 0.63947
1165.20178 0.64232
1166.36888 0.63931
1167.53599 0.62956
1168.70309 0.61198
1169.8702 0.58753
1171.0373 0.55542
1172.20441 0.51759
1173.37151 0.47249
1174.53862 0.42147
1175.70572 0.36408
1176.87282 0.30161
1178.03993 0.23404
1179.20703 0.16647
1180.37414 0.1071
1181.54124 0.06386
1182.70835 0.03673
1183.87545 0.02109
1185.04256 0.01187
1186.20966 0.00618
1187.37677 0.00272
1188.54387 5.47573E-4
1189.71098 -1.91547E-5
1190.87808 6.7484E-4
1192.04519 0.00385
1193.21229 0.01072
1194.37939 0.02422
1195.5465 0.04798
1196.7136 0.0873
1197.88071 0.14574
1199.04781 0.2248
1200.21492 0.32061
1201.38202 0.42492
1202.54913 0.529
1203.71623 0.6246
1204.88334 0.70756
1206.05044 0.77558
1207.21755 0.82854
1208.38465 0.86594
1209.55176 0.89029
1210.71886 0.90172
1211.88596 0.90354
1213.05307 0.89593
1214.22017 0.88114
1215.38728 0.86041
1216.55438 0.8352
1217.72149 0.80772
1218.88859 0.77886
1220.0557 0.74897
1221.2228 0.71938
1222.38991 0.69057
1223.55701 0.6619
1224.72412 0.63412
1225.89122 0.60623
1227.05833 0.57842
1228.22543 0.55014
1229.39253 0.52096
1230.55964 0.49072
1231.72674 0.45939
1232.89385 0.42633
1234.06095 0.39181
1235.22806 0.35591
1236.39516 0.31874
1237.56227 0.28156
1238.72937 0.2454
1239.89648 0.21176
1241.06358 0.18182
1242.23069 0.15623
1243.39779 0.1348
1244.5649 0.11716
1245.732 0.10244
1246.8991 0.09047
1248.06621 0.08029
1249.23331 0.07188
1250.40042 0.06458
1251.56752 0.05846
1252.73463 0.05307
1253.90173 0.04848
1255.06884 0.04438
1256.23594 0.04079
1257.40305 0.0376
1258.57015 0.0347
1259.73726 0.03209
1260.90436 0.0297
1262.07147 0.02764
1263.23857 0.02555
1264.40568 0.02377
1265.57278 0.02197
1266.73988 0.0205
1267.90699 0.01891
1269.07409 0.01759
1270.2412 0.01621
1271.4083 0.01503
1272.57541 0.01389
1273.74251 0.01278
1274.90962 0.01181
1276.07672 0.01078
1277.24383 0.00991
1278.41093 0.00899
1279.57804 0.00823
1280.74514 0.00744
1281.91225 0.00677
1283.07935 0.00601
1284.24645 0.00549
1285.41356 0.00479
1286.58066 0.00437
1287.74777 0.00371
1288.91487 0.00326
1290.08198 0.00279
1291.24908 0.00232
1292.41619 0.00195
1293.58329 0.00156
1294.7504 0.00123
1295.9175 8.54402E-4
1297.08461 6.2805E-4
1298.25171 2.92899E-4
1299.41882 1.27056E-4
1300.58592 -1.78504E-4
1301.75302 -2.57017E-4
1302.92013 -5.57387E-4
1304.08723 -6.23565E-4
1305.25434 -8.23427E-4
1306.42144 -9.26679E-4
1307.58855 -0.00108
1308.75565 -0.00118
1309.92276 -0.00129
1311.08986 -0.00136
1312.25697 -0.00138
1313.42407 -0.00152
1314.59118 -0.00151
1315.75828 -0.00162
1316.92539 -0.00157
1318.09249 -0.00167
1319.25959 -0.00159
1320.4267 -0.00169
1321.5938 -0.00161
1322.76091 -0.00164
1323.92801 -0.00155
1325.09512 -0.00164
1326.26222 -0.00153
1327.42933 -0.00156
1328.59643 -0.0015
1329.76354 -0.00142
1330.93064 -0.00145
1332.09775 -0.00139
1333.26485 -0.00141
1334.43196 -0.00142
1335.59906 -0.00142
1336.76616 -0.00119
1337.93327 -0.00113
1339.10037 -9.96697E-4
1340.26748 -9.22392E-4
1341.43458 -7.14121E-4
1342.60169 -6.37719E-4
1343.76879 -4.54955E-4
1344.9359 -3.55791E-4
1346.103 -2.09885E-4
1347.27011 -6.49394E-5
1348.43721 -3.53705E-5
1349.60432 -2.37707E-5
1350.77142 -4.71005E-5
1351.93853 -4.97601E-5
1353.10563 -1.64311E-4
1354.27273 -1.35059E-4
1355.43984 -1.83049E-4
1356.60694 1.6714E-5
1357.77405 1.12622E-4
1358.94115 5.06406E-4
1360.10826 9.69767E-4
1361.27536 0.00178
1362.44247 0.00282
1363.60957 0.00426
1364.77668 0.00606
1365.94378 0.00827
1367.11089 0.01083
1368.27799 0.01369
1369.4451 0.01694
1370.6122 0.02013
1371.7793 0.02369
1372.94641 0.02699
1374.11351 0.03031
1375.28062 0.03328
1376.44772 0.03606
1377.61483 0.03836
1378.78193 0.04045
1379.94904 0.04196
1381.11614 0.04321
1382.28325 0.04394
1383.45035 0.04436
1384.61746 0.04453
1385.78456 0.04439
1386.95167 0.04406
1388.11877 0.0434
1389.28588 0.0426
1390.45298 0.04137
1391.62008 0.04007
1392.78719 0.0383
1393.95429 0.03629
1395.1214 0.03404
1396.2885 0.03172
1397.45561 0.02907
1398.62271 0.02641
1399.78982 0.02358
1400.95692 0.02079
1402.12403 0.01788
1403.29113 0.01511
1404.45824 0.01249
1405.62534 0.01005
1406.79245 0.00792
1407.95955 0.00602
1409.12665 0.00443
1410.29376 0.00293
1411.46086 0.0019
1412.62797 0.00101
1413.79507 4.79985E-4
1414.96218 8.23777E-6
1416.12928 1.28475E-4
1417.29639 7.6868E-4
1418.46349 0.00243
1419.6306 0.00556
1420.7977 0.0105
1421.96481 0.01746
1423.13191 0.02632
1424.29902 0.03729
1425.46612 0.04991
1426.63322 0.06428
1427.80033 0.07972
1428.96743 0.09602
1430.13454 0.1118
1431.30164 0.1263
1432.46875 0.13774
1433.63585 0.14504
1434.80296 0.14704
1435.97006 0.14343
1437.13717 0.13475
1438.30427 0.12284
1439.47138 0.11011
1440.63848 0.09992
1441.80559 0.09511
1442.97269 0.09661
1444.13979 0.10317
1445.3069 0.11171
1446.474 0.12
1447.64111 0.12621
1448.80821 0.13024
1449.97532 0.13184
1451.14242 0.13174
1452.30953 0.13012
1453.47663 0.12773
1454.64374 0.12474
1455.81084 0.12153
1456.97795 0.11825
1458.14505 0.1148
1459.31216 0.11111
1460.47926 0.10696
1461.64636 0.10247
1462.81347 0.09735
1463.98057 0.09193
1465.14768 0.08605
1466.31478 0.08004
1467.48189 0.07366
1468.64899 0.06733
1469.8161 0.06093
1470.9832 0.05478
1472.15031 0.04868
1473.31741 0.04298
1474.48452 0.03767
1475.65162 0.03283
1476.81873 0.02854
1477.98583 0.02471
1479.15293 0.02151
1480.32004 0.01857
1481.48714 0.01628
1482.65425 0.01419
1483.82135 0.01258
1484.98846 0.01108
1486.15556 0.00999
1487.32267 0.00888
1488.48977 0.00808
1489.65688 0.00729
1490.82398 0.00679
1491.99109 0.00624
1493.15819 0.00585
1494.3253 0.00548
1495.4924 0.00513
1496.6595 0.00488
1497.82661 0.00461
1498.99371 0.00445
1500.16082 0.0042
1501.32792 0.00408
1502.49503 0.00383
1503.66213 0.00373
1504.82924 0.00344
1505.99634 0.0034
1507.16345 0.00316
1508.33055 0.00309
1509.49766 0.00289
1510.66476 0.00278
1511.83187 0.00263
1512.99897 0.00249
1514.16608 0.00245
1515.33318 0.0023
1516.50028 0.00219
1517.66739 0.00207
1518.83449 0.00196
1520.0016 0.0017
1521.1687 0.00152
1522.33581 0.00109
1523.50291 7.73732E-4
1524.67002 3.68891E-4
1525.83712 1.81272E-4
1527.00423 -8.86176E-5
1528.17133 -2.14764E-4
1529.33844 -1.61472E-4
1530.50554 6.58784E-5
1531.67265 3.24737E-4
1532.83975 3.90233E-4
1534.00685 4.37984E-4
1535.17396 3.53607E-4
1536.34106 3.34097E-4
1537.50817 1.76398E-4
1538.67527 1.36144E-4
1539.84238 2.33561E-5
1541.00948 8.45142E-5
1542.17659 3.22422E-5
1543.34369 3.96714E-5
1544.5108 -5.36885E-5
1545.6779 -1.51418E-4
1546.84501 -3.54001E-4
1548.01211 -5.984E-4
1549.17922 -9.03603E-4
1550.34632 -0.00119
1551.51342 -0.00133
1552.68053 -0.00137
1553.84763 -0.00106
1555.01474 -7.28798E-4
1556.18184 -4.5356E-4
1557.34895 -2.94885E-4
1558.51605 -1.54956E-4
1559.68316 -1.65453E-4
1560.85026 -1.89855E-5
1562.01737 1.13996E-5
1563.18447 9.98519E-5
1564.35158 1.00546E-4
1565.51868 1.43461E-4
1566.68579 1.05145E-4
1567.85289 1.27004E-4
1569.01999 1.20778E-4
1570.1871 1.47372E-4
1571.3542 1.85942E-4
1572.52131 1.02843E-4
1573.68841 1.2326E-4
1574.85552 6.52099E-5
1576.02262 1.44124E-4
1577.18973 6.34561E-5
1578.35683 6.56232E-5
1579.52394 -1.92501E-5
1580.69104 4.63853E-5
1581.85815 -3.30068E-5
1583.02525 -1.28282E-5
1584.19236 -2.66164E-5
1585.35946 -7.40239E-5
1586.52656 -7.86127E-5
1587.69367 -1.0834E-4
1588.86077 -1.2054E-4
1590.02788 -1.70052E-4
1591.19498 -1.35883E-4
1592.36209 -2.03946E-4
1593.52919 -1.10446E-4
1594.6963 -1.63222E-4
1595.8634 -6.70709E-5
1597.03051 -1.32817E-4
1598.19761 -4.8638E-5
1599.36472 -9.45628E-5
1600.53182 3.9981E-5
1601.69893 -1.25279E-5
1602.86603 -1.64643E-5
1604.03313 4.44932E-5
1605.20024 7.26682E-5
1606.36734 9.13281E-5
1607.53445 1.15169E-4
1608.70155 2.10768E-4
1609.86866 1.76569E-4
1611.03576 3.14507E-4
1612.20287 2.37838E-4
1613.36997 3.65213E-4
1614.53708 2.65545E-4
1615.70418 3.92616E-4
1616.87129 3.24973E-4
1618.03839 4.68122E-4
1619.2055 4.17125E-4
1620.3726 4.95201E-4
1621.5397 4.32844E-4
1622.70681 4.51592E-4
1623.87391 4.87782E-4
1625.04102 4.23069E-4
1626.20812 4.75305E-4
1627.37523 3.97431E-4
1628.54233 5.10821E-4
1629.70944 3.75421E-4
1630.87654 4.598E-4
1632.04365 3.41043E-4
1633.21075 4.54464E-4
1634.37786 3.44492E-4
1635.54496 3.69459E-4
1636.71207 3.69622E-4
1637.87917 3.60939E-4
1639.04628 3.1038E-4
1640.21338 3.19738E-4
1641.38048 3.11939E-4
1642.54759 2.84027E-4
1643.71469 2.83619E-4
1644.8818 1.50298E-4
1646.0489 2.12234E-4
1647.21601 6.23419E-5
1648.38311 1.56613E-4
1649.55022 8.41119E-6
1650.71732 6.43494E-5
1651.88443 -8.04532E-5
1653.05153 -7.76922E-6
1654.21864 3.36174E-5
1655.38574 2.48265E-4
1656.55285 3.69373E-4
1657.71995 6.7947E-4
1658.88705 0.0012
1660.05416 0.00194
1661.22126 0.00295
1662.38837 0.0041
1663.55547 0.0056
1664.72258 0.0072
1665.88968 0.00912
1667.05679 0.01111
1668.22389 0.01353
1669.391 0.01615
1670.5581 0.01929
1671.72521 0.02276
1672.89231 0.02668
1674.05942 0.03082
1675.22652 0.03495
1676.39362 0.03896
1677.56073 0.0425
1678.72783 0.04528
1679.89494 0.04712
1681.06204 0.04794
1682.22915 0.04769
1683.39625 0.04665
1684.56336 0.04484
1685.73046 0.04294
1686.89757 0.04096
1688.06467 0.0396
1689.23178 0.03898
1690.39888 0.03984
1691.56599 0.04251
1692.73309 0.04825
1693.90019 0.05842
1695.0673 0.0759
1696.2344 0.10439
1697.40151 0.14721
1698.56861 0.2054
1699.73572 0.27599
1700.90282 0.3539
1702.06993 0.43474
1703.23703 0.51644
1704.40414 0.59848
1705.57124 0.68027
1706.73835 0.76116
1707.90545 0.84147
1709.07256 0.91987
1710.23966 0.99614
1711.40676 1.06906
1712.57387 1.13817
1713.74097 1.20283
1714.90808 1.26198
1716.07518 1.31521
1717.24229 1.36148
1718.40939 1.39987
1719.5765 1.43067
1720.7436 1.45197
1721.91071 1.46426
1723.07781 1.46589
1724.24492 1.45756
1725.41202 1.43657
1726.57913 1.40562
1727.74623 1.3632
1728.91333 1.31092
1730.08044 1.24848
1731.24754 1.17815
1732.41465 1.10081
1733.58175 1.01695
1734.74886 0.92854
1735.91596 0.83507
1737.08307 0.73448
1738.25017 0.62352
1739.41728 0.49673
1740.58438 0.36107
1741.75149 0.25086
1742.91859 0.18635
1744.0857 0.15067
1745.2528 0.12822
1746.4199 0.11186
1747.58701 0.09923
1748.75411 0.0889
1749.92122 0.08043
1751.08832 0.07318
1752.25543 0.06705
1753.42253 0.06172
1754.58964 0.05707
1755.75674 0.053
1756.92385 0.04933
1758.09095 0.04627
1759.25806 0.04329
1760.42516 0.0408
1761.59227 0.03839
1762.75937 0.03637
1763.92648 0.03436
1765.09358 0.03264
1766.26068 0.03098
1767.42779 0.02955
1768.59489 0.02808
1769.762 0.02685
1770.9291 0.02567
1772.09621 0.02449
1773.26331 0.02353
1774.43042 0.0225
1775.59752 0.02167
1776.76463 0.02081
1777.93173 0.02008
1779.09884 0.0193
1780.26594 0.01867
1781.43305 0.01799
1782.60015 0.01743
1783.76725 0.01681
1784.93436 0.01641
1786.10146 0.01597
1787.26857 0.01556
1788.43567 0.01523
1789.60278 0.01492
1790.76988 0.01472
1791.93699 0.01449
1793.10409 0.01442
1794.2712 0.01432
1795.4383 0.01433
1796.60541 0.01422
1797.77251 0.01439
1798.93962 0.01432
1800.10672 0.01442
1801.27382 0.01446
1802.44093 0.01449
1803.60803 0.01452
1804.77514 0.01458
1805.94224 0.01449
1807.10935 0.01441
1808.27645 0.01431
1809.44356 0.01409
1810.61066 0.01389
1811.77777 0.0135
1812.94487 0.01325
1814.11198 0.01276
1815.27908 0.01239
1816.44619 0.01182
1817.61329 0.01137
1818.78039 0.01076
1819.9475 0.01022
1821.1146 0.00959
1822.28171 0.00902
1823.44881 0.00845
1824.61592 0.00781
1825.78302 0.00723
1826.95013 0.00662
1828.11723 0.0061
1829.28434 0.00551
1830.45144 0.00498
1831.61855 0.00438
1832.78565 0.00397
1833.95276 0.00342
1835.11986 0.00302
1836.28696 0.00252
1837.45407 0.00211
1838.62117 0.00175
1839.78828 0.00137
1840.95538 0.00106
1842.12249 7.01922E-4
1843.28959 3.95965E-4
1844.4567 1.37391E-4
1845.6238 -8.52761E-5
1846.79091 -3.64852E-4
1847.95801 -5.41016E-4
1849.12512 -7.84366E-4
1850.29222 -8.85101E-4
1851.45933 -0.00116
1852.62643 -0.00127
1853.79353 -0.00142
1854.96064 -0.00152
1856.12774 -0.00165
1857.29485 -0.00179
1858.46195 -0.00188
1859.62906 -0.00202
1860.79616 -0.0021
1861.96327 -0.00217
1863.13037 -0.00224
1864.29748 -0.00234
1865.46458 -0.00241
1866.63169 -0.00256
1867.79879 -0.00253
1868.9659 -0.00271
1870.133 -0.00265
1871.3001 -0.00279
1872.46721 -0.00278
1873.63431 -0.00292
1874.80142 -0.00291
1875.96852 -0.00299
1877.13563 -0.00302
1878.30273 -0.00309
1879.46984 -0.00309
1880.63694 -0.00313
1881.80405 -0.00321
1882.97115 -0.00316
1884.13826 -0.00326
1885.30536 -0.00318
1886.47247 -0.00329
1887.63957 -0.00322
1888.80668 -0.00336
1889.97378 -0.00327
1891.14088 -0.00333
1892.30799 -0.00331
1893.47509 -0.00337
1894.6422 -0.00333
1895.8093 -0.00337
1896.97641 -0.00339
1898.14351 -0.00336
1899.31062 -0.00338
1900.47772 -0.0033
1901.64483 -0.00336
1902.81193 -0.00332
1903.97904 -0.00335
1905.14614 -0.00326
1906.31325 -0.00328
1907.48035 -0.00314
1908.64745 -0.00316
1909.81456 -0.00293
1910.98166 -0.00283
1912.14877 -0.00259
1913.31587 -0.0023
1914.48298 -0.00204
1915.65008 -0.00177
1916.81719 -0.00148
1917.98429 -0.0012
1919.1514 -9.65422E-4
1920.3185 -7.4022E-4
1921.48561 -6.58781E-4
1922.65271 -4.63647E-4
1923.81982 -5.18185E-4
1924.98692 -3.9556E-4
1926.15402 -4.24122E-4
1927.32113 -4.05249E-4
1928.48823 -4.74052E-4
1929.65534 -4.73422E-4
1930.82244 -5.58432E-4
1931.98955 -6.37133E-4
1933.15665 -7.24338E-4
1934.32376 -7.9449E-4
1935.49086 -9.13445E-4
1936.65797 -0.00103
1937.82507 -0.00112
1938.99218 -0.00127
1940.15928 -0.00136
1941.32639 -0.00153
1942.49349 -0.00161
1943.66059 -0.00182
1944.8277 -0.00184
1945.9948 -0.00197
1947.16191 -0.00207
1948.32901 -0.00221
1949.49612 -0.00225
1950.66322 -0.00236
1951.83033 -0.00239
1952.99743 -0.00237
1954.16454 -0.00234
1955.33164 -0.00235
1956.49875 -0.00235
1957.66585 -0.00221
1958.83296 -0.00216
1960.00006 -0.00186
1961.16716 -0.00174
1962.33427 -0.00136
1963.50137 -9.91768E-4
1964.66848 -3.67381E-4
1965.83558 1.83699E-4
1967.00269 8.83483E-4
1968.16979 0.00157
1969.3369 0.00221
1970.504 0.00288
1971.67111 0.00335
1972.83821 0.00388
1974.00532 0.00407
1975.17242 0.00428
1976.33953 0.00425
1977.50663 0.00422
1978.67373 0.00406
1979.84084 0.00383
1981.00794 0.00357
1982.17505 0.00334
1983.34215 0.003
1984.50926 0.00276
1985.67636 0.00241
1986.84347 0.0022
1988.01057 0.0019
1989.17768 0.00169
1990.34478 0.00139
1991.51189 0.00117
1992.67899 9.92399E-4
1993.8461 7.6821E-4
1995.0132 6.50395E-4
1996.1803 4.31361E-4
1997.34741 3.61468E-4
1998.51451 9.73957E-5
1999.68162 3.4327E-5
2000.84872 -1.17171E-4
2002.01583 -1.836E-4
2003.18293 -4.08873E-4
2004.35004 -4.30514E-4
2005.51714 -4.51886E-4
2006.68425 -6.01249E-4
2007.85135 -5.88035E-4
2009.01846 -6.64172E-4
2010.18556 -6.0811E-4
2011.35267 -7.11077E-4
2012.51977 -6.4415E-4
2013.68688 -6.92937E-4
2014.85398 -5.85647E-4
2016.02108 -6.24938E-4
2017.18819 -4.19919E-4
2018.35529 -4.75801E-4
2019.5224 -4.13495E-4
2020.6895 -3.98006E-4
2021.85661 -2.7892E-4
2023.02371 -2.38999E-4
2024.19082 -1.0183E-4
2025.35792 -1.26527E-4
2026.52503 -5.68671E-6
2027.69213 4.77852E-5
2028.85924 6.08063E-5
2030.02634 1.21951E-4
2031.19345 1.657E-4
2032.36055 3.14712E-4
2033.52765 2.90693E-4
2034.69476 4.21377E-4
2035.86186 4.22129E-4
2037.02897 5.52918E-4
2038.19607 6.15727E-4
2039.36318 7.85652E-4
2040.53028 8.79134E-4
2041.69739 0.00105
2042.86449 0.00132
2044.0316 0.00155
2045.1987 0.00191
2046.36581 0.0023
2047.53291 0.00285
2048.70002 0.00338
2049.86712 0.00405
2051.03422 0.00464
2052.20133 0.00548
2053.36843 0.00623
2054.53554 0.00701
2055.70264 0.0077
2056.86975 0.00848
2058.03685 0.0091
2059.20396 0.00974
2060.37106 0.01026
2061.53817 0.01068
2062.70527 0.01102
2063.87238 0.01122
2065.03948 0.0114
2066.20659 0.0113
2067.37369 0.01122
2068.54079 0.01102
2069.7079 0.01074
2070.875 0.01032
2072.04211 0.00997
2073.20921 0.0094
2074.37632 0.00892
2075.54342 0.00836
2076.71053 0.00786
2077.87763 0.00727
2079.04474 0.00677
2080.21184 0.00621
2081.37895 0.00567
2082.54605 0.00518
2083.71316 0.00465
2084.88026 0.00421
2086.04736 0.00383
2087.21447 0.0035
2088.38157 0.00311
2089.54868 0.0029
2090.71578 0.00254
2091.88289 0.00242
2093.04999 0.00221
2094.2171 0.00226
2095.3842 0.00226
2096.55131 0.00243
2097.71841 0.00265
2098.88552 0.00302
2100.05262 0.00349
2101.21973 0.00408
2102.38683 0.00475
2103.55393 0.00551
2104.72104 0.00634
2105.88814 0.0071
2107.05525 0.00799
2108.22235 0.00863
2109.38946 0.00945
2110.55656 0.01001
2111.72367 0.01056
2112.89077 0.01089
2114.05788 0.01124
2115.22498 0.01144
2116.39209 0.01145
2117.55919 0.0114
2118.7263 0.01128
2119.8934 0.01106
2121.0605 0.01076
2122.22761 0.01048
2123.39471 0.01011
2124.56182 0.00975
2125.72892 0.00935
2126.89603 0.00904
2128.06313 0.00877
2129.23024 0.00862
2130.39734 0.00847
2131.56445 0.00846
2132.73155 0.00835
2133.89866 0.00833
2135.06576 0.00822
2136.23287 0.00784
2137.39997 0.0074
2138.56708 0.00667
2139.73418 0.0058
2140.90128 0.00488
2142.06839 0.0042
2143.23549 0.00354
2144.4026 0.00309
2145.5697 0.00265
2146.73681 0.00243
2147.90391 0.00204
2149.07102 0.00186
2150.23812 0.00155
2151.40523 0.00141
2152.57233 0.00114
2153.73944 9.43995E-4
2154.90654 8.37445E-4
2156.07365 6.19005E-4
2157.24075 5.52656E-4
2158.40785 4.08956E-4
2159.57496 3.45338E-4
2160.74206 2.04252E-4
2161.90917 2.07893E-4
2163.07627 5.41466E-5
2164.24338 4.69119E-5
2165.41048 -4.2346E-5
2166.57759 -3.64701E-5
2167.74469 -6.25857E-5
2168.9118 -6.75171E-5
2170.0789 -7.13539E-5
2171.24601 -1.71341E-4
2172.41311 -1.96421E-4
2173.58022 -1.72756E-4
2174.74732 -1.90276E-4
2175.91442 -2.4953E-4
2177.08153 -2.00703E-4
2178.24863 -2.19473E-4
2179.41574 -1.94474E-4
2180.58284 -2.78682E-4
2181.74995 -2.02576E-4
2182.91705 -2.13095E-4
2184.08416 -1.90303E-4
2185.25126 -2.26783E-4
2186.41837 -1.96124E-4
2187.58547 -2.1294E-4
2188.75258 -2.0408E-4
2189.91968 -1.53237E-4
2191.08679 -1.80647E-4
2192.25389 -1.03755E-4
2193.42099 -1.55106E-4
2194.5881 -4.96433E-5
2195.7552 -7.65145E-5
2196.92231 -4.64047E-5
2198.08941 -5.0847E-5
2199.25652 4.84773E-5
2200.42362 -4.11702E-5
2201.59073 9.03607E-5
2202.75783 1.38848E-5
2203.92494 3.91401E-5
2205.09204 3.88626E-6
2206.25915 3.42458E-5
2207.42625 3.17817E-5
2208.59336 -5.0464E-5
2209.76046 -1.84699E-5
2210.92756 -9.86227E-5
2212.09467 -9.85587E-5
2213.26177 -2.06105E-4
2214.42888 -1.60589E-4
2215.59598 -1.50825E-4
2216.76309 -2.07053E-4
2217.93019 -1.94974E-4
2219.0973 -1.80949E-4
2220.2644 -2.51899E-4
2221.43151 -2.03824E-4
2222.59861 -2.33136E-4
2223.76572 -2.16316E-4
2224.93282 -2.28823E-4
2226.09993 -2.29605E-4
2227.26703 -2.14083E-4
2228.43413 -2.32352E-4
2229.60124 -1.71738E-4
2230.76834 -2.45046E-4
2231.93545 -1.83009E-4
2233.10255 -2.1881E-4
2234.26966 -2.0901E-4
2235.43676 -2.48554E-4
2236.60387 -1.85728E-4
2237.77097 -2.49706E-4
2238.93808 -1.68044E-4
2240.10518 -1.66952E-4
2241.27229 -1.96408E-4
2242.43939 -1.94207E-4
2243.6065 -2.16419E-4
2244.7736 -1.97661E-4
2245.9407 -2.6994E-4
2247.10781 -2.36804E-4
2248.27491 -1.98085E-4
2249.44202 -2.09597E-4
2250.60912 -2.09126E-4
2251.77623 -1.67686E-4
2252.94333 -2.22033E-4
2254.11044 -1.45593E-4
2255.27754 -2.2096E-4
2256.44465 -1.99415E-4
2257.61175 -2.25855E-4
2258.77886 -1.51169E-4
2259.94596 -1.72761E-4
2261.11307 -1.65313E-4
2262.28017 -1.22367E-4
2263.44728 -1.44479E-4
2264.61438 -8.12032E-5
2265.78148 -1.39389E-4
2266.94859 -3.99432E-5
2268.11569 -5.88634E-5
2269.2828 7.8359E-6
2270.4499 -1.45552E-5
2271.61701 9.36745E-5
2272.78411 9.19503E-5
2273.95122 1.75149E-4
2275.11832 1.91618E-4
2276.28543 3.06657E-4
2277.45253 3.42792E-4
2278.61964 4.97461E-4
2279.78674 5.69863E-4
2280.95385 5.94153E-4
2282.12095 7.0869E-4
2283.28805 8.65762E-4
2284.45516 0.00105
2285.62226 0.00116
2286.78937 0.00135
2287.95647 0.00156
2289.12358 0.0017
2290.29068 0.00188
2291.45779 0.00216
2292.62489 0.00235
2293.792 0.00258
2294.9591 0.00279
2296.12621 0.00298
2297.29331 0.00318
2298.46042 0.00335
2299.62752 0.00355
2300.79462 0.00365
2301.96173 0.00385
2303.12883 0.00389
2304.29594 0.00413
2305.46304 0.00423
2306.63015 0.00435
2307.79725 0.00437
2308.96436 0.00444
2310.13146 0.00458
2311.29857 0.00444
2312.46567 0.00467
2313.63278 0.00455
2314.79988 0.00482
2315.96699 0.00467
2317.13409 0.00458
2318.30119 0.00488
2319.4683 0.00439
2320.6354 0.00505
2321.80251 0.00453
2322.96961 0.00468
2324.13672 0.00503
2325.30382 0.0044
2326.47093 0.00549
2327.63803 0.00482
2328.80514 0.00448
2329.97224 0.00546
2331.13935 0.00462
2332.30645 0.00485
2333.47356 0.00542
2334.64066 0.00461
2335.80776 0.00513
2336.97487 0.00561
2338.14197 0.00531
2339.30908 0.0067
2340.47618 0.00805
2341.64329 0.00818
2342.81039 0.00788
2343.9775 0.00775
2345.1446 0.00663
2346.31171 0.00588
2347.47881 0.0058
2348.64592 0.00592
2349.81302 0.00614
2350.98013 0.00662
2352.14723 0.00687
2353.31433 0.00683
2354.48144 0.00706
2355.64854 0.00742
2356.81565 0.0076
2357.98275 0.00725
2359.14986 0.00705
2360.31696 0.00689
2361.48407 0.00703
2362.65117 0.00705
2363.81828 0.00705
2364.98538 0.00695
2366.15249 0.00692
2367.31959 0.00672
2368.4867 0.00663
2369.6538 0.00638
2370.8209 0.00623
2371.98801 0.0061
2373.15511 0.0059
2374.32222 0.0058
2375.48932 0.00554
2376.65643 0.00544
2377.82353 0.00522
2378.99064 0.00507
2380.15774 0.00486
2381.32485 0.00475
2382.49195 0.00453
2383.65906 0.00438
2384.82616 0.00425
2385.99327 0.00415
2387.16037 0.00404
2388.32748 0.00402
2389.49458 0.00387
2390.66168 0.00395
2391.82879 0.00399
2392.99589 0.004
2394.163 0.00416
2395.3301 0.0043
2396.49721 0.00442
2397.66431 0.00465
2398.83142 0.00487
2399.99852 0.00506
2401.16563 0.00534
2402.33273 0.00556
2403.49984 0.00583
2404.66694 0.00606
2405.83405 0.00634
2407.00115 0.00657
2408.16825 0.00682
2409.33536 0.00709
2410.50246 0.00718
2411.66957 0.00731
2412.83667 0.00746
2414.00378 0.00761
2415.17088 0.00764
2416.33799 0.00768
2417.50509 0.00773
2418.6722 0.00767
2419.8393 0.00767
2421.00641 0.00763
2422.17351 0.00756
2423.34062 0.00751
2424.50772 0.00741
2425.67482 0.00728
2426.84193 0.00716
2428.00903 0.00709
2429.17614 0.00692
2430.34324 0.0068
2431.51035 0.00663
2432.67745 0.00645
2433.84456 0.00632
2435.01166 0.00617
2436.17877 0.00599
2437.34587 0.00581
2438.51298 0.00568
2439.68008 0.00542
2440.84719 0.00528
2442.01429 0.00513
2443.18139 0.00505
2444.3485 0.00482
2445.5156 0.00468
2446.68271 0.00453
2447.84981 0.00442
2449.01692 0.00428
2450.18402 0.00407
2451.35113 0.00398
2452.51823 0.00383
2453.68534 0.00376
2454.85244 0.00363
2456.01955 0.00355
2457.18665 0.00346
2458.35376 0.00335
2459.52086 0.00328
2460.68796 0.0032
2461.85507 0.00312
2463.02217 0.00311
2464.18928 0.00314
2465.35638 0.00316
2466.52349 0.00322
2467.69059 0.00325
2468.8577 0.00335
2470.0248 0.00337
2471.19191 0.00353
2472.35901 0.00348
2473.52612 0.00354
2474.69322 0.00348
2475.86033 0.00347
2477.02743 0.00338
2478.19453 0.00332
2479.36164 0.00325
2480.52874 0.00313
2481.69585 0.00299
2482.86295 0.00289
2484.03006 0.00275
2485.19716 0.00268
2486.36427 0.00255
2487.53137 0.00246
2488.69848 0.00232
2489.86558 0.00225
2491.03269 0.00213
2492.19979 0.00201
2493.3669 0.00201
2494.534 0.00187
2495.7011 0.00174
2496.86821 0.00172
2498.03531 0.00163
2499.20242 0.00157
2500.36952 0.00151
2501.53663 0.00143
2502.70373 0.00135
2503.87084 0.00134
2505.03794 0.00125
2506.20505 0.00125
2507.37215 0.00114
2508.53926 0.00111
2509.70636 0.00101
2510.87347 9.70241E-4
2512.04057 9.86473E-4
2513.20768 9.66729E-4
2514.37478 9.62856E-4
2515.54188 9.96859E-4
2516.70899 9.11897E-4
2517.87609 9.2899E-4
2519.0432 9.60824E-4
2520.2103 9.74145E-4
2521.37741 9.90314E-4
2522.54451 9.76111E-4
2523.71162 9.94984E-4
2524.87872 9.95383E-4
2526.04583 0.00105
2527.21293 0.00103
2528.38004 0.00108
2529.54714 0.00105
2530.71425 0.00107
2531.88135 0.00105
2533.04845 0.00109
2534.21556 0.00111
2535.38266 0.00118
2536.54977 0.00114
2537.71687 0.00116
2538.88398 0.00114
2540.05108 0.00115
2541.21819 0.00115
2542.38529 0.00119
2543.5524 0.00118
2544.7195 0.00119
2545.88661 0.00117
2547.05371 0.00114
2548.22082 0.00123
2549.38792 0.00116
2550.55502 0.00121
2551.72213 0.00112
2552.88923 0.00121
2554.05634 0.00119
2555.22344 0.0011
2556.39055 0.00111
2557.55765 0.00116
2558.72476 0.00109
2559.89186 0.00105
2561.05897 0.00108
2562.22607 0.00108
2563.39318 0.00111
2564.56028 0.00112
2565.72739 0.00119
2566.89449 0.00122
2568.06159 0.00122
2569.2287 0.0013
2570.3958 0.00141
2571.56291 0.00151
2572.73001 0.00159
2573.89712 0.00173
2575.06422 0.00185
2576.23133 0.00197
2577.39843 0.00213
2578.56554 0.00232
2579.73264 0.00241
2580.89975 0.00267
2582.06685 0.00285
2583.23396 0.00299
2584.40106 0.00316
2585.56816 0.00328
2586.73527 0.00344
2587.90237 0.00359
2589.06948 0.00371
2590.23658 0.00376
2591.40369 0.0039
2592.57079 0.00393
2593.7379 0.00395
2594.905 0.00393
2596.07211 0.00392
2597.23921 0.0039
2598.40632 0.00388
2599.57342 0.00377
2600.74053 0.00365
2601.90763 0.00362
2603.07473 0.00352
2604.24184 0.00346
2605.40894 0.00336
2606.57605 0.00325
2607.74315 0.00317
2608.91026 0.00307
2610.07736 0.00297
2611.24447 0.00294
2612.41157 0.00285
2613.57868 0.00279
2614.74578 0.00271
2615.91289 0.00269
2617.07999 0.00266
2618.2471 0.0026
2619.4142 0.00255
2620.5813 0.00252
2621.74841 0.00244
2622.91551 0.00243
2624.08262 0.00241
2625.24972 0.00233
2626.41683 0.00233
2627.58393 0.00227
2628.75104 0.00223
2629.91814 0.00212
2631.08525 0.0021
2632.25235 0.00206
2633.41946 0.00201
2634.58656 0.00189
2635.75367 0.00185
2636.92077 0.00181
2638.08788 0.00171
2639.25498 0.00167
2640.42208 0.00157
2641.58919 0.0016
2642.75629 0.00151
2643.9234 0.00141
2645.0905 0.00141
2646.25761 0.00128
2647.42471 0.00127
2648.59182 0.00117
2649.75892 0.00116
2650.92603 0.00114
2652.09313 0.00107
2653.26024 0.00104
2654.42734 0.00106
2655.59445 9.95006E-4
2656.76155 0.00101
2657.92865 0.00102
2659.09576 9.89549E-4
2660.26286 9.30794E-4
2661.42997 9.71572E-4
2662.59707 9.1694E-4
2663.76418 9.59023E-4
2664.93128 8.16562E-4
2666.09839 7.54736E-4
2667.26549 8.1149E-4
2668.4326 8.12318E-4
2669.5997 7.56094E-4
2670.76681 7.43692E-4
2671.93391 6.71344E-4
2673.10102 6.96312E-4
2674.26812 5.982E-4
2675.43522 5.67281E-4
2676.60233 5.5802E-4
2677.76943 5.19107E-4
2678.93654 4.79263E-4
2680.10364 4.22391E-4
2681.27075 4.50165E-4
2682.43785 3.27045E-4
2683.60496 3.37705E-4
2684.77206 3.04229E-4
2685.93917 3.49728E-4
2687.10627 2.63274E-4
2688.27338 2.51882E-4
2689.44048 2.22132E-4
2690.60759 1.9887E-4
2691.77469 1.56722E-4
2692.94179 1.24379E-4
2694.1089 1.67206E-4
2695.276 6.68977E-5
2696.44311 6.96904E-5
2697.61021 3.91596E-5
2698.77732 1.55631E-5
2699.94442 -1.04204E-6
2701.11153 -7.4401E-5
2702.27863 -7.85157E-5
2703.44574 -6.24093E-5
2704.61284 -1.22127E-4
2705.77995 -1.70253E-4
2706.94705 -1.79605E-4
2708.11416 -1.89771E-4
2709.28126 -2.20664E-4
2710.44836 -2.61408E-4
2711.61547 -2.15078E-4
2712.78257 -2.41596E-4
2713.94968 -2.81334E-4
2715.11678 -3.2136E-4
2716.28389 -2.32288E-4
2717.45099 -3.04137E-4
2718.6181 -3.25275E-4
2719.7852 -2.76424E-4
2720.95231 -2.44274E-4
2722.11941 -2.68039E-4
2723.28652 -1.83091E-4
2724.45362 -1.78218E-4
2725.62073 -1.03917E-4
2726.78783 -1.24021E-4
2727.95493 -6.59671E-5
2729.12204 7.66319E-6
2730.28914 6.76853E-5
2731.45625 1.97775E-4
2732.62335 2.53997E-4
2733.79046 2.98606E-4
2734.95756 3.41048E-4
2736.12467 5.28735E-4
2737.29177 5.22489E-4
2738.45888 6.32608E-4
2739.62598 6.28464E-4
2740.79309 7.22467E-4
2741.96019 7.64793E-4
2743.1273 8.60702E-4
2744.2944 8.77291E-4
2745.4615 9.59055E-4
2746.62861 8.89688E-4
2747.79571 9.28097E-4
2748.96282 0.00101
2750.12992 9.04002E-4
2751.29703 9.67393E-4
2752.46413 9.48846E-4
2753.63124 9.28214E-4
2754.79834 9.48217E-4
2755.96545 8.97281E-4
2757.13255 8.59162E-4
2758.29966 7.9003E-4
2759.46676 7.6409E-4
2760.63387 8.04881E-4
2761.80097 7.58375E-4
2762.96808 7.14101E-4
2764.13518 6.41318E-4
2765.30228 5.76671E-4
2766.46939 5.99403E-4
2767.63649 4.7262E-4
2768.8036 4.64389E-4
2769.9707 3.4994E-4
2771.13781 3.87938E-4
2772.30491 2.40889E-4
2773.47202 2.35489E-4
2774.63912 1.16386E-4
2775.80623 5.33038E-5
2776.97333 -1.71012E-7
2778.14044 -8.6843E-5
2779.30754 -2.49067E-4
2780.47465 -2.47014E-4
2781.64175 -3.81413E-4
2782.80885 -3.8969E-4
2783.97596 -5.38448E-4
2785.14306 -5.99214E-4
2786.31017 -6.49204E-4
2787.47727 -8.00232E-4
2788.64438 -8.40999E-4
2789.81148 -9.27866E-4
2790.97859 -9.59933E-4
2792.14569 -0.00103
2793.3128 -0.00109
2794.4799 -0.00117
2795.64701 -0.00119
2796.81411 -0.0013
2797.98122 -0.00133
2799.14832 -0.00135
2800.31542 -0.00141
2801.48253 -0.00145
2802.64963 -0.00151
2803.81674 -0.00148
2804.98384 -0.00158
2806.15095 -0.0016
2807.31805 -0.00162
2808.48516 -0.00159
2809.65226 -0.00161
2810.81937 -0.00157
2811.98647 -0.00163
2813.15358 -0.00159
2814.32068 -0.00156
2815.48779 -0.00152
2816.65489 -0.00144
2817.82199 -0.00131
2818.9891 -0.00118
2820.1562 -9.70484E-4
2821.32331 -7.4183E-4
2822.49041 -5.72253E-4
2823.65752 -2.19454E-4
2824.82462 9.12766E-5
2825.99173 4.24178E-4
2827.15883 8.08998E-4
2828.32594 0.00132
2829.49304 0.00174
2830.66015 0.0023
2831.82725 0.00297
2832.99436 0.00362
2834.16146 0.00443
2835.32856 0.00528
2836.49567 0.00633
2837.66277 0.00739
2838.82988 0.00845
2839.99698 0.00949
2841.16409 0.01039
2842.33119 0.01097
2843.4983 0.01108
2844.6654 0.01103
2845.83251 0.01087
2846.99961 0.01034
2848.16672 0.00957
2849.33382 0.00836
2850.50093 0.00694
2851.66803 0.00552
2852.83513 0.0042
2854.00224 0.00303
2855.16934 0.0021
2856.33645 0.00141
2857.50355 9.02145E-4
2858.67066 6.50535E-4
2859.83776 4.63939E-4
2861.00487 4.33036E-4
2862.17197 4.92556E-4
2863.33908 5.92218E-4
2864.50618 7.12728E-4
2865.67329 9.42988E-4
2866.84039 0.00115
2868.0075 0.00149
2869.1746 0.00174
2870.3417 0.00202
2871.50881 0.00231
2872.67591 0.00259
2873.84302 0.00297
2875.01012 0.00335
2876.17723 0.00376
2877.34433 0.00413
2878.51144 0.00451
2879.67854 0.00491
2880.84565 0.00536
2882.01275 0.00569
2883.17986 0.00611
2884.34696 0.00644
2885.51407 0.00684
2886.68117 0.00713
2887.84828 0.00734
2889.01538 0.00755
2890.18248 0.00773
2891.34959 0.00777
2892.51669 0.00782
2893.6838 0.00789
2894.8509 0.00784
2896.01801 0.00778
2897.18511 0.00768
2898.35222 0.00773
2899.51932 0.00765
2900.68643 0.00768
2901.85353 0.00777
2903.02064 0.00782
2904.18774 0.00778
2905.35485 0.00787
2906.52195 0.00802
2907.68905 0.00799
2908.85616 0.00807
2910.02326 0.008
2911.19037 0.0079
2912.35747 0.0077
2913.52458 0.00746
2914.69168 0.00743
2915.85879 0.00763
2917.02589 0.00784
2918.193 0.00828
2919.3601 0.00874
2920.52721 0.00907
2921.69431 0.00951
2922.86142 0.01008
2924.02852 0.01053
2925.19562 0.01112
2926.36273 0.01162
2927.52983 0.01224
2928.69694 0.01291
2929.86404 0.01337
2931.03115 0.01409
2932.19825 0.01467
2933.36536 0.01547
2934.53246 0.01615
2935.69957 0.01689
2936.86667 0.01777
2938.03378 0.01877
2939.20088 0.01982
2940.36799 0.02116
2941.53509 0.02275
2942.70219 0.02464
2943.8693 0.02706
2945.0364 0.02998
2946.20351 0.03362
2947.37061 0.03823
2948.53772 0.04403
2949.70482 0.05089
2950.87193 0.059
2952.03903 0.06792
2953.20614 0.0775
2954.37324 0.08705
2955.54035 0.09594
2956.70745 0.1032
2957.87456 0.10841
2959.04166 0.11096
2960.20876 0.11073
2961.37587 0.10783
2962.54297 0.10254
2963.71008 0.09539
2964.87718 0.08699
2966.04429 0.07802
2967.21139 0.06896
2968.3785 0.06034
2969.5456 0.05226
2970.71271 0.045
2971.87981 0.03864
2973.04692 0.03324
2974.21402 0.02849
2975.38113 0.02458
2976.54823 0.02125
2977.71533 0.01859
2978.88244 0.01625
2980.04954 0.01423
2981.21665 0.01257
2982.38375 0.01116
2983.55086 0.00994
2984.71796 0.00904
2985.88507 0.00825
2987.05217 0.00772
2988.21928 0.0075
2989.38638 0.00749
2990.55349 0.00785
2991.72059 0.00858
2992.8877 0.00974
2994.0548 0.01127
2995.2219 0.01341
2996.38901 0.01584
2997.55611 0.01866
2998.72322 0.02182
2999.89032 0.02515
3001.05743 0.02858
3002.22453 0.03186
3003.39164 0.03504
3004.55874 0.03788
3005.72585 0.04037
3006.89295 0.04219
3008.06006 0.04354
3009.22716 0.04415
3010.39427 0.04422
3011.56137 0.04363
3012.72848 0.0425
3013.89558 0.04082
3015.06268 0.03882
3016.22979 0.03659
3017.39689 0.03399
3018.564 0.0313
3019.7311 0.02872
3020.89821 0.0262
3022.06531 0.02403
3023.23242 0.02217
3024.39952 0.02052
3025.56663 0.01935
3026.73373 0.0185
3027.90084 0.01821
3029.06794 0.01804
3030.23505 0.01819
3031.40215 0.0185
3032.56925 0.01895
3033.73636 0.01927
3034.90346 0.01961
3036.07057 0.0198
3037.23767 0.01981
3038.40478 0.01969
3039.57188 0.01945
3040.73899 0.01902
3041.90609 0.01829
3043.0732 0.01751
3044.2403 0.01655
3045.40741 0.01554
3046.57451 0.01436
3047.74162 0.01323
3048.90872 0.01201
3050.07582 0.01076
3051.24293 0.00953
3052.41003 0.00846
3053.57714 0.00739
3054.74424 0.00645
3055.91135 0.00553
3057.07845 0.00471
3058.24556 0.00405
3059.41266 0.00338
3060.57977 0.00278
3061.74687 0.00231
3062.91398 0.00189
3064.08108 0.00153
3065.24819 0.00127
3066.41529 0.00105
3067.58239 8.28434E-4
3068.7495 5.73943E-4
3069.9166 4.77192E-4
3071.08371 2.77515E-4
3072.25081 1.86667E-4
3073.41792 1.18181E-4
3074.58502 1.25478E-4
3075.75213 1.21381E-4
3076.91923 7.53689E-5
3078.08634 4.35401E-5
3079.25344 -2.80897E-5
3080.42055 5.58019E-5
3081.58765 2.28016E-5
3082.75476 6.81615E-5
3083.92186 -5.18059E-5
3085.08896 1.60165E-4
3086.25607 1.33546E-4
3087.42317 1.08571E-4
3088.59028 1.89247E-4
3089.75738 1.88317E-4
3090.92449 3.03712E-4
3092.09159 3.75894E-4
3093.2587 4.25115E-4
3094.4258 4.33018E-4
3095.59291 5.26831E-4
3096.76001 5.14675E-4
3097.92712 5.85855E-4
3099.09422 6.42869E-4
3100.26133 6.42232E-4
3101.42843 7.21781E-4
3102.59553 6.82097E-4
3103.76264 7.02752E-4
3104.92974 7.08197E-4
3106.09685 6.49808E-4
3107.26395 6.1893E-4
3108.43106 6.52115E-4
3109.59816 5.69807E-4
3110.76527 5.47755E-4
3111.93237 4.98436E-4
3113.09948 5.48843E-4
3114.26658 4.05832E-4
3115.43369 3.14936E-4
3116.60079 1.9477E-4
3117.7679 1.63596E-4
3118.935 6.55207E-5
3120.1021 -1.34223E-5
3121.26921 -1.86691E-5
3122.43631 2.38535E-5
3123.60342 -9.25486E-5
3124.77052 -1.54588E-4
3125.93763 -1.16212E-4
3127.10473 -1.61534E-4
3128.27184 -1.42677E-4
3129.43894 -1.67341E-4
3130.60605 -2.24745E-5
3131.77315 -9.63151E-5
3132.94026 3.03608E-5
3134.10736 2.11904E-5
3135.27447 1.07008E-4
3136.44157 7.53045E-5
3137.60868 1.84649E-4
3138.77578 2.68788E-4
3139.94288 2.97213E-4
3141.10999 3.733E-4
3142.27709 4.32441E-4
3143.4442 4.6494E-4
3144.6113 5.59156E-4
3145.77841 6.18356E-4
3146.94551 5.46933E-4
3148.11262 6.60208E-4
3149.27972 6.28358E-4
3150.44683 7.40289E-4
3151.61393 6.66064E-4
3152.78104 7.15738E-4
3153.94814 7.00614E-4
3155.11525 6.53923E-4
3156.28235 6.99799E-4
3157.44945 6.644E-4
3158.61656 6.64182E-4
3159.78366 7.06463E-4
3160.95077 6.27169E-4
3162.11787 5.98196E-4
3163.28498 6.06663E-4
3164.45208 5.92214E-4
3165.61919 5.43946E-4
3166.78629 4.89288E-4
3167.9534 5.35878E-4
3169.1205 4.65523E-4
3170.28761 4.50367E-4
3171.45471 3.69815E-4
3172.62182 3.6394E-4
3173.78892 3.50229E-4
3174.95602 3.48806E-4
3176.12313 3.61173E-4
3177.29023 4.3076E-4
3178.45734 3.22155E-4
3179.62444 2.45404E-4
3180.79155 1.8024E-4
3181.95865 2.13739E-4
3183.12576 2.93377E-4
3184.29286 2.35996E-4
3185.45997 3.05305E-4
3186.62707 2.22205E-4
3187.79418 2.85687E-4
3188.96128 1.66151E-4
3190.12839 1.95372E-4
3191.29549 1.93772E-4
3192.46259 1.89365E-4
3193.6297 1.81924E-4
3194.7968 1.87807E-4
3195.96391 1.96942E-4
3197.13101 1.47568E-4
3198.29812 1.64406E-4
3199.46522 2.18802E-4
3200.63233 1.79768E-4
3201.79943 6.39929E-5
3202.96654 1.83792E-4
3204.13364 1.46066E-4
3205.30075 2.1383E-4
3206.46785 1.14142E-4
3207.63496 1.45613E-4
3208.80206 1.79987E-4
3209.96916 1.76485E-4
3211.13627 1.70735E-4
3212.30337 1.75335E-4
3213.47048 1.75354E-4
3214.63758 1.43517E-4
3215.80469 1.81108E-4
3216.97179 1.30265E-4
3218.1389 1.97547E-4
3219.306 1.4336E-5
3220.47311 1.9999E-4
3221.64021 1.20479E-4
3222.80732 1.93623E-4
3223.97442 1.26828E-4
3225.14153 1.10803E-4
3226.30863 6.46178E-5
3227.47573 1.03463E-4
3228.64284 8.1023E-5
3229.80994 1.70581E-4
3230.97705 9.85738E-5
3232.14415 3.68556E-5
3233.31126 2.85469E-5
3234.47836 5.05816E-5
3235.64547 6.77645E-5
3236.81257 1.02765E-4
3237.97968 2.06011E-5
3239.14678 -1.59593E-5
3240.31389 2.53512E-5
3241.48099 -7.91874E-5
3242.6481 4.73485E-6
3243.8152 -3.66892E-5
3244.9823 2.7095E-5
3246.14941 -5.45958E-5
3247.31651 -6.01777E-5
3248.48362 -2.7176E-5
3249.65072 5.33744E-6
3250.81783 -1.09558E-5
3251.98493 -1.22652E-4
3253.15204 -7.15129E-5
3254.31914 -1.66159E-4
3255.48625 -6.35157E-5
3256.65335 -2.15847E-4
3257.82046 -1.24693E-4
3258.98756 -2.50735E-4
3260.15467 -2.40269E-4
3261.32177 -2.41471E-4
3262.48888 -1.89577E-4
3263.65598 -2.85362E-4
3264.82308 -2.10597E-4
3265.99019 -2.64629E-4
3267.15729 -2.30769E-4
3268.3244 -4.02831E-4
3269.4915 -3.84554E-4
3270.65861 -2.79341E-4
3271.82571 -4.26791E-4
3272.99282 -3.83643E-4
3274.15992 -4.18299E-4
3275.32703 -3.22561E-4
3276.49413 -4.26303E-4
3277.66124 -4.85432E-4
3278.82834 -5.82265E-4
3279.99545 -4.56096E-4
3281.16255 -4.87581E-4
3282.32965 -5.26154E-4
3283.49676 -5.08896E-4
3284.66386 -5.7012E-4
3285.83097 -5.05447E-4
3286.99807 -5.65693E-4
3288.16518 -6.54515E-4
3289.33228 -6.61416E-4
3290.49939 -7.05267E-4
3291.66649 -7.05681E-4
3292.8336 -6.85725E-4
3294.0007 -7.05732E-4
3295.16781 -6.64286E-4
3296.33491 -7.0854E-4
3297.50202 -7.58316E-4
3298.66912 -8.34835E-4
3299.83622 -7.29721E-4
3301.00333 -7.6302E-4
3302.17043 -6.83399E-4
3303.33754 -7.13611E-4
3304.50464 -8.16412E-4
3305.67175 -7.67905E-4
3306.83885 -8.26634E-4
3308.00596 -8.0501E-4
3309.17306 -8.10634E-4
3310.34017 -7.44399E-4
3311.50727 -8.60352E-4
3312.67438 -8.58633E-4
3313.84148 -8.92807E-4
3315.00859 -8.25771E-4
3316.17569 -9.7936E-4
3317.34279 -9.48865E-4
3318.5099 -0.00104
3319.677 -0.00101
3320.84411 -0.00104
3322.01121 -0.00105
3323.17832 -0.00109
3324.34542 -0.00113
3325.51253 -0.00109
3326.67963 -0.00114
3327.84674 -0.00117
3329.01384 -0.00132
3330.18095 -0.00116
3331.34805 -0.00139
3332.51516 -0.00125
3333.68226 -0.00142
3334.84936 -0.00134
3336.01647 -0.0015
3337.18357 -0.00136
3338.35068 -0.00155
3339.51778 -0.00153
3340.68489 -0.00155
3341.85199 -0.0017
3343.0191 -0.0016
3344.1862 -0.00163
3345.35331 -0.00163
3346.52041 -0.00161
3347.68752 -0.00163
3348.85462 -0.00167
3350.02173 -0.00162
3351.18883 -0.00172
3352.35593 -0.00163
3353.52304 -0.00173
3354.69014 -0.0017
3355.85725 -0.00173
3357.02435 -0.00173
3358.19146 -0.00175
3359.35856 -0.00177
3360.52567 -0.00181
3361.69277 -0.00184
3362.85988 -0.00184
3364.02698 -0.00199
3365.19409 -0.00185
3366.36119 -0.00195
3367.5283 -0.00191
3368.6954 -0.002
3369.8625 -0.002
3371.02961 -0.002
3372.19671 -0.00188
3373.36382 -0.00195
3374.53092 -0.00183
3375.69803 -0.0019
3376.86513 -0.00187
3378.03224 -0.00182
3379.19934 -0.00173
3380.36645 -0.00168
3381.53355 -0.00156
3382.70066 -0.00138
3383.86776 -0.00138
3385.03487 -0.00118
3386.20197 -0.00104
3387.36908 -7.14009E-4
3388.53618 -4.04921E-4
3389.70328 -2.99217E-5
3390.87039 2.27582E-4
3392.03749 7.34076E-4
3393.2046 0.00125
3394.3717 0.00191
3395.53881 0.00268
3396.70591 0.0034
3397.87302 0.00421
3399.04012 0.00503
3400.20723 0.00589
3401.37433 0.00669
3402.54144 0.00764
3403.70854 0.00852
3404.87565 0.0093
3406.04275 0.00993
3407.20985 0.01057
3408.37696 0.01097
3409.54406 0.01154
3410.71117 0.01181
3411.87827 0.01201
3413.04538 0.01204
3414.21248 0.0122
3415.37959 0.01204
3416.54669 0.01181
3417.7138 0.01159
3418.8809 0.0112
3420.04801 0.01092
3421.21511 0.01047
3422.38222 0.01007
3423.54932 0.00953
3424.71642 0.00919
3425.88353 0.00858
3427.05063 0.0082
3428.21774 0.00766
3429.38484 0.00721
3430.55195 0.00673
3431.71905 0.0064
3432.88616 0.00592
3434.05326 0.00546
3435.22037 0.00505
3436.38747 0.00462
3437.55458 0.00424
3438.72168 0.00393
3439.88879 0.00378
3441.05589 0.00353
3442.22299 0.00323
3443.3901 0.00285
3444.5572 0.00276
3445.72431 0.00253
3446.89141 0.00242
3448.05852 0.00219
3449.22562 0.00206
3450.39273 0.00195
3451.55983 0.00183
3452.72694 0.00182
3453.89404 0.00172
3455.06115 0.00171
3456.22825 0.00156
3457.39536 0.00162
3458.56246 0.0015
3459.72956 0.0015
3460.89667 0.00149
3462.06377 0.00147
3463.23088 0.00141
3464.39798 0.0015
3465.56509 0.00145
3466.73219 0.00142
3467.8993 0.00152
3469.0664 0.00134
3470.23351 0.00151
3471.40061 0.00151
3472.56772 0.00167
3473.73482 0.00148
3474.90193 0.00169
3476.06903 0.00159
3477.23613 0.00158
3478.40324 0.00146
3479.57034 0.00123
3480.73745 9.28498E-4
3481.90455 7.12475E-4
3483.07166 2.00358E-4
3484.23876 -3.35888E-5
3485.40587 -2.64059E-4
3486.57297 -2.9973E-4
3487.74008 -3.36568E-4
3488.90718 -4.00571E-4
3490.07429 -3.59659E-4
3491.24139 -3.33613E-4
3492.4085 -2.55547E-4
3493.5756 -2.24899E-4
3494.7427 -6.46018E-5
3495.90981 -4.02265E-5
3497.07691 -2.07481E-5
3498.24402 -8.3408E-5
3499.41112 3.18136E-5
3500.57823 1.26508E-4
3501.74533 2.38672E-4
3502.91244 2.57803E-4
3504.07954 3.73731E-4
3505.24665 2.92147E-4
3506.41375 4.35151E-4
3507.58086 5.55959E-4
3508.74796 4.24487E-4
3509.91507 4.98183E-4
3511.08217 4.37048E-4
3512.24928 4.63832E-4
3513.41638 3.29088E-4
3514.58348 3.48366E-4
3515.75059 3.12115E-4
3516.91769 3.46362E-4
3518.0848 1.50193E-4
3519.2519 1.26332E-4
3520.41901 7.64993E-5
3521.58611 3.81757E-5
3522.75322 -1.24369E-4
3523.92032 -2.18696E-4
3525.08743 -3.3177E-4
3526.25453 -4.64738E-4
3527.42164 -5.15849E-4
3528.58874 -5.25247E-4
3529.75585 -7.40037E-4
3530.92295 -9.1668E-4
3532.09005 -8.53551E-4
3533.25716 -0.00112
3534.42426 -0.00121
3535.59137 -0.00145
3536.75847 -0.00142
3537.92558 -0.00165
3539.09268 -0.00166
3540.25979 -0.00184
3541.42689 -0.00192
3542.594 -0.00195
3543.7611 -0.002
3544.92821 -0.00208
3546.09531 -0.0022
3547.26242 -0.0022
3548.42952 -0.0023
3549.59662 -0.00228
3550.76373 -0.00239
3551.93083 -0.00228
3553.09794 -0.00243
3554.26504 -0.00247
3555.43215 -0.0024
3556.59925 -0.00235
3557.76636 -0.00245
3558.93346 -0.00233
3560.10057 -0.00223
3561.26767 -0.00221
3562.43478 -0.00214
3563.60188 -0.00216
3564.76899 -0.00201
3565.93609 -0.00203
3567.10319 -0.00194
3568.2703 -0.00196
3569.4374 -0.00177
3570.60451 -0.00174
3571.77161 -0.00168
3572.93872 -0.0017
3574.10582 -0.00155
3575.27293 -0.00161
3576.44003 -0.00143
3577.60714 -0.00144
3578.77424 -0.00138
3579.94135 -0.00149
3581.10845 -0.00136
3582.27556 -0.00134
3583.44266 -0.00141
3584.60976 -0.00128
3585.77687 -0.00128
3586.94397 -0.00123
3588.11108 -0.00128
3589.27818 -0.00118
3590.44529 -0.00135
3591.61239 -0.00126
3592.7795 -0.00145
3593.9466 -0.00136
3595.11371 -0.00133
3596.28081 -0.00153
3597.44792 -0.00161
3598.61502 -0.00152
3599.78213 -0.00167
3600.94923 -0.00174
3602.11633 -0.00168
3603.28344 -0.00186
3604.45054 -0.00192
3605.61765 -0.0019
3606.78475 -0.00196
3607.95186 -0.00206
3609.11896 -0.00205
3610.28607 -0.00222
3611.45317 -0.00231
3612.62028 -0.0024
3613.78738 -0.00253
3614.95449 -0.00253
3616.12159 -0.00255
3617.2887 -0.00262
3618.4558 -0.00268
3619.6229 -0.00272
3620.79001 -0.00289
3621.95711 -0.00286
3623.12422 -0.00304
3624.29132 -0.00285
3625.45843 -0.00305
3626.62553 -0.00309
3627.79264 -0.00315
3628.95974 -0.00308
3630.12685 -0.00331
3631.29395 -0.00331
3632.46106 -0.00337
3633.62816 -0.00341
3634.79527 -0.00337
3635.96237 -0.00346
3637.12948 -0.00355
3638.29658 -0.00356
3639.46368 -0.00365
3640.63079 -0.0037
3641.79789 -0.00365
3642.965 -0.00367
3644.1321 -0.00368
3645.29921 -0.00383
3646.46631 -0.00375
3647.63342 -0.0037
3648.80052 -0.00385
3649.96763 -0.00364
3651.13473 -0.00379
3652.30184 -0.00373
3653.46894 -0.00374
3654.63605 -0.00375
3655.80315 -0.00368
3656.97025 -0.00369
3658.13736 -0.0037
3659.30446 -0.00377
3660.47157 -0.00375
3661.63867 -0.00363
3662.80578 -0.00365
3663.97288 -0.00364
3665.13999 -0.00359
3666.30709 -0.00354
3667.4742 -0.00359
3668.6413 -0.00357
3669.80841 -0.00356
3670.97551 -0.00351
3672.14262 -0.0034
3673.30972 -0.0034
3674.47682 -0.00334
3675.64393 -0.00327
3676.81103 -0.00337
3677.97814 -0.0032
3679.14524 -0.00323
3680.31235 -0.00329
3681.47945 -0.00317
3682.64656 -0.00331
3683.81366 -0.00306
3684.98077 -0.00308
3686.14787 -0.00308
3687.31498 -0.00299
3688.48208 -0.00307
3689.64919 -0.00286
3690.81629 -0.00281
3691.98339 -0.0028
3693.1505 -0.00272
3694.3176 -0.00277
3695.48471 -0.00264
3696.65181 -0.00246
3697.81892 -0.00264
3698.98602 -0.00238
3700.15313 -0.00235
3701.32023 -0.0023
3702.48734 -0.00228
3703.65444 -0.00218
3704.82155 -0.00228
3705.98865 -0.00219
3707.15576 -0.00211
3708.32286 -0.00204
3709.48996 -0.00188
3710.65707 -0.0019
3711.82417 -0.00174
3712.99128 -0.00175
3714.15838 -0.00166
3715.32549 -0.00158
3716.49259 -0.00145
3717.6597 -0.00131
3718.8268 -0.00127
3719.99391 -0.00133
3721.16101 -0.00111
3722.32812 -0.00102
3723.49522 -9.7314E-4
3724.66233 -7.57349E-4
3725.82943 -7.15957E-4
3726.99653 -8.00558E-4
3728.16364 -7.33901E-4
3729.33074 -5.84713E-4
3730.49785 -5.15754E-4
3731.66495 -3.39614E-4
3732.83206 -4.1758E-4
3733.99916 -2.20036E-4
3735.16627 -3.36711E-4
3736.33337 -2.45205E-4
3737.50048 -2.32103E-4
3738.66758 -1.66529E-4
3739.83469 -1.97991E-4
3741.00179 -1.0419E-4
3742.1689 -1.14781E-4
3743.336 3.01956E-5
3744.5031 -1.25125E-4
3745.67021 -4.61523E-5
3746.83731 -9.24858E-5
3748.00442 -8.83499E-5
3749.17152 -6.94051E-5
3750.33863 -8.20867E-5
3751.50573 6.16918E-5
3752.67284 -5.45104E-5
3753.83994 -9.69199E-5
3755.00705 -4.30383E-5
3756.17415 2.95449E-5
3757.34126 -7.33551E-6
3758.50836 3.06742E-5
3759.67547 1.49225E-5
3760.84257 3.4847E-5
3762.00968 5.6253E-5
3763.17678 9.83157E-5
3764.34388 1.47919E-4
3765.51099 9.59951E-5
3766.67809 1.163E-4
3767.8452 1.52349E-4
3769.0123 3.01074E-4
3770.17941 2.74524E-4
3771.34651 2.50182E-4
3772.51362 2.87188E-4
3773.68072 3.5979E-4
3774.84783 2.9939E-4
3776.01493 3.8075E-4
3777.18204 4.00263E-4
3778.34914 5.32888E-4
3779.51625 5.5761E-4
3780.68335 6.60691E-4
3781.85045 6.10726E-4
3783.01756 6.69922E-4
3784.18466 6.59436E-4
3785.35177 7.59361E-4
3786.51887 7.28473E-4
3787.68598 7.11531E-4
3788.85308 8.91333E-4
3790.02019 8.08042E-4
3791.18729 8.60114E-4
3792.3544 8.97661E-4
3793.5215 9.83962E-4
3794.68861 8.92293E-4
3795.85571 8.77467E-4
3797.02282 9.70971E-4
3798.18992 9.48833E-4
3799.35702 0.00114
3800.52413 0.00115
3801.69123 0.00117
3802.85834 0.00107
3804.02544 0.00123
3805.19255 0.00114
3806.35965 0.00136
3807.52676 0.00129
3808.69386 0.00125
3809.86097 0.00137
3811.02807 0.00137
3812.19518 0.00133
3813.36228 0.00136
3814.52939 0.00147
3815.69649 0.00153
3816.86359 0.00149
3818.0307 0.00155
3819.1978 0.00156
3820.36491 0.00155
3821.53201 0.00159
3822.69912 0.00161
3823.86622 0.00169
3825.03333 0.00158
3826.20043 0.00176
3827.36754 0.00164
3828.53464 0.0017
3829.70175 0.00174
3830.86885 0.00172
3832.03596 0.00172
3833.20306 0.00186
3834.37016 0.00174
3835.53727 0.00175
3836.70437 0.00191
3837.87148 0.00191
3839.03858 0.00195
3840.20569 0.00194
3841.37279 0.00201
3842.5399 0.00205
3843.707 0.00204
3844.87411 0.00209
3846.04121 0.00223
3847.20832 0.00227
3848.37542 0.00225
3849.54253 0.00225
3850.70963 0.00232
3851.87673 0.00236
3853.04384 0.00251
3854.21094 0.00238
3855.37805 0.00255
3856.54515 0.00274
3857.71226 0.0027
3858.87936 0.00284
3860.04647 0.00291
3861.21357 0.00309
3862.38068 0.00316
3863.54778 0.00332
3864.71489 0.00329
3865.88199 0.00354
3867.0491 0.0035
3868.2162 0.00361
3869.3833 0.00373
3870.55041 0.00363
3871.71751 0.00353
3872.88462 0.0037
3874.05172 0.0036
3875.21883 0.00355
3876.38593 0.00345
3877.55304 0.00343
3878.72014 0.00339
3879.88725 0.00318
3881.05435 0.00313
3882.22146 0.00306
3883.38856 0.003
3884.55567 0.00296
3885.72277 0.00288
3886.88988 0.0028
3888.05698 0.00262
3889.22408 0.00267
3890.39119 0.00263
3891.55829 0.00256
3892.7254 0.00251
3893.8925 0.00257
3895.05961 0.0025
3896.22671 0.00253
3897.39382 0.00249
3898.56092 0.00252
3899.72803 0.0024
3900.89513 0.00242
3902.06224 0.00239
3903.22934 0.00244
3904.39645 0.00231
3905.56355 0.00238
3906.73065 0.00249
3907.89776 0.00238
3909.06486 0.00238
3910.23197 0.00237
3911.39907 0.00251
3912.56618 0.00257
3913.73328 0.00249
3914.90039 0.00257
3916.06749 0.00282
3917.2346 0.00274
3918.4017 0.00294
3919.56881 0.00289
3920.73591 0.00305
3921.90302 0.00306
3923.07012 0.00311
3924.23722 0.00313
3925.40433 0.00307
3926.57143 0.00322
3927.73854 0.00316
3928.90564 0.00319
3930.07275 0.00307
3931.23985 0.00304
3932.40696 0.00278
3933.57406 0.00282
3934.74117 0.00276
3935.90827 0.00259
3937.07538 0.00248
3938.24248 0.00261
3939.40959 0.00249
3940.57669 0.00215
3941.74379 0.00226
3942.9109 0.00224
3944.078 0.00226
3945.24511 0.00225
3946.41221 0.00224
3947.57932 0.00223
3948.74642 0.00224
3949.91353 0.00226
3951.08063 0.00235
3952.24774 0.00224
3953.41484 0.00224
3954.58195 0.00216
3955.74905 0.00212
3956.91616 0.00201
3958.08326 0.00204
3959.25036 0.00205
3960.41747 0.00194
3961.58457 0.00197
3962.75168 0.00203
3963.91878 0.00171
3965.08589 0.00171
3966.25299 0.00167
3967.4201 0.00157
3968.5872 0.00148
3969.75431 0.00144
3970.92141 0.00143
3972.08852 0.00138
3973.25562 0.00132
3974.42273 0.00123
3975.58983 0.00131
3976.75693 0.00122
3977.92404 0.0012
3979.09114 0.00115
3980.25825 9.21299E-4
3981.42535 9.1864E-4
3982.59246 9.66097E-4
3983.75956 0.00101
3984.92667 8.72408E-4
3986.09377 9.0685E-4
3987.26088 8.10283E-4
3988.42798 7.79201E-4
3989.59509 6.68599E-4
3990.76219 8.77451E-4
3991.9293 5.72823E-4
3993.0964 5.07253E-4
3994.2635 3.37136E-4
3995.43061 4.47305E-4
3996.59771 7.46207E-5
3997.76482 1.35407E-4
3998.93192 1.94032E-6
4000.09903 0.06926
