499.95211 0.00767
501.11922 0.00434
502.28632 0.00465
503.45343 -4.30485E-4
504.62053 0.00236
505.78764 0.00194
506.95474 0.00485
508.12185 0.00553
509.28895 0.00238
510.45606 -0.00103
511.62316 -2.37992E-4
512.79027 -1.2418E-4
513.95737 0.00169
515.12448 0.00367
516.29158 0.00415
517.45868 0.00407
518.62579 0.00684
519.79289 0.00848
520.96 1.03364E-4
522.1271 -0.00139
523.29421 0.00127
524.46131 0.00289
525.62842 0.00348
526.79552 0.00571
527.96263 0.00256
529.12973 0.00291
530.29684 0.00244
531.46394 -1.42146E-4
532.63105 0.00373
533.79815 -0.00109
534.96525 -0.00191
536.13236 -0.00139
537.29946 -0.00195
538.46657 -0.00439
539.63367 -8.0912E-4
540.80078 -0.00262
541.96788 -0.00136
543.13499 -8.1888E-4
544.30209 0.00193
545.4692 0.00341
546.6363 -0.00259
547.80341 -0.00275
548.97051 0.00477
550.13762 0.0084
551.30472 -6.94632E-5
552.47182 2.92516E-4
553.63893 -4.00659E-4
554.80603 0.00495
555.97314 -0.0015
557.14024 0.00429
558.30735 0.00788
559.47445 -0.00242
560.64156 0.00412
561.80866 0.0032
562.97577 0.00137
564.14287 0.00143
565.30998 0.00187
566.47708 -1.12652E-4
567.64419 0.00119
568.81129 0.00141
569.97839 -0.00234
571.1455 0.00187
572.3126 6.24264E-4
573.47971 4.11818E-4
574.64681 0.0013
575.81392 1.3101E-4
576.98102 -0.00137
578.14813 -2.45755E-4
579.31523 -0.00165
580.48234 2.21583E-5
581.64944 3.72044E-4
582.81655 -1.52001E-5
583.98365 -5.92638E-4
585.15076 -0.00309
586.31786 -7.59734E-4
587.48496 -6.9573E-4
588.65207 -1.61165E-4
589.81917 5.84427E-4
590.98628 -0.00149
592.15338 6.32042E-4
593.32049 -4.82052E-4
594.48759 -5.73735E-4
595.6547 4.3772E-4
596.8218 3.19371E-4
597.98891 2.77838E-4
599.15601 9.92819E-4
600.32312 2.20994E-4
601.49022 7.94603E-5
602.65733 -2.87962E-4
603.82443 -2.42459E-5
604.99153 -6.73179E-4
606.15864 -2.65699E-4
607.32574 4.82022E-4
608.49285 -1.61299E-4
609.65995 2.13268E-4
610.82706 4.46559E-4
611.99416 8.0513E-4
613.16127 5.83601E-4
614.32837 5.10035E-4
615.49548 1.57681E-4
616.66258 5.04811E-4
617.82969 -8.19887E-5
618.99679 3.17274E-4
620.1639 4.48141E-4
621.331 6.70733E-4
622.4981 9.58576E-4
623.66521 0.00135
624.83231 9.87229E-4
625.99942 0.00127
627.16652 9.69619E-4
628.33363 7.03427E-4
629.50073 4.37105E-4
630.66784 2.72512E-4
631.83494 1.88418E-5
633.00205 -8.53891E-4
634.16915 -0.00109
635.33626 -0.00103
636.50336 -7.09955E-4
637.67047 -0.00107
638.83757 -6.92785E-4
640.00468 -3.30502E-4
641.17178 -4.19328E-4
642.33888 3.99309E-4
643.50599 7.83233E-4
644.67309 5.78159E-4
645.8402 6.79244E-4
647.0073 6.14374E-4
648.17441 4.78861E-4
649.34151 2.76085E-4
650.50862 -3.11585E-4
651.67572 -6.89345E-4
652.84283 -3.83121E-4
654.00993 9.15462E-5
655.17704 -3.79791E-4
656.34414 -1.68711E-4
657.51125 2.92745E-4
658.67835 6.62354E-4
659.84545 5.01117E-4
661.01256 4.76437E-4
662.17966 7.46441E-4
663.34677 6.02481E-4
664.51387 7.78705E-4
665.68098 7.2135E-4
666.84808 -9.62551E-4
668.01519 -0.00816
669.18229 -0.00103
670.3494 2.32808E-4
671.5165 3.78805E-4
672.68361 2.60486E-4
673.85071 6.04918E-4
675.01782 4.7748E-4
676.18492 3.09281E-4
677.35202 2.42836E-4
678.51913 6.31019E-4
679.68623 6.67077E-4
680.85334 6.29294E-4
682.02044 4.70132E-4
683.18755 0.00119
684.35465 0.00103
685.52176 8.26522E-4
686.68886 0.00104
687.85597 0.00153
689.02307 9.23598E-4
690.19018 7.39077E-4
691.35728 0.00138
692.52439 0.00148
693.69149 0.00124
694.85859 0.00135
696.0257 0.0015
697.1928 0.00148
698.35991 0.00168
699.52701 0.0014
700.69412 0.0017
701.86122 0.00152
703.02833 0.00137
704.19543 0.00157
705.36254 0.00146
706.52964 0.00154
707.69675 0.00148
708.86385 0.00162
710.03096 0.00132
711.19806 0.00151
712.36516 0.0014
713.53227 0.00153
714.69937 0.00129
715.86648 0.00137
717.03358 0.00123
718.20069 0.00129
719.36779 9.78457E-4
720.5349 7.79938E-4
721.702 0.00116
722.86911 8.90561E-4
724.03621 9.40207E-4
725.20332 9.93757E-4
726.37042 7.97356E-4
727.53753 7.47263E-4
728.70463 6.87513E-4
729.87173 7.43602E-4
731.03884 7.45092E-4
732.20594 4.81587E-4
733.37305 5.97484E-4
734.54015 4.92646E-4
735.70726 4.27136E-4
736.87436 2.32956E-4
738.04147 2.35642E-4
739.20857 -6.59175E-5
740.37568 -7.50915E-5
741.54278 -2.702E-4
742.70989 -3.10306E-4
743.87699 -5.01786E-4
745.0441 -5.68789E-4
746.2112 -6.412E-4
747.3783 -8.96816E-4
748.54541 -9.43782E-4
749.71251 -0.00116
750.87962 -0.00107
752.04672 -0.001
753.21383 -0.00109
754.38093 -0.00147
755.54804 -0.00156
756.71514 -0.00193
757.88225 -0.00236
759.04935 -0.00288
760.21646 -0.00282
761.38356 -0.00224
762.55067 -0.00194
763.71777 5.93051E-4
764.88488 0.02464
766.05198 0.08448
767.21908 0.12446
768.38619 0.13457
769.55329 0.12832
770.7204 0.11532
771.8875 0.09786
773.05461 0.07676
774.22171 0.05164
775.38882 0.02779
776.55592 0.01435
777.72303 0.00936
778.89013 0.00709
780.05724 0.00578
781.22434 0.00477
782.39145 0.00385
783.55855 0.00322
784.72565 0.00287
785.89276 0.00268
787.05986 0.00205
788.22697 0.00184
789.39407 0.00172
790.56118 0.00145
791.72828 0.00139
792.89539 0.00112
794.06249 0.00105
795.2296 9.16641E-4
796.3967 8.32632E-4
797.56381 8.25684E-4
798.73091 7.23856E-4
799.89802 6.23497E-4
801.06512 5.262E-4
802.23222 3.28073E-4
803.39933 4.54669E-4
804.56643 3.64602E-4
805.73354 3.57204E-4
806.90064 9.05076E-5
808.06775 9.09115E-5
809.23485 -3.41944E-5
810.40196 3.18619E-5
811.56906 -6.53861E-5
812.73617 -5.11371E-5
813.90327 -2.1787E-4
815.07038 -2.74422E-4
816.23748 -1.04098E-4
817.40459 -1.16277E-4
818.57169 -4.08537E-4
819.73879 -4.70616E-4
820.9059 -1.12479E-4
822.073 -5.0706E-4
823.24011 -4.01068E-4
824.40721 -5.13221E-4
825.57432 -4.20213E-4
826.74142 -3.98213E-4
827.90853 -3.17019E-4
829.07563 -4.11137E-4
830.24274 -3.75226E-4
831.40984 -5.16602E-4
832.57695 -3.72011E-4
833.74405 -3.03033E-4
834.91116 -2.46952E-4
836.07826 -2.36011E-4
837.24536 -2.35264E-4
838.41247 -6.34451E-5
839.57957 -1.23936E-4
840.74668 7.9188E-5
841.91378 1.39206E-4
843.08089 2.31588E-4
844.24799 1.52997E-4
845.4151 1.57021E-4
846.5822 1.70997E-4
847.74931 3.6236E-4
848.91641 4.5381E-4
850.08352 5.13851E-4
851.25062 5.78045E-4
852.41773 6.05832E-4
853.58483 7.06343E-4
854.75193 8.06304E-4
855.91904 8.21603E-4
857.08614 7.97438E-4
858.25325 9.31591E-4
859.42035 0.001
860.58746 0.00119
861.75456 9.63541E-4
862.92167 0.00107
864.08877 0.00113
865.25588 0.00122
866.42298 0.00125
867.59009 0.00121
868.75719 0.00108
869.9243 0.0012
871.0914 0.00114
872.2585 0.00107
873.42561 0.00102
874.59271 8.24075E-4
875.75982 7.04166E-4
876.92692 4.86751E-4
878.09403 4.57668E-4
879.26113 1.17707E-4
880.42824 6.46582E-5
881.59534 -2.60211E-4
882.76245 -2.49135E-4
883.92955 -5.12725E-4
885.09666 -5.76035E-4
886.26376 -6.08416E-4
887.43087 -6.71843E-4
888.59797 -5.92043E-4
889.76508 -4.31427E-4
890.93218 1.11462E-4
892.09928 3.31912E-4
893.26639 0.00141
894.43349 0.00271
895.6006 0.00598
896.7677 0.01131
897.93481 0.02054
899.10191 0.03522
900.26902 0.05625
901.43612 0.08333
902.60323 0.11494
903.77033 0.14759
904.93744 0.17815
906.10454 0.20382
907.27165 0.22271
908.43875 0.23478
909.60585 0.23982
910.77296 0.23907
911.94006 0.23285
913.10717 0.22242
914.27427 0.20836
915.44138 0.19134
916.60848 0.17193
917.77559 0.15092
918.94269 0.12882
920.1098 0.10656
921.2769 0.08499
922.44401 0.06547
923.61111 0.04885
924.77822 0.03593
925.94532 0.02628
927.11242 0.01919
928.27953 0.0145
929.44663 0.01113
930.61374 0.00888
931.78084 0.00724
932.94795 0.00613
934.11505 0.00505
935.28216 0.00439
936.44926 0.00367
937.61637 0.00316
938.78347 0.00261
939.95058 0.00223
941.11768 0.00183
942.28479 0.00158
943.45189 0.00126
944.61899 0.00101
945.7861 7.14683E-4
946.9532 4.91947E-4
948.12031 3.50368E-4
949.28741 6.27681E-5
950.45452 -2.0584E-5
951.62162 -1.74451E-4
952.78873 -1.88347E-4
953.95583 -3.58648E-4
955.12294 -3.42062E-4
956.29004 -4.40984E-4
957.45715 -4.75434E-4
958.62425 -4.77768E-4
959.79136 -4.04905E-4
960.95846 -4.01723E-4
962.12556 -3.98117E-4
963.29267 -2.76936E-4
964.45977 -2.31533E-4
965.62688 -1.4084E-4
966.79398 -1.92484E-4
967.96109 -3.56788E-5
969.12819 -1.04121E-4
970.2953 4.29893E-5
971.4624 3.65008E-5
972.62951 1.51653E-4
973.79661 4.8503E-5
974.96372 1.26039E-4
976.13082 1.67394E-4
977.29793 1.97195E-4
978.46503 1.24168E-4
979.63213 2.04605E-4
980.79924 1.91734E-4
981.96634 8.89179E-5
983.13345 1.06329E-4
984.30055 3.80159E-5
985.46766 5.57811E-5
986.63476 9.56583E-6
987.80187 9.1198E-5
988.96897 -5.28378E-5
990.13608 3.12194E-5
991.30318 -2.81947E-5
992.47029 4.42109E-5
993.63739 -5.6685E-5
994.8045 -1.42611E-5
995.9716 -2.88932E-5
997.1387 -6.12788E-5
998.30581 1.62096E-5
999.47291 2.02464E-5
1000.64002 7.56544E-5
1001.80712 1.57461E-4
1002.97423 3.05223E-4
1004.14133 3.08591E-4
1005.30844 5.0218E-4
1006.47554 5.64063E-4
1007.64265 8.1256E-4
1008.80975 8.47953E-4
1009.97686 0.00104
1011.14396 0.00103
1012.31107 0.00122
1013.47817 0.00133
1014.64528 0.00154
1015.81238 0.00186
1016.97948 0.00239
1018.14659 0.00301
1019.31369 0.00377
1020.4808 0.00483
1021.6479 0.00588
1022.81501 0.00725
1023.98211 0.00857
1025.14922 0.00995
1026.31632 0.01125
1027.48343 0.01246
1028.65053 0.01331
1029.81764 0.0142
1030.98474 0.01459
1032.15185 0.01495
1033.31895 0.01496
1034.48605 0.01478
1035.65316 0.01455
1036.82026 0.01419
1037.98737 0.01363
1039.15447 0.01313
1040.32158 0.01254
1041.48868 0.0118
1042.65579 0.01117
1043.82289 0.01036
1044.99 0.00963
1046.1571 0.00873
1047.32421 0.00815
1048.49131 0.00758
1049.65842 0.00709
1050.82552 0.0066
1051.99262 0.00625
1053.15973 0.00592
1054.32683 0.00576
1055.49394 0.00566
1056.66104 0.00539
1057.82815 0.00542
1058.99525 0.0053
1060.16236 0.00539
1061.32946 0.00532
1062.49657 0.00543
1063.66367 0.00528
1064.83078 0.00539
1065.99788 0.00545
1067.16499 0.0055
1068.33209 0.00539
1069.49919 0.0055
1070.6663 0.00552
1071.8334 0.0055
1073.00051 0.00561
1074.16761 0.00554
1075.33472 0.00555
1076.50182 0.00548
1077.66893 0.0055
1078.83603 0.00549
1080.00314 0.00549
1081.17024 0.00531
1082.33735 0.00555
1083.50445 0.0053
1084.67156 0.00531
1085.83866 0.00519
1087.00576 0.00533
1088.17287 0.0052
1089.33997 0.00499
1090.50708 0.00503
1091.67418 0.00496
1092.84129 0.00489
1094.00839 0.00476
1095.1755 0.00491
1096.3426 0.00462
1097.50971 0.0046
1098.67681 0.00452
1099.84392 0.00451
1101.01102 0.00444
1102.17813 0.00442
1103.34523 0.00426
1104.51233 0.0041
1105.67944 0.004
1106.84654 0.00384
1108.01365 0.00363
1109.18075 0.00332
1110.34786 0.00314
1111.51496 0.00295
1112.68207 0.00242
1113.84917 0.00167
1115.01628 0.00147
1116.18338 9.26169E-4
1117.35049 6.05882E-4
1118.51759 1.48538E-4
1119.6847 6.33935E-5
1120.8518 -4.92E-4
1122.0189 -6.98412E-4
1123.18601 -0.00111
1124.35311 -0.0015
1125.52022 -0.00193
1126.68732 -0.00245
1127.85443 -0.00263
1129.02153 -0.00292
1130.18864 -0.00293
1131.35574 -0.0031
1132.52285 -0.00261
1133.68995 -0.00221
1134.85706 -0.00108
1136.02416 3.30948E-4
1137.19127 0.00256
1138.35837 0.00603
1139.52548 0.01138
1140.69258 0.01881
1141.85968 0.02998
1143.02679 0.04642
1144.19389 0.07097
1145.361 0.10579
1146.5281 0.15192
1147.69521 0.20779
1148.86231 0.26777
1150.02942 0.32622
1151.19652 0.37875
1152.36363 0.42372
1153.53073 0.46115
1154.69784 0.49191
1155.86494 0.51856
1157.03205 0.54225
1158.19915 0.56392
1159.36625 0.58428
1160.53336 0.60363
1161.70046 0.62049
1162.86757 0.63373
1164.03467 0.64221
1165.20178 0.64498
1166.36888 0.64115
1167.53599 0.63029
1168.70309 0.61157
1169.8702 0.58513
1171.0373 0.55186
1172.20441 0.51206
1173.37151 0.46485
1174.53862 0.41186
1175.70572 0.35259
1176.87282 0.2878
1178.03993 0.21838
1179.20703 0.15043
1180.37414 0.09378
1181.54124 0.05498
1182.70835 0.03166
1183.87545 0.01839
1185.04256 0.01036
1186.20966 0.00531
1187.37677 0.00225
1188.54387 3.53858E-4
1189.71098 -3.59343E-5
1190.87808 6.64784E-4
1192.04519 0.00366
1193.21229 0.00989
1194.37939 0.02198
1195.5465 0.04353
1196.7136 0.07977
1197.88071 0.1352
1199.04781 0.21271
1200.21492 0.30921
1201.38202 0.41624
1202.54913 0.52404
1203.71623 0.62339
1204.88334 0.70959
1206.05044 0.7798
1207.21755 0.83382
1208.38465 0.87136
1209.55176 0.8956
1210.71886 0.90625
1211.88596 0.90722
1213.05307 0.89811
1214.22017 0.88208
1215.38728 0.8599
1216.55438 0.83324
1217.72149 0.80436
1218.88859 0.77378
1220.0557 0.74293
1221.2228 0.71225
1222.38991 0.68256
1223.55701 0.65314
1224.72412 0.625
1225.89122 0.59665
1227.05833 0.56877
1228.22543 0.54039
1229.39253 0.51112
1230.55964 0.48077
1231.72674 0.44938
1232.89385 0.41618
1234.06095 0.38169
1235.22806 0.34562
1236.39516 0.30858
1237.56227 0.27167
1238.72937 0.23622
1239.89648 0.20352
1241.06358 0.1748
1242.23069 0.15044
1243.39779 0.13001
1244.5649 0.11323
1245.732 0.09918
1246.8991 0.08769
1248.06621 0.07788
1249.23331 0.06977
1250.40042 0.0627
1251.56752 0.0568
1252.73463 0.05156
1253.90173 0.04706
1255.06884 0.04308
1256.23594 0.03959
1257.40305 0.0365
1258.57015 0.03363
1259.73726 0.03113
1260.90436 0.02875
1262.07147 0.02671
1263.23857 0.02465
1264.40568 0.02292
1265.57278 0.02118
1266.73988 0.01975
1267.90699 0.0182
1269.07409 0.01688
1270.2412 0.01554
1271.4083 0.0144
1272.57541 0.01326
1273.74251 0.01221
1274.90962 0.01127
1276.07672 0.01026
1277.24383 0.00941
1278.41093 0.00854
1279.57804 0.00781
1280.74514 0.00705
1281.91225 0.00641
1283.07935 0.00569
1284.24645 0.00516
1285.41356 0.00451
1286.58066 0.00405
1287.74777 0.00349
1288.91487 0.00302
1290.08198 0.00264
1291.24908 0.0022
1292.41619 0.00184
1293.58329 0.00147
1294.7504 0.00117
1295.9175 8.11345E-4
1297.08461 5.87761E-4
1298.25171 2.87901E-4
1299.41882 1.44304E-4
1300.58592 -1.33681E-4
1301.75302 -2.37849E-4
1302.92013 -5.11643E-4
1304.08723 -5.56736E-4
1305.25434 -7.4083E-4
1306.42144 -8.17813E-4
1307.58855 -9.81404E-4
1308.75565 -0.00108
1309.92276 -0.00117
1311.08986 -0.0012
1312.25697 -0.00127
1313.42407 -0.00139
1314.59118 -0.00136
1315.75828 -0.0015
1316.92539 -0.00144
1318.09249 -0.00154
1319.25959 -0.00147
1320.4267 -0.00154
1321.5938 -0.00148
1322.76091 -0.00154
1323.92801 -0.00142
1325.09512 -0.00151
1326.26222 -0.00142
1327.42933 -0.00144
1328.59643 -0.00137
1329.76354 -0.00134
1330.93064 -0.00134
1332.09775 -0.00125
1333.26485 -0.00132
1334.43196 -0.00134
1335.59906 -0.00135
1336.76616 -0.00116
1337.93327 -0.00112
1339.10037 -9.96444E-4
1340.26748 -9.26538E-4
1341.43458 -7.31728E-4
1342.60169 -6.47025E-4
1343.76879 -4.71915E-4
1344.9359 -3.56311E-4
1346.103 -2.24207E-4
1347.27011 -6.11234E-5
1348.43721 -4.49824E-5
1349.60432 -1.43181E-5
1350.77142 -6.74954E-5
1351.93853 -9.10486E-5
1353.10563 -1.83573E-4
1354.27273 -2.25875E-4
1355.43984 -2.69769E-4
1356.60694 -1.50755E-4
1357.77405 -1.17836E-4
1358.94115 1.93609E-4
1360.10826 5.20439E-4
1361.27536 0.00116
1362.44247 0.00206
1363.60957 0.0033
1364.77668 0.00492
1365.94378 0.00702
1367.11089 0.00942
1368.27799 0.01217
1369.4451 0.01542
1370.6122 0.01869
1371.7793 0.0223
1372.94641 0.02576
1374.11351 0.02918
1375.28062 0.03237
1376.44772 0.03527
1377.61483 0.0377
1378.78193 0.0399
1379.94904 0.04148
1381.11614 0.04274
1382.28325 0.04357
1383.45035 0.04411
1384.61746 0.0443
1385.78456 0.04416
1386.95167 0.0439
1388.11877 0.04334
1389.28588 0.04256
1390.45298 0.04139
1391.62008 0.04012
1392.78719 0.03835
1393.95429 0.0363
1395.1214 0.03405
1396.2885 0.03165
1397.45561 0.02895
1398.62271 0.02617
1399.78982 0.02326
1400.95692 0.02031
1402.12403 0.01737
1403.29113 0.01454
1404.45824 0.0119
1405.62534 0.00948
1406.79245 0.00745
1407.95955 0.0056
1409.12665 0.00405
1410.29376 0.00267
1411.46086 0.00171
1412.62797 9.07458E-4
1413.79507 4.21977E-4
1414.96218 7.55618E-6
1416.12928 -2.87091E-7
1417.29639 4.27564E-4
1418.46349 0.00171
1419.6306 0.00433
1420.7977 0.00871
1421.96481 0.01504
1423.13191 0.02347
1424.29902 0.03417
1425.46612 0.04679
1426.63322 0.06141
1427.80033 0.07736
1428.96743 0.09438
1430.13454 0.11101
1431.30164 0.1264
1432.46875 0.1385
1433.63585 0.1462
1434.80296 0.14835
1435.97006 0.14463
1437.13717 0.13571
1438.30427 0.12328
1439.47138 0.10988
1440.63848 0.09873
1441.80559 0.09318
1442.97269 0.09452
1444.13979 0.10171
1445.3069 0.11099
1446.474 0.11975
1447.64111 0.12613
1448.80821 0.13015
1449.97532 0.13168
1451.14242 0.13148
1452.30953 0.12979
1453.47663 0.12735
1454.64374 0.12439
1455.81084 0.12115
1456.97795 0.11779
1458.14505 0.11427
1459.31216 0.11044
1460.47926 0.10608
1461.64636 0.10136
1462.81347 0.09607
1463.98057 0.09044
1465.14768 0.0844
1466.31478 0.07821
1467.48189 0.07168
1468.64899 0.0652
1469.8161 0.05883
1470.9832 0.05261
1472.15031 0.04651
1473.31741 0.04086
1474.48452 0.03572
1475.65162 0.03104
1476.81873 0.027
1477.98583 0.02345
1479.15293 0.02045
1480.32004 0.01775
1481.48714 0.01563
1482.65425 0.0137
1483.82135 0.01216
1484.98846 0.01077
1486.15556 0.00971
1487.32267 0.00866
1488.48977 0.00789
1489.65688 0.0071
1490.82398 0.00661
1491.99109 0.00609
1493.15819 0.00571
1494.3253 0.00535
1495.4924 0.00494
1496.6595 0.00477
1497.82661 0.00446
1498.99371 0.00431
1500.16082 0.00409
1501.32792 0.00397
1502.49503 0.00372
1503.66213 0.00365
1504.82924 0.00334
1505.99634 0.00325
1507.16345 0.003
1508.33055 0.00297
1509.49766 0.00279
1510.66476 0.00268
1511.83187 0.00253
1512.99897 0.00243
1514.16608 0.00237
1515.33318 0.00223
1516.50028 0.00214
1517.66739 0.002
1518.83449 0.00191
1520.0016 0.00163
1521.1687 0.00139
1522.33581 9.25406E-4
1523.50291 6.11526E-4
1524.67002 2.2E-4
1525.83712 6.72611E-5
1527.00423 -2.0971E-4
1528.17133 -2.8619E-4
1529.33844 -2.0944E-4
1530.50554 8.32231E-5
1531.67265 3.3673E-4
1532.83975 4.07609E-4
1534.00685 4.36408E-4
1535.17396 3.9336E-4
1536.34106 3.92863E-4
1537.50817 2.37919E-4
1538.67527 6.6974E-5
1539.84238 4.20958E-6
1541.00948 1.1072E-4
1542.17659 4.63623E-5
1543.34369 1.14096E-4
1544.5108 1.13604E-5
1545.6779 -1.0009E-4
1546.84501 -2.83419E-4
1548.01211 -5.38955E-4
1549.17922 -8.61214E-4
1550.34632 -0.00123
1551.51342 -0.0014
1552.68053 -0.00138
1553.84763 -0.00111
1555.01474 -6.70048E-4
1556.18184 -3.46217E-4
1557.34895 -2.58746E-4
1558.51605 -1.22131E-4
1559.68316 -1.23022E-4
1560.85026 8.69201E-5
1562.01737 1.46401E-4
1563.18447 2.27291E-4
1564.35158 2.15875E-4
1565.51868 2.69686E-4
1566.68579 2.47386E-4
1567.85289 2.5702E-4
1569.01999 2.27531E-4
1570.1871 2.57183E-4
1571.3542 3.27426E-4
1572.52131 2.30108E-4
1573.68841 2.58296E-4
1574.85552 2.11345E-4
1576.02262 1.31119E-4
1577.18973 1.84364E-4
1578.35683 1.9561E-4
1579.52394 1.37797E-4
1580.69104 1.70438E-4
1581.85815 1.01666E-4
1583.02525 9.90066E-5
1584.19236 6.43687E-5
1585.35946 6.39522E-6
1586.52656 3.54436E-5
1587.69367 4.87282E-6
1588.86077 -3.66073E-5
1590.02788 -9.52516E-5
1591.19498 -6.68136E-5
1592.36209 -1.24659E-4
1593.52919 -8.42966E-5
1594.6963 -1.30611E-4
1595.8634 -3.91348E-5
1597.03051 -8.68491E-5
1598.19761 -1.8156E-5
1599.36472 -6.50328E-5
1600.53182 1.05709E-5
1601.69893 -4.34896E-5
1602.86603 -1.69109E-5
1604.03313 4.52568E-5
1605.20024 4.67141E-5
1606.36734 4.0292E-5
1607.53445 6.01636E-5
1608.70155 1.19988E-4
1609.86866 8.87965E-5
1611.03576 2.16159E-4
1612.20287 1.3793E-4
1613.36997 2.2337E-4
1614.53708 1.45609E-4
1615.70418 2.45794E-4
1616.87129 2.21111E-4
1618.03839 3.38606E-4
1619.2055 3.09975E-4
1620.3726 3.94976E-4
1621.5397 2.93787E-4
1622.70681 2.46415E-4
1623.87391 2.39013E-4
1625.04102 2.05355E-4
1626.20812 3.07561E-4
1627.37523 1.849E-4
1628.54233 2.83365E-4
1629.70944 1.38106E-4
1630.87654 2.32501E-4
1632.04365 1.0853E-4
1633.21075 2.49967E-4
1634.37786 1.49645E-4
1635.54496 1.31357E-4
1636.71207 1.96171E-4
1637.87917 2.23004E-4
1639.04628 2.14277E-4
1640.21338 1.91938E-4
1641.38048 2.14658E-4
1642.54759 1.86549E-4
1643.71469 1.5903E-4
1644.8818 8.15534E-5
1646.0489 1.42379E-4
1647.21601 2.18673E-5
1648.38311 8.1137E-5
1649.55022 -2.29294E-5
1650.71732 4.29493E-5
1651.88443 -1.79147E-4
1653.05153 -1.64264E-4
1654.21864 -4.29559E-5
1655.38574 2.16154E-4
1656.55285 4.06195E-4
1657.71995 6.94963E-4
1658.88705 0.00121
1660.05416 0.00194
1661.22126 0.00295
1662.38837 0.00418
1663.55547 0.00576
1664.72258 0.00738
1665.88968 0.0094
1667.05679 0.01148
1668.22389 0.014
1669.391 0.01678
1670.5581 0.02021
1671.72521 0.02402
1672.89231 0.02837
1674.05942 0.03288
1675.22652 0.0374
1676.39362 0.04177
1677.56073 0.04541
1678.72783 0.04816
1679.89494 0.04973
1681.06204 0.05011
1682.22915 0.0493
1683.39625 0.04753
1684.56336 0.04509
1685.73046 0.04279
1686.89757 0.04051
1688.06467 0.03881
1689.23178 0.03814
1690.39888 0.03892
1691.56599 0.04161
1692.73309 0.04723
1693.90019 0.05712
1695.0673 0.07396
1696.2344 0.10199
1697.40151 0.14557
1698.56861 0.20706
1699.73572 0.28374
1700.90282 0.36911
1702.06993 0.45704
1703.23703 0.54484
1704.40414 0.63176
1705.57124 0.71742
1706.73835 0.80153
1707.90545 0.8838
1709.07256 0.9631
1710.23966 1.03943
1711.40676 1.11139
1712.57387 1.17943
1713.74097 1.24111
1714.90808 1.29723
1716.07518 1.34726
1717.24229 1.38743
1718.40939 1.42288
1719.5765 1.44756
1720.7436 1.46406
1721.91071 1.47011
1723.07781 1.46594
1724.24492 1.4496
1725.41202 1.42265
1726.57913 1.38487
1727.74623 1.3358
1728.91333 1.27688
1730.08044 1.20915
1731.24754 1.13354
1732.41465 1.05242
1733.58175 0.96613
1734.74886 0.87517
1735.91596 0.7794
1737.08307 0.6761
1738.25017 0.56073
1739.41728 0.4295
1740.58438 0.30177
1741.75149 0.21518
1742.91859 0.1688
1744.0857 0.14158
1745.2528 0.12289
1746.4199 0.10843
1747.58701 0.09697
1748.75411 0.08734
1749.92122 0.07941
1751.08832 0.07243
1752.25543 0.06667
1753.42253 0.06154
1754.58964 0.05702
1755.75674 0.05313
1756.92385 0.04959
1758.09095 0.04655
1759.25806 0.0437
1760.42516 0.04126
1761.59227 0.03884
1762.75937 0.03687
1763.92648 0.03489
1765.09358 0.03319
1766.26068 0.03156
1767.42779 0.03008
1768.59489 0.02866
1769.762 0.02743
1770.9291 0.02622
1772.09621 0.02498
1773.26331 0.0241
1774.43042 0.02305
1775.59752 0.02219
1776.76463 0.02132
1777.93173 0.02056
1779.09884 0.01977
1780.26594 0.01912
1781.43305 0.01842
1782.60015 0.01782
1783.76725 0.01722
1784.93436 0.01675
1786.10146 0.01633
1787.26857 0.01589
1788.43567 0.01551
1789.60278 0.01522
1790.76988 0.01497
1791.93699 0.01477
1793.10409 0.01468
1794.2712 0.01455
1795.4383 0.01461
1796.60541 0.01453
1797.77251 0.01466
1798.93962 0.01467
1800.10672 0.01479
1801.27382 0.01487
1802.44093 0.01493
1803.60803 0.01498
1804.77514 0.01505
1805.94224 0.01496
1807.10935 0.01487
1808.27645 0.01476
1809.44356 0.01453
1810.61066 0.01427
1811.77777 0.01389
1812.94487 0.01358
1814.11198 0.01304
1815.27908 0.0126
1816.44619 0.01203
1817.61329 0.0115
1818.78039 0.01082
1819.9475 0.01028
1821.1146 0.0096
1822.28171 0.00898
1823.44881 0.00836
1824.61592 0.00773
1825.78302 0.00711
1826.95013 0.00648
1828.11723 0.00595
1829.28434 0.00535
1830.45144 0.00483
1831.61855 0.00424
1832.78565 0.00379
1833.95276 0.00329
1835.11986 0.0029
1836.28696 0.00243
1837.45407 0.00205
1838.62117 0.00167
1839.78828 0.00132
1840.95538 0.001
1842.12249 6.74922E-4
1843.28959 3.65596E-4
1844.4567 1.04738E-4
1845.6238 -1.0514E-4
1846.79091 -3.56195E-4
1847.95801 -4.87279E-4
1849.12512 -7.19551E-4
1850.29222 -8.03452E-4
1851.45933 -0.00102
1852.62643 -0.00114
1853.79353 -0.00131
1854.96064 -0.00141
1856.12774 -0.00152
1857.29485 -0.00161
1858.46195 -0.00172
1859.62906 -0.00184
1860.79616 -0.00194
1861.96327 -0.00202
1863.13037 -0.00209
1864.29748 -0.00218
1865.46458 -0.00225
1866.63169 -0.00238
1867.79879 -0.00237
1868.9659 -0.00254
1870.133 -0.00248
1871.3001 -0.0026
1872.46721 -0.0026
1873.63431 -0.00272
1874.80142 -0.00274
1875.96852 -0.00277
1877.13563 -0.0028
1878.30273 -0.00288
1879.46984 -0.00289
1880.63694 -0.00294
1881.80405 -0.00297
1882.97115 -0.00297
1884.13826 -0.00305
1885.30536 -0.00297
1886.47247 -0.00308
1887.63957 -0.00304
1888.80668 -0.00316
1889.97378 -0.00309
1891.14088 -0.00313
1892.30799 -0.00309
1893.47509 -0.00314
1894.6422 -0.00312
1895.8093 -0.00317
1896.97641 -0.00315
1898.14351 -0.00314
1899.31062 -0.00316
1900.47772 -0.00309
1901.64483 -0.00318
1902.81193 -0.0031
1903.97904 -0.00315
1905.14614 -0.00307
1906.31325 -0.00306
1907.48035 -0.00295
1908.64745 -0.00296
1909.81456 -0.0028
1910.98166 -0.00271
1912.14877 -0.00246
1913.31587 -0.00223
1914.48298 -0.00198
1915.65008 -0.00171
1916.81719 -0.00141
1917.98429 -0.00111
1919.1514 -8.40568E-4
1920.3185 -6.16993E-4
1921.48561 -4.87972E-4
1922.65271 -3.4982E-4
1923.81982 -3.06276E-4
1924.98692 -1.89746E-4
1926.15402 -2.30919E-4
1927.32113 -2.22677E-4
1928.48823 -2.937E-4
1929.65534 -3.036E-4
1930.82244 -3.68431E-4
1931.98955 -4.40548E-4
1933.15665 -5.7757E-4
1934.32376 -6.51009E-4
1935.49086 -7.60079E-4
1936.65797 -8.95719E-4
1937.82507 -9.63093E-4
1938.99218 -0.00112
1940.15928 -0.00123
1941.32639 -0.00135
1942.49349 -0.00148
1943.66059 -0.00166
1944.8277 -0.00173
1945.9948 -0.00188
1947.16191 -0.00195
1948.32901 -0.00209
1949.49612 -0.00209
1950.66322 -0.0022
1951.83033 -0.00224
1952.99743 -0.00222
1954.16454 -0.00226
1955.33164 -0.00224
1956.49875 -0.00223
1957.66585 -0.00211
1958.83296 -0.00209
1960.00006 -0.00182
1961.16716 -0.00165
1962.33427 -0.00128
1963.50137 -9.5087E-4
1964.66848 -3.60036E-4
1965.83558 1.82638E-4
1967.00269 9.32253E-4
1968.16979 0.00162
1969.3369 0.00233
1970.504 0.00297
1971.67111 0.0035
1972.83821 0.00403
1974.00532 0.00424
1975.17242 0.00445
1976.33953 0.00441
1977.50663 0.00437
1978.67373 0.00417
1979.84084 0.00393
1981.00794 0.00366
1982.17505 0.00339
1983.34215 0.00308
1984.50926 0.00278
1985.67636 0.00243
1986.84347 0.0022
1988.01057 0.00192
1989.17768 0.00167
1990.34478 0.00139
1991.51189 0.00119
1992.67899 0.00105
1993.8461 8.32488E-4
1995.0132 6.35218E-4
1996.1803 4.38269E-4
1997.34741 4.00704E-4
1998.51451 1.39573E-4
1999.68162 2.79252E-5
2000.84872 -9.40494E-5
2002.01583 -1.61964E-4
2003.18293 -3.88469E-4
2004.35004 -3.95991E-4
2005.51714 -4.26231E-4
2006.68425 -5.599E-4
2007.85135 -5.72405E-4
2009.01846 -6.40986E-4
2010.18556 -6.12085E-4
2011.35267 -6.7478E-4
2012.51977 -5.92445E-4
2013.68688 -6.74077E-4
2014.85398 -5.92369E-4
2016.02108 -5.98539E-4
2017.18819 -4.52074E-4
2018.35529 -4.4971E-4
2019.5224 -4.0504E-4
2020.6895 -3.26109E-4
2021.85661 -2.4546E-4
2023.02371 -1.96997E-4
2024.19082 -1.26554E-4
2025.35792 -1.60225E-4
2026.52503 7.15163E-6
2027.69213 5.95639E-5
2028.85924 8.06478E-5
2030.02634 9.60329E-5
2031.19345 1.54524E-4
2032.36055 2.63002E-4
2033.52765 3.05416E-4
2034.69476 3.92176E-4
2035.86186 4.04074E-4
2037.02897 5.17423E-4
2038.19607 6.0084E-4
2039.36318 7.02702E-4
2040.53028 8.53205E-4
2041.69739 9.43573E-4
2042.86449 0.00118
2044.0316 0.00145
2045.1987 0.00179
2046.36581 0.00213
2047.53291 0.00266
2048.70002 0.00321
2049.86712 0.00386
2051.03422 0.00453
2052.20133 0.0054
2053.36843 0.0062
2054.53554 0.00696
2055.70264 0.00771
2056.86975 0.00853
2058.03685 0.00918
2059.20396 0.00986
2060.37106 0.01039
2061.53817 0.01081
2062.70527 0.01113
2063.87238 0.01133
2065.03948 0.01149
2066.20659 0.01136
2067.37369 0.01123
2068.54079 0.011
2069.7079 0.01066
2070.875 0.01026
2072.04211 0.00984
2073.20921 0.00927
2074.37632 0.00866
2075.54342 0.00813
2076.71053 0.00757
2077.87763 0.00704
2079.04474 0.00655
2080.21184 0.00595
2081.37895 0.00544
2082.54605 0.00493
2083.71316 0.00446
2084.88026 0.00398
2086.04736 0.00359
2087.21447 0.00328
2088.38157 0.00288
2089.54868 0.00268
2090.71578 0.00237
2091.88289 0.0022
2093.04999 0.00207
2094.2171 0.00207
2095.3842 0.00207
2096.55131 0.00225
2097.71841 0.00253
2098.88552 0.00288
2100.05262 0.00344
2101.21973 0.004
2102.38683 0.00474
2103.55393 0.00558
2104.72104 0.00643
2105.88814 0.00727
2107.05525 0.00814
2108.22235 0.00883
2109.38946 0.00966
2110.55656 0.01023
2111.72367 0.01076
2112.89077 0.01109
2114.05788 0.01141
2115.22498 0.0115
2116.39209 0.01151
2117.55919 0.01146
2118.7263 0.01122
2119.8934 0.01099
2121.0605 0.01065
2122.22761 0.01031
2123.39471 0.00995
2124.56182 0.00954
2125.72892 0.00916
2126.89603 0.00883
2128.06313 0.00853
2129.23024 0.0084
2130.39734 0.0082
2131.56445 0.00821
2132.73155 0.00811
2133.89866 0.00806
2135.06576 0.00791
2136.23287 0.0075
2137.39997 0.00696
2138.56708 0.00621
2139.73418 0.00541
2140.90128 0.00451
2142.06839 0.00395
2143.23549 0.00334
2144.4026 0.00298
2145.5697 0.00255
2146.73681 0.00234
2147.90391 0.00199
2149.07102 0.0018
2150.23812 0.0015
2151.40523 0.0013
2152.57233 0.00108
2153.73944 8.98388E-4
2154.90654 7.80017E-4
2156.07365 5.84928E-4
2157.24075 5.68599E-4
2158.40785 3.74515E-4
2159.57496 3.24475E-4
2160.74206 1.96129E-4
2161.90917 1.86676E-4
2163.07627 6.93719E-5
2164.24338 7.29731E-5
2165.41048 4.64916E-6
2166.57759 -1.37827E-5
2167.74469 -5.95485E-5
2168.9118 -6.9159E-5
2170.0789 -6.56174E-5
2171.24601 -1.76174E-4
2172.41311 -1.80541E-4
2173.58022 -1.71605E-4
2174.74732 -2.09162E-4
2175.91442 -2.26515E-4
2177.08153 -1.92286E-4
2178.24863 -2.20058E-4
2179.41574 -1.88608E-4
2180.58284 -2.69854E-4
2181.74995 -2.09017E-4
2182.91705 -2.11497E-4
2184.08416 -2.06248E-4
2185.25126 -2.15102E-4
2186.41837 -1.83414E-4
2187.58547 -2.35619E-4
2188.75258 -2.1891E-4
2189.91968 -2.10319E-4
2191.08679 -1.61386E-4
2192.25389 -1.31304E-4
2193.42099 -1.41445E-4
2194.5881 -6.83747E-5
2195.7552 -8.74734E-5
2196.92231 -4.40547E-6
2198.08941 -2.57435E-5
2199.25652 3.16965E-5
2200.42362 -3.27586E-5
2201.59073 8.71126E-5
2202.75783 3.74912E-5
2203.92494 -7.86395E-6
2205.09204 1.67862E-5
2206.25915 3.16023E-5
2207.42625 1.05855E-5
2208.59336 -6.47511E-5
2209.76046 -4.63643E-5
2210.92756 -1.2755E-4
2212.09467 -1.26679E-4
2213.26177 -1.67744E-4
2214.42888 -1.60726E-4
2215.59598 -1.87901E-4
2216.76309 -2.11813E-4
2217.93019 -2.27027E-4
2219.0973 -1.93338E-4
2220.2644 -2.63703E-4
2221.43151 -2.22187E-4
2222.59861 -2.44384E-4
2223.76572 -2.4296E-4
2224.93282 -2.4645E-4
2226.09993 -2.60646E-4
2227.26703 -2.31973E-4
2228.43413 -2.25934E-4
2229.60124 -1.98543E-4
2230.76834 -2.43902E-4
2231.93545 -1.91108E-4
2233.10255 -1.9443E-4
2234.26966 -1.91974E-4
2235.43676 -2.27161E-4
2236.60387 -2.16265E-4
2237.77097 -2.54043E-4
2238.93808 -2.21512E-4
2240.10518 -1.76073E-4
2241.27229 -2.09213E-4
2242.43939 -1.92141E-4
2243.6065 -1.98743E-4
2244.7736 -2.06624E-4
2245.9407 -2.52792E-4
2247.10781 -2.11365E-4
2248.27491 -1.71075E-4
2249.44202 -2.29715E-4
2250.60912 -2.1E-4
2251.77623 -2.13219E-4
2252.94333 -2.73771E-4
2254.11044 -1.6887E-4
2255.27754 -2.75065E-4
2256.44465 -1.48758E-4
2257.61175 -2.57768E-4
2258.77886 -1.81989E-4
2259.94596 -1.32502E-4
2261.11307 -2.37246E-4
2262.28017 -1.80356E-4
2263.44728 -1.87185E-4
2264.61438 -1.85121E-4
2265.78148 -1.5167E-4
2266.94859 -1.09504E-4
2268.11569 -1.78864E-4
2269.2828 -2.41159E-5
2270.4499 -6.37006E-5
2271.61701 -3.59281E-5
2272.78411 5.74176E-5
2273.95122 1.45765E-4
2275.11832 9.17353E-5
2276.28543 2.50244E-4
2277.45253 2.86805E-4
2278.61964 3.83517E-4
2279.78674 4.74746E-4
2280.95385 5.06108E-4
2282.12095 6.49596E-4
2283.28805 7.96511E-4
2284.45516 9.23052E-4
2285.62226 0.00103
2286.78937 0.00118
2287.95647 0.00135
2289.12358 0.00148
2290.29068 0.00165
2291.45779 0.00185
2292.62489 0.00205
2293.792 0.00222
2294.9591 0.00241
2296.12621 0.00259
2297.29331 0.00273
2298.46042 0.00295
2299.62752 0.003
2300.79462 0.00327
2301.96173 0.0031
2303.12883 0.00348
2304.29594 0.00314
2305.46304 0.00374
2306.63015 0.00314
2307.79725 0.0037
2308.96436 0.00323
2310.13146 0.00342
2311.29857 0.00348
2312.46567 0.00289
2313.63278 0.00372
2314.79988 0.00262
2315.96699 0.00353
2317.13409 0.00265
2318.30119 0.00287
2319.4683 0.00305
2320.6354 0.00165
2321.80251 0.00311
2322.96961 0.00188
2324.13672 0.00234
2325.30382 0.00271
2326.47093 0.00181
2327.63803 0.00263
2328.80514 0.00211
2329.97224 0.0015
2331.13935 0.00259
2332.30645 0.00187
2333.47356 0.00191
2334.64066 0.0028
2335.80776 0.00184
2336.97487 0.00215
2338.14197 0.00321
2339.30908 0.00363
2340.47618 0.0044
2341.64329 0.00599
2342.81039 0.0053
2343.9775 0.00363
2345.1446 0.0035
2346.31171 0.00371
2347.47881 0.00355
2348.64592 0.00455
2349.81302 0.00408
2350.98013 0.00332
2352.14723 0.0038
2353.31433 0.00403
2354.48144 0.00364
2355.64854 0.0032
2356.81565 0.00304
2357.98275 0.00308
2359.14986 0.00347
2360.31696 0.00338
2361.48407 0.00328
2362.65117 0.00307
2363.81828 0.00294
2364.98538 0.00293
2366.15249 0.00316
2367.31959 0.00321
2368.4867 0.00339
2369.6538 0.00337
2370.8209 0.00342
2371.98801 0.00347
2373.15511 0.00352
2374.32222 0.00365
2375.48932 0.00371
2376.65643 0.00392
2377.82353 0.00403
2378.99064 0.00419
2380.15774 0.00421
2381.32485 0.00425
2382.49195 0.0042
2383.65906 0.00414
2384.82616 0.0041
2385.99327 0.00405
2387.16037 0.00395
2388.32748 0.00394
2389.49458 0.00379
2390.66168 0.00382
2391.82879 0.00388
2392.99589 0.00391
2394.163 0.00404
2395.3301 0.00419
2396.49721 0.00431
2397.66431 0.0045
2398.83142 0.00473
2399.99852 0.00497
2401.16563 0.00527
2402.33273 0.00555
2403.49984 0.00582
2404.66694 0.00606
2405.83405 0.00629
2407.00115 0.00659
2408.16825 0.0068
2409.33536 0.00705
2410.50246 0.00721
2411.66957 0.00732
2412.83667 0.00748
2414.00378 0.00756
2415.17088 0.00763
2416.33799 0.00767
2417.50509 0.00771
2418.6722 0.00766
2419.8393 0.00761
2421.00641 0.00762
2422.17351 0.00753
2423.34062 0.00746
2424.50772 0.00731
2425.67482 0.00727
2426.84193 0.00707
2428.00903 0.00703
2429.17614 0.00681
2430.34324 0.00672
2431.51035 0.00655
2432.67745 0.00633
2433.84456 0.00619
2435.01166 0.00607
2436.17877 0.00587
2437.34587 0.00568
2438.51298 0.0055
2439.68008 0.0053
2440.84719 0.00517
2442.01429 0.00501
2443.18139 0.00492
2444.3485 0.00471
2445.5156 0.00453
2446.68271 0.00441
2447.84981 0.00429
2449.01692 0.00417
2450.18402 0.00393
2451.35113 0.00384
2452.51823 0.00373
2453.68534 0.00366
2454.85244 0.00351
2456.01955 0.0034
2457.18665 0.00333
2458.35376 0.00324
2459.52086 0.00317
2460.68796 0.00307
2461.85507 0.00302
2463.02217 0.00297
2464.18928 0.00299
2465.35638 0.00303
2466.52349 0.00314
2467.69059 0.00316
2468.8577 0.00327
2470.0248 0.00335
2471.19191 0.00344
2472.35901 0.00343
2473.52612 0.00348
2474.69322 0.00335
2475.86033 0.00338
2477.02743 0.00337
2478.19453 0.00324
2479.36164 0.00316
2480.52874 0.00303
2481.69585 0.00294
2482.86295 0.00281
2484.03006 0.00264
2485.19716 0.00259
2486.36427 0.00242
2487.53137 0.00237
2488.69848 0.00219
2489.86558 0.00214
2491.03269 0.00203
2492.19979 0.00193
2493.3669 0.0019
2494.534 0.00174
2495.7011 0.00167
2496.86821 0.00161
2498.03531 0.00154
2499.20242 0.00146
2500.36952 0.00137
2501.53663 0.00132
2502.70373 0.00124
2503.87084 0.0012
2505.03794 0.00116
2506.20505 0.00113
2507.37215 0.00105
2508.53926 0.00104
2509.70636 9.1632E-4
2510.87347 8.84997E-4
2512.04057 9.05118E-4
2513.20768 8.70321E-4
2514.37478 8.54457E-4
2515.54188 9.0364E-4
2516.70899 8.35641E-4
2517.87609 8.44899E-4
2519.0432 8.69279E-4
2520.2103 8.73712E-4
2521.37741 8.77345E-4
2522.54451 8.69035E-4
2523.71162 8.88834E-4
2524.87872 9.03074E-4
2526.04583 9.5371E-4
2527.21293 9.28246E-4
2528.38004 9.63399E-4
2529.54714 9.35627E-4
2530.71425 9.55599E-4
2531.88135 9.56088E-4
2533.04845 0.00101
2534.21556 0.00103
2535.38266 0.00105
2536.54977 0.00107
2537.71687 0.00105
2538.88398 0.00109
2540.05108 0.00108
2541.21819 0.00106
2542.38529 0.0011
2543.5524 0.00108
2544.7195 0.00114
2545.88661 0.00106
2547.05371 0.00108
2548.22082 0.0011
2549.38792 0.00107
2550.55502 0.00111
2551.72213 0.00106
2552.88923 0.00108
2554.05634 0.00106
2555.22344 0.00102
2556.39055 0.00105
2557.55765 0.00103
2558.72476 9.92779E-4
2559.89186 9.59807E-4
2561.05897 9.85168E-4
2562.22607 9.79005E-4
2563.39318 9.97198E-4
2564.56028 0.00103
2565.72739 0.00104
2566.89449 0.00108
2568.06159 0.00113
2569.2287 0.0012
2570.3958 0.00126
2571.56291 0.00142
2572.73001 0.0015
2573.89712 0.00162
2575.06422 0.0017
2576.23133 0.00184
2577.39843 0.00203
2578.56554 0.00225
2579.73264 0.0023
2580.89975 0.00259
2582.06685 0.00273
2583.23396 0.00292
2584.40106 0.00309
2585.56816 0.00322
2586.73527 0.00337
2587.90237 0.00353
2589.06948 0.00362
2590.23658 0.00366
2591.40369 0.0038
2592.57079 0.00389
2593.7379 0.00384
2594.905 0.00385
2596.07211 0.00381
2597.23921 0.00379
2598.40632 0.00375
2599.57342 0.00366
2600.74053 0.00352
2601.90763 0.00346
2603.07473 0.00332
2604.24184 0.00329
2605.40894 0.00324
2606.57605 0.00315
2607.74315 0.00305
2608.91026 0.00299
2610.07736 0.00291
2611.24447 0.00281
2612.41157 0.00271
2613.57868 0.00265
2614.74578 0.00261
2615.91289 0.00258
2617.07999 0.00257
2618.2471 0.0025
2619.4142 0.00247
2620.5813 0.00241
2621.74841 0.00239
2622.91551 0.00232
2624.08262 0.00232
2625.24972 0.00224
2626.41683 0.00225
2627.58393 0.0022
2628.75104 0.00214
2629.91814 0.00203
2631.08525 0.00201
2632.25235 0.00199
2633.41946 0.00191
2634.58656 0.0018
2635.75367 0.00175
2636.92077 0.00171
2638.08788 0.00164
2639.25498 0.00155
2640.42208 0.00149
2641.58919 0.00148
2642.75629 0.00138
2643.9234 0.00135
2645.0905 0.00129
2646.25761 0.00118
2647.42471 0.00115
2648.59182 0.00115
2649.75892 0.00111
2650.92603 0.00106
2652.09313 0.00102
2653.26024 9.60427E-4
2654.42734 9.80007E-4
2655.59445 9.37349E-4
2656.76155 9.1693E-4
2657.92865 9.08489E-4
2659.09576 9.44316E-4
2660.26286 9.52965E-4
2661.42997 9.25896E-4
2662.59707 8.76655E-4
2663.76418 8.71591E-4
2664.93128 7.69222E-4
2666.09839 7.37568E-4
2667.26549 7.31571E-4
2668.4326 7.70369E-4
2669.5997 7.50374E-4
2670.76681 7.0131E-4
2671.93391 6.33376E-4
2673.10102 6.39926E-4
2674.26812 5.67606E-4
2675.43522 5.69308E-4
2676.60233 5.06208E-4
2677.76943 4.89027E-4
2678.93654 4.32173E-4
2680.10364 3.94656E-4
2681.27075 4.43696E-4
2682.43785 3.03825E-4
2683.60496 3.5583E-4
2684.77206 2.61877E-4
2685.93917 3.36465E-4
2687.10627 2.29231E-4
2688.27338 2.3009E-4
2689.44048 1.85603E-4
2690.60759 1.80832E-4
2691.77469 1.32971E-4
2692.94179 9.66014E-5
2694.1089 1.4004E-4
2695.276 3.78998E-5
2696.44311 5.2741E-5
2697.61021 6.66828E-5
2698.77732 2.92793E-5
2699.94442 -3.48218E-6
2701.11153 -1.07084E-4
2702.27863 -1.06109E-4
2703.44574 -6.61259E-5
2704.61284 -1.14788E-4
2705.77995 -1.65591E-4
2706.94705 -1.32222E-4
2708.11416 -1.48823E-4
2709.28126 -2.05115E-4
2710.44836 -2.50654E-4
2711.61547 -2.45221E-4
2712.78257 -2.73997E-4
2713.94968 -2.31531E-4
2715.11678 -2.82032E-4
2716.28389 -1.98064E-4
2717.45099 -3.26433E-4
2718.6181 -3.20297E-4
2719.7852 -3.13157E-4
2720.95231 -2.70899E-4
2722.11941 -2.89266E-4
2723.28652 -2.16177E-4
2724.45362 -1.79357E-4
2725.62073 -1.71788E-4
2726.78783 -1.3826E-4
2727.95493 -3.8637E-5
2729.12204 -2.90174E-5
2730.28914 8.019E-5
2731.45625 1.62151E-4
2732.62335 2.56414E-4
2733.79046 3.03319E-4
2734.95756 3.66692E-4
2736.12467 5.00929E-4
2737.29177 5.38842E-4
2738.45888 6.73982E-4
2739.62598 6.82302E-4
2740.79309 7.3496E-4
2741.96019 8.15087E-4
2743.1273 8.35059E-4
2744.2944 9.12683E-4
2745.4615 9.88253E-4
2746.62861 9.17112E-4
2747.79571 9.51116E-4
2748.96282 0.00104
2750.12992 9.44449E-4
2751.29703 9.95047E-4
2752.46413 9.37546E-4
2753.63124 9.44847E-4
2754.79834 9.05944E-4
2755.96545 9.48958E-4
2757.13255 9.11415E-4
2758.29966 8.26638E-4
2759.46676 8.02403E-4
2760.63387 8.47733E-4
2761.80097 8.43936E-4
2762.96808 7.75325E-4
2764.13518 6.83587E-4
2765.30228 6.62038E-4
2766.46939 6.34016E-4
2767.63649 4.99361E-4
2768.8036 5.08452E-4
2769.9707 4.36612E-4
2771.13781 4.72619E-4
2772.30491 3.70604E-4
2773.47202 3.09581E-4
2774.63912 1.86263E-4
2775.80623 1.75251E-4
2776.97333 1.09887E-4
2778.14044 3.34679E-5
2779.30754 -9.93204E-5
2780.47465 -1.02233E-4
2781.64175 -2.37962E-4
2782.80885 -2.45051E-4
2783.97596 -4.04151E-4
2785.14306 -4.71207E-4
2786.31017 -4.84245E-4
2787.47727 -6.52355E-4
2788.64438 -6.79198E-4
2789.81148 -7.42605E-4
2790.97859 -8.04815E-4
2792.14569 -8.39799E-4
2793.3128 -9.13513E-4
2794.4799 -9.81718E-4
2795.64701 -0.00102
2796.81411 -0.00106
2797.98122 -0.0011
2799.14832 -0.00118
2800.31542 -0.00118
2801.48253 -0.00125
2802.64963 -0.00127
2803.81674 -0.00132
2804.98384 -0.00137
2806.15095 -0.00132
2807.31805 -0.00137
2808.48516 -0.00135
2809.65226 -0.00132
2810.81937 -0.00137
2811.98647 -0.00139
2813.15358 -0.00131
2814.32068 -0.0013
2815.48779 -0.00127
2816.65489 -0.00122
2817.82199 -0.00111
2818.9891 -9.60709E-4
2820.1562 -7.57913E-4
2821.32331 -5.38213E-4
2822.49041 -3.37035E-4
2823.65752 3.2692E-6
2824.82462 2.85535E-4
2825.99173 6.65459E-4
2827.15883 0.00102
2828.32594 0.00151
2829.49304 0.00187
2830.66015 0.00241
2831.82725 0.003
2832.99436 0.00376
2834.16146 0.00446
2835.32856 0.00533
2836.49567 0.00635
2837.66277 0.00735
2838.82988 0.0084
2839.99698 0.00934
2841.16409 0.01008
2842.33119 0.01049
2843.4983 0.01051
2844.6654 0.01058
2845.83251 0.01049
2846.99961 0.01009
2848.16672 0.0093
2849.33382 0.00819
2850.50093 0.00679
2851.66803 0.00544
2852.83513 0.00423
2854.00224 0.00315
2855.16934 0.00232
2856.33645 0.00171
2857.50355 0.00124
2858.67066 0.00106
2859.83776 9.33165E-4
2861.00487 9.46506E-4
2862.17197 0.00102
2863.33908 0.00114
2864.50618 0.00121
2865.67329 0.0015
2866.84039 0.00171
2868.0075 0.00206
2869.1746 0.00223
2870.3417 0.00262
2871.50881 0.00282
2872.67591 0.00311
2873.84302 0.00345
2875.01012 0.00384
2876.17723 0.00417
2877.34433 0.00452
2878.51144 0.00496
2879.67854 0.00535
2880.84565 0.00572
2882.01275 0.00605
2883.17986 0.00642
2884.34696 0.00677
2885.51407 0.00716
2886.68117 0.00741
2887.84828 0.00763
2889.01538 0.00783
2890.18248 0.00798
2891.34959 0.00802
2892.51669 0.00809
2893.6838 0.00812
2894.8509 0.00809
2896.01801 0.00804
2897.18511 0.008
2898.35222 0.00805
2899.51932 0.00799
2900.68643 0.00798
2901.85353 0.00804
2903.02064 0.00813
2904.18774 0.00809
2905.35485 0.00817
2906.52195 0.00835
2907.68905 0.00828
2908.85616 0.00833
2910.02326 0.00825
2911.19037 0.00814
2912.35747 0.00792
2913.52458 0.00767
2914.69168 0.00777
2915.85879 0.00809
2917.02589 0.00833
2918.193 0.0087
2919.3601 0.00912
2920.52721 0.00939
2921.69431 0.00972
2922.86142 0.01026
2924.02852 0.01071
2925.19562 0.01117
2926.36273 0.01155
2927.52983 0.01202
2928.69694 0.01264
2929.86404 0.01301
2931.03115 0.01363
2932.19825 0.01417
2933.36536 0.01484
2934.53246 0.01542
2935.69957 0.01614
2936.86667 0.01697
2938.03378 0.01797
2939.20088 0.01891
2940.36799 0.02026
2941.53509 0.02175
2942.70219 0.02361
2943.8693 0.02588
2945.0364 0.02866
2946.20351 0.03212
2947.37061 0.03652
2948.53772 0.04195
2949.70482 0.04854
2950.87193 0.05624
2952.03903 0.06497
2953.20614 0.07427
2954.37324 0.08369
2955.54035 0.09258
2956.70745 0.09993
2957.87456 0.10535
2959.04166 0.1081
2960.20876 0.10813
2961.37587 0.10558
2962.54297 0.10052
2963.71008 0.09356
2964.87718 0.08539
2966.04429 0.07657
2967.21139 0.06766
2968.3785 0.05916
2969.5456 0.05121
2970.71271 0.04405
2971.87981 0.03784
2973.04692 0.03261
2974.21402 0.02802
2975.38113 0.02432
2976.54823 0.02113
2977.71533 0.01857
2978.88244 0.01632
2980.04954 0.01441
2981.21665 0.01284
2982.38375 0.0115
2983.55086 0.01032
2984.71796 0.00939
2985.88507 0.00864
2987.05217 0.00814
2988.21928 0.00779
2989.38638 0.00773
2990.55349 0.00799
2991.72059 0.00853
2992.8877 0.00954
2994.0548 0.01097
2995.2219 0.01285
2996.38901 0.01512
2997.55611 0.01771
2998.72322 0.02071
2999.89032 0.02394
3001.05743 0.02736
3002.22453 0.03066
3003.39164 0.03389
3004.55874 0.03691
3005.72585 0.03948
3006.89295 0.04154
3008.06006 0.04312
3009.22716 0.04388
3010.39427 0.04411
3011.56137 0.04356
3012.72848 0.04258
3013.89558 0.04092
3015.06268 0.03891
3016.22979 0.03666
3017.39689 0.03395
3018.564 0.03117
3019.7311 0.02845
3020.89821 0.02581
3022.06531 0.02345
3023.23242 0.02144
3024.39952 0.01969
3025.56663 0.01837
3026.73373 0.01738
3027.90084 0.01696
3029.06794 0.01673
3030.23505 0.01687
3031.40215 0.01711
3032.56925 0.01757
3033.73636 0.01804
3034.90346 0.01851
3036.07057 0.01885
3037.23767 0.01906
3038.40478 0.0191
3039.57188 0.01897
3040.73899 0.01869
3041.90609 0.01802
3043.0732 0.01737
3044.2403 0.01641
3045.40741 0.0154
3046.57451 0.01424
3047.74162 0.01309
3048.90872 0.01184
3050.07582 0.01059
3051.24293 0.00935
3052.41003 0.0083
3053.57714 0.00715
3054.74424 0.0063
3055.91135 0.00532
3057.07845 0.00451
3058.24556 0.00383
3059.41266 0.00318
3060.57977 0.00264
3061.74687 0.00219
3062.91398 0.00178
3064.08108 0.00146
3065.24819 0.00115
3066.41529 0.00103
3067.58239 8.37413E-4
3068.7495 5.35053E-4
3069.9166 4.27358E-4
3071.08371 3.35277E-4
3072.25081 2.14635E-4
3073.41792 1.61023E-4
3074.58502 1.13465E-4
3075.75213 1.2357E-4
3076.91923 1.28795E-4
3078.08634 1.63163E-5
3079.25344 3.84305E-5
3080.42055 1.97297E-5
3081.58765 1.02104E-4
3082.75476 6.69479E-5
3083.92186 -4.44764E-6
3085.08896 1.66293E-4
3086.25607 1.09824E-4
3087.42317 9.23501E-5
3088.59028 1.69547E-4
3089.75738 1.93799E-4
3090.92449 2.64098E-4
3092.09159 3.27688E-4
3093.2587 3.77699E-4
3094.4258 4.84643E-4
3095.59291 5.04592E-4
3096.76001 4.60435E-4
3097.92712 5.5019E-4
3099.09422 5.60493E-4
3100.26133 5.24733E-4
3101.42843 6.65528E-4
3102.59553 5.75066E-4
3103.76264 6.54939E-4
3104.92974 6.02738E-4
3106.09685 5.8783E-4
3107.26395 5.036E-4
3108.43106 5.39055E-4
3109.59816 4.84268E-4
3110.76527 4.51185E-4
3111.93237 3.92685E-4
3113.09948 4.14646E-4
3114.26658 2.82536E-4
3115.43369 2.19798E-4
3116.60079 7.92383E-5
3117.7679 9.72028E-5
3118.935 -6.7071E-5
3120.1021 -8.35728E-5
3121.26921 -7.43785E-5
3122.43631 -9.78605E-5
3123.60342 -1.76622E-4
3124.77052 -2.27746E-4
3125.93763 -1.40007E-4
3127.10473 -2.78207E-4
3128.27184 -2.42516E-4
3129.43894 -2.27676E-4
3130.60605 -1.03722E-4
3131.77315 -1.69918E-4
3132.94026 1.61449E-5
3134.10736 -1.95889E-5
3135.27447 4.91229E-5
3136.44157 -5.12715E-6
3137.60868 1.59272E-4
3138.77578 2.25195E-4
3139.94288 2.89781E-4
3141.10999 3.9051E-4
3142.27709 4.36464E-4
3143.4442 4.65174E-4
3144.6113 5.04119E-4
3145.77841 5.31538E-4
3146.94551 5.94256E-4
3148.11262 6.20239E-4
3149.27972 5.63211E-4
3150.44683 6.86429E-4
3151.61393 6.18879E-4
3152.78104 6.72346E-4
3153.94814 6.47524E-4
3155.11525 6.39781E-4
3156.28235 6.1004E-4
3157.44945 6.48167E-4
3158.61656 6.36076E-4
3159.78366 6.20995E-4
3160.95077 5.74302E-4
3162.11787 5.16791E-4
3163.28498 5.40768E-4
3164.45208 5.31286E-4
3165.61919 4.57832E-4
3166.78629 4.41761E-4
3167.9534 4.17503E-4
3169.1205 4.32813E-4
3170.28761 3.67244E-4
3171.45471 2.95624E-4
3172.62182 4.15066E-4
3173.78892 2.70204E-4
3174.95602 2.24139E-4
3176.12313 3.08671E-4
3177.29023 3.35354E-4
3178.45734 2.75338E-4
3179.62444 2.19213E-4
3180.79155 1.26271E-4
3181.95865 1.27379E-4
3183.12576 2.44706E-4
3184.29286 1.39623E-4
3185.45997 2.50738E-4
3186.62707 2.21026E-4
3187.79418 2.53621E-4
3188.96128 9.56731E-5
3190.12839 1.73515E-4
3191.29549 1.11522E-4
3192.46259 1.02675E-4
3193.6297 7.34257E-5
3194.7968 1.10399E-4
3195.96391 1.70016E-4
3197.13101 1.21126E-4
3198.29812 1.43957E-4
3199.46522 1.13235E-4
3200.63233 2.10195E-4
3201.79943 2.06214E-5
3202.96654 1.44511E-4
3204.13364 7.77686E-5
3205.30075 1.6261E-4
3206.46785 4.19264E-5
3207.63496 1.41766E-4
3208.80206 1.31801E-4
3209.96916 1.34844E-4
3211.13627 1.06327E-4
3212.30337 1.3106E-4
3213.47048 1.78254E-4
3214.63758 1.02608E-4
3215.80469 1.33398E-4
3216.97179 1.48343E-4
3218.1389 1.73915E-4
3219.306 1.07329E-4
3220.47311 1.76331E-4
3221.64021 1.39328E-4
3222.80732 1.56366E-4
3223.97442 1.45699E-4
3225.14153 1.07427E-4
3226.30863 1.7823E-4
3227.47573 1.28545E-4
3228.64284 1.49768E-4
3229.80994 1.17474E-4
3230.97705 1.40133E-4
3232.14415 3.78214E-5
3233.31126 7.71964E-5
3234.47836 1.12012E-4
3235.64547 1.28333E-4
3236.81257 1.28752E-4
3237.97968 1.09298E-4
3239.14678 7.11319E-5
3240.31389 1.56353E-5
3241.48099 -2.95815E-5
3242.6481 6.95039E-5
3243.8152 2.05231E-5
3244.9823 3.32772E-5
3246.14941 7.00925E-6
3247.31651 -1.88263E-5
3248.48362 -4.50445E-5
3249.65072 3.69365E-5
3250.81783 -1.89878E-5
3251.98493 -1.06885E-4
3253.15204 -1.67842E-5
3254.31914 -1.10031E-4
3255.48625 -4.13606E-5
3256.65335 -1.3375E-4
3257.82046 -5.00465E-5
3258.98756 -1.92872E-4
3260.15467 -1.58577E-4
3261.32177 -1.66687E-4
3262.48888 -1.43531E-4
3263.65598 -2.42502E-4
3264.82308 -1.75599E-4
3265.99019 -2.60617E-4
3267.15729 -2.12871E-4
3268.3244 -3.15649E-4
3269.4915 -3.28121E-4
3270.65861 -2.48199E-4
3271.82571 -3.84925E-4
3272.99282 -3.87654E-4
3274.15992 -4.08544E-4
3275.32703 -3.23858E-4
3276.49413 -4.61747E-4
3277.66124 -4.58135E-4
3278.82834 -5.47834E-4
3279.99545 -5.0539E-4
3281.16255 -4.69768E-4
3282.32965 -4.87267E-4
3283.49676 -5.3605E-4
3284.66386 -5.54422E-4
3285.83097 -5.31029E-4
3286.99807 -6.79915E-4
3288.16518 -6.97104E-4
3289.33228 -7.34575E-4
3290.49939 -7.64029E-4
3291.66649 -7.20125E-4
3292.8336 -8.11197E-4
3294.0007 -7.11599E-4
3295.16781 -7.50789E-4
3296.33491 -7.67763E-4
3297.50202 -8.15393E-4
3298.66912 -8.10326E-4
3299.83622 -8.202E-4
3301.00333 -8.64794E-4
3302.17043 -7.68587E-4
3303.33754 -8.17206E-4
3304.50464 -8.82603E-4
3305.67175 -9.01857E-4
3306.83885 -9.1274E-4
3308.00596 -9.60623E-4
3309.17306 -9.28519E-4
3310.34017 -8.63531E-4
3311.50727 -9.93836E-4
3312.67438 -9.47351E-4
3313.84148 -0.00104
3315.00859 -9.14148E-4
3316.17569 -0.00111
3317.34279 -0.00108
3318.5099 -0.00116
3319.677 -0.00113
3320.84411 -0.00119
3322.01121 -0.00115
3323.17832 -0.0012
3324.34542 -0.00127
3325.51253 -0.00127
3326.67963 -0.00128
3327.84674 -0.00131
3329.01384 -0.0014
3330.18095 -0.00137
3331.34805 -0.0015
3332.51516 -0.00144
3333.68226 -0.00151
3334.84936 -0.0015
3336.01647 -0.00164
3337.18357 -0.00155
3338.35068 -0.00165
3339.51778 -0.00164
3340.68489 -0.00174
3341.85199 -0.00178
3343.0191 -0.00176
3344.1862 -0.00178
3345.35331 -0.00174
3346.52041 -0.00173
3347.68752 -0.00178
3348.85462 -0.00181
3350.02173 -0.00173
3351.18883 -0.00181
3352.35593 -0.00172
3353.52304 -0.0018
3354.69014 -0.00177
3355.85725 -0.00184
3357.02435 -0.00178
3358.19146 -0.0018
3359.35856 -0.00195
3360.52567 -0.0019
3361.69277 -0.00191
3362.85988 -0.00196
3364.02698 -0.00203
3365.19409 -0.00194
3366.36119 -0.00199
3367.5283 -0.00191
3368.6954 -0.00208
3369.8625 -0.00207
3371.02961 -0.00202
3372.19671 -0.00195
3373.36382 -0.002
3374.53092 -0.00186
3375.69803 -0.00195
3376.86513 -0.00197
3378.03224 -0.00192
3379.19934 -0.00183
3380.36645 -0.0018
3381.53355 -0.0017
3382.70066 -0.00152
3383.86776 -0.00151
3385.03487 -0.00126
3386.20197 -0.00109
3387.36908 -7.96267E-4
3388.53618 -5.31752E-4
3389.70328 -1.68178E-4
3390.87039 1.3814E-4
3392.03749 6.08631E-4
3393.2046 0.00111
3394.3717 0.00182
3395.53881 0.0026
3396.70591 0.00346
3397.87302 0.00435
3399.04012 0.00517
3400.20723 0.00611
3401.37433 0.007
3402.54144 0.00809
3403.70854 0.00895
3404.87565 0.00975
3406.04275 0.01048
3407.20985 0.01109
3408.37696 0.0116
3409.54406 0.01204
3410.71117 0.01235
3411.87827 0.01244
3413.04538 0.0125
3414.21248 0.01243
3415.37959 0.01222
3416.54669 0.0119
3417.7138 0.01156
3418.8809 0.01116
3420.04801 0.01079
3421.21511 0.0102
3422.38222 0.0097
3423.54932 0.00917
3424.71642 0.00881
3425.88353 0.00814
3427.05063 0.00763
3428.21774 0.00707
3429.38484 0.00666
3430.55195 0.00619
3431.71905 0.00577
3432.88616 0.00534
3434.05326 0.0049
3435.22037 0.00448
3436.38747 0.00414
3437.55458 0.0038
3438.72168 0.00346
3439.88879 0.00328
3441.05589 0.00309
3442.22299 0.00283
3443.3901 0.00251
3444.5572 0.00249
3445.72431 0.00222
3446.89141 0.0021
3448.05852 0.00192
3449.22562 0.00184
3450.39273 0.00172
3451.55983 0.00162
3452.72694 0.00167
3453.89404 0.00152
3455.06115 0.00161
3456.22825 0.00144
3457.39536 0.00159
3458.56246 0.0014
3459.72956 0.00145
3460.89667 0.00145
3462.06377 0.00138
3463.23088 0.00146
3464.39798 0.00152
3465.56509 0.00151
3466.73219 0.0015
3467.8993 0.00153
3469.0664 0.00138
3470.23351 0.00162
3471.40061 0.00161
3472.56772 0.00164
3473.73482 0.00152
3474.90193 0.00167
3476.06903 0.00155
3477.23613 0.0015
3478.40324 0.00131
3479.57034 0.00103
3480.73745 7.47638E-4
3481.90455 3.31269E-4
3483.07166 -5.63345E-5
3484.23876 -1.81389E-4
3485.40587 -3.06278E-4
3486.57297 -3.30092E-4
3487.74008 -3.30177E-4
3488.90718 -3.6985E-4
3490.07429 -2.96974E-4
3491.24139 -3.80705E-4
3492.4085 -2.15774E-4
3493.5756 -2.66285E-4
3494.7427 -1.46908E-4
3495.90981 -1.27143E-4
3497.07691 -6.21047E-5
3498.24402 -9.92142E-5
3499.41112 8.33305E-6
3500.57823 1.33565E-4
3501.74533 1.29048E-4
3502.91244 9.80018E-5
3504.07954 1.81704E-4
3505.24665 7.2224E-5
3506.41375 2.1898E-4
3507.58086 3.62308E-4
3508.74796 2.22457E-4
3509.91507 2.77837E-4
3511.08217 1.48951E-4
3512.24928 1.27496E-4
3513.41638 -3.15889E-5
3514.58348 3.19737E-5
3515.75059 -9.53143E-5
3516.91769 -2.66133E-5
3518.0848 -2.63378E-4
3519.2519 -3.29397E-4
3520.41901 -3.9621E-4
3521.58611 -5.14474E-4
3522.75322 -7.23525E-4
3523.92032 -7.61416E-4
3525.08743 -8.38528E-4
3526.25453 -9.60824E-4
3527.42164 -0.00108
3528.58874 -0.00116
3529.75585 -0.00128
3530.92295 -0.00149
3532.09005 -0.00149
3533.25716 -0.00175
3534.42426 -0.0019
3535.59137 -0.00208
3536.75847 -0.00208
3537.92558 -0.00223
3539.09268 -0.00219
3540.25979 -0.00237
3541.42689 -0.00244
3542.594 -0.00252
3543.7611 -0.00261
3544.92821 -0.00273
3546.09531 -0.00274
3547.26242 -0.00265
3548.42952 -0.00275
3549.59662 -0.00268
3550.76373 -0.00286
3551.93083 -0.00267
3553.09794 -0.0029
3554.26504 -0.00287
3555.43215 -0.00278
3556.59925 -0.00266
3557.76636 -0.00274
3558.93346 -0.00269
3560.10057 -0.00254
3561.26767 -0.00259
3562.43478 -0.00243
3563.60188 -0.00246
3564.76899 -0.00234
3565.93609 -0.00228
3567.10319 -0.00216
3568.2703 -0.00219
3569.4374 -0.00204
3570.60451 -0.00199
3571.77161 -0.00198
3572.93872 -0.00186
3574.10582 -0.00181
3575.27293 -0.00183
3576.44003 -0.00172
3577.60714 -0.00168
3578.77424 -0.00159
3579.94135 -0.00165
3581.10845 -0.00164
3582.27556 -0.0016
3583.44266 -0.00165
3584.60976 -0.00161
3585.77687 -0.0016
3586.94397 -0.00153
3588.11108 -0.00168
3589.27818 -0.00161
3590.44529 -0.00174
3591.61239 -0.0017
3592.7795 -0.00187
3593.9466 -0.0018
3595.11371 -0.0018
3596.28081 -0.00196
3597.44792 -0.0021
3598.61502 -0.00197
3599.78213 -0.00218
3600.94923 -0.00223
3602.11633 -0.00227
3603.28344 -0.00239
3604.45054 -0.0025
3605.61765 -0.00253
3606.78475 -0.00262
3607.95186 -0.00275
3609.11896 -0.0027
3610.28607 -0.00285
3611.45317 -0.00289
3612.62028 -0.00299
3613.78738 -0.00303
3614.95449 -0.00324
3616.12159 -0.00321
3617.2887 -0.00339
3618.4558 -0.00345
3619.6229 -0.00345
3620.79001 -0.00362
3621.95711 -0.00366
3623.12422 -0.00376
3624.29132 -0.00356
3625.45843 -0.00378
3626.62553 -0.00381
3627.79264 -0.00389
3628.95974 -0.00387
3630.12685 -0.00404
3631.29395 -0.00398
3632.46106 -0.004
3633.62816 -0.004
3634.79527 -0.004
3635.96237 -0.00407
3637.12948 -0.00409
3638.29658 -0.0041
3639.46368 -0.0041
3640.63079 -0.00423
3641.79789 -0.00411
3642.965 -0.00415
3644.1321 -0.00414
3645.29921 -0.00416
3646.46631 -0.00423
3647.63342 -0.00416
3648.80052 -0.00421
3649.96763 -0.00406
3651.13473 -0.00415
3652.30184 -0.00409
3653.46894 -0.00407
3654.63605 -0.00409
3655.80315 -0.00399
3656.97025 -0.00399
3658.13736 -0.00399
3659.30446 -0.00405
3660.47157 -0.00398
3661.63867 -0.00384
3662.80578 -0.0039
3663.97288 -0.0038
3665.13999 -0.00385
3666.30709 -0.00372
3667.4742 -0.00376
3668.6413 -0.00383
3669.80841 -0.00379
3670.97551 -0.00382
3672.14262 -0.0037
3673.30972 -0.00361
3674.47682 -0.00352
3675.64393 -0.00361
3676.81103 -0.00358
3677.97814 -0.00344
3679.14524 -0.00341
3680.31235 -0.00346
3681.47945 -0.0033
3682.64656 -0.00345
3683.81366 -0.00327
3684.98077 -0.0033
3686.14787 -0.00322
3687.31498 -0.00322
3688.48208 -0.0033
3689.64919 -0.00301
3690.81629 -0.00295
3691.98339 -0.00305
3693.1505 -0.00298
3694.3176 -0.00287
3695.48471 -0.00285
3696.65181 -0.00269
3697.81892 -0.00289
3698.98602 -0.00256
3700.15313 -0.00251
3701.32023 -0.00251
3702.48734 -0.00254
3703.65444 -0.00237
3704.82155 -0.00244
3705.98865 -0.00237
3707.15576 -0.00223
3708.32286 -0.00223
3709.48996 -0.00204
3710.65707 -0.00205
3711.82417 -0.00191
3712.99128 -0.0018
3714.15838 -0.00164
3715.32549 -0.00167
3716.49259 -0.00151
3717.6597 -0.00152
3718.8268 -0.00132
3719.99391 -0.00148
3721.16101 -0.00124
3722.32812 -0.00118
3723.49522 -0.0011
3724.66233 -9.92785E-4
3725.82943 -8.39831E-4
3726.99653 -8.76145E-4
3728.16364 -8.99852E-4
3729.33074 -7.18558E-4
3730.49785 -6.97059E-4
3731.66495 -4.67227E-4
3732.83206 -4.96983E-4
3733.99916 -3.48582E-4
3735.16627 -4.31772E-4
3736.33337 -3.53062E-4
3737.50048 -2.5997E-4
3738.66758 -1.75297E-4
3739.83469 -1.69923E-4
3741.00179 -1.55385E-4
3742.1689 -1.1084E-4
3743.336 -9.34517E-6
3744.5031 -8.77922E-5
3745.67021 -1.11574E-5
3746.83731 -1.0979E-5
3748.00442 -4.8475E-6
3749.17152 -2.4186E-5
3750.33863 -3.41628E-5
3751.50573 7.15521E-7
3752.67284 4.96621E-5
3753.83994 4.90096E-5
3755.00705 1.47441E-5
3756.17415 1.96779E-4
3757.34126 2.68E-5
3758.50836 1.57339E-4
3759.67547 1.61802E-4
3760.84257 3.9875E-5
3762.00968 1.44059E-4
3763.17678 1.64865E-4
3764.34388 2.84417E-4
3765.51099 1.48251E-4
3766.67809 2.50683E-4
3767.8452 2.08765E-4
3769.0123 4.37985E-4
3770.17941 3.29562E-4
3771.34651 3.68828E-4
3772.51362 3.97941E-4
3773.68072 4.89218E-4
3774.84783 4.19177E-4
3776.01493 5.92302E-4
3777.18204 5.0518E-4
3778.34914 6.49106E-4
3779.51625 7.13118E-4
3780.68335 7.33345E-4
3781.85045 7.78323E-4
3783.01756 8.35586E-4
3784.18466 7.54613E-4
3785.35177 9.3614E-4
3786.51887 8.33778E-4
3787.68598 9.17836E-4
3788.85308 0.00108
3790.02019 9.57022E-4
3791.18729 9.99938E-4
3792.3544 0.00106
3793.5215 0.00114
3794.68861 0.00111
3795.85571 0.00108
3797.02282 0.00113
3798.18992 0.00121
3799.35702 0.00124
3800.52413 0.00133
3801.69123 0.00132
3802.85834 0.00126
3804.02544 0.00142
3805.19255 0.00126
3806.35965 0.00141
3807.52676 0.00145
3808.69386 0.00146
3809.86097 0.00153
3811.02807 0.00162
3812.19518 0.00157
3813.36228 0.00156
3814.52939 0.0016
3815.69649 0.0016
3816.86359 0.00168
3818.0307 0.00174
3819.1978 0.00173
3820.36491 0.00168
3821.53201 0.00176
3822.69912 0.00187
3823.86622 0.00188
3825.03333 0.00182
3826.20043 0.00194
3827.36754 0.00187
3828.53464 0.00196
3829.70175 0.00195
3830.86885 0.00188
3832.03596 0.00198
3833.20306 0.00202
3834.37016 0.00205
3835.53727 0.00195
3836.70437 0.00208
3837.87148 0.00212
3839.03858 0.00217
3840.20569 0.00225
3841.37279 0.00224
3842.5399 0.00224
3843.707 0.00213
3844.87411 0.00234
3846.04121 0.00251
3847.20832 0.00251
3848.37542 0.00249
3849.54253 0.0025
3850.70963 0.00258
3851.87673 0.00259
3853.04384 0.00269
3854.21094 0.00254
3855.37805 0.00279
3856.54515 0.00294
3857.71226 0.00297
3858.87936 0.00308
3860.04647 0.00316
3861.21357 0.00344
3862.38068 0.00336
3863.54778 0.00355
3864.71489 0.00349
3865.88199 0.00376
3867.0491 0.00374
3868.2162 0.00388
3869.3833 0.00396
3870.55041 0.00388
3871.71751 0.00376
3872.88462 0.00395
3874.05172 0.00381
3875.21883 0.00378
3876.38593 0.00369
3877.55304 0.00362
3878.72014 0.00355
3879.88725 0.00334
3881.05435 0.00336
3882.22146 0.00318
3883.38856 0.00317
3884.55567 0.00313
3885.72277 0.00318
3886.88988 0.00301
3888.05698 0.00289
3889.22408 0.00279
3890.39119 0.0029
3891.55829 0.00282
3892.7254 0.00266
3893.8925 0.0028
3895.05961 0.00272
3896.22671 0.00276
3897.39382 0.00258
3898.56092 0.00262
3899.72803 0.00266
3900.89513 0.0026
3902.06224 0.00261
3903.22934 0.00261
3904.39645 0.00257
3905.56355 0.00267
3906.73065 0.00268
3907.89776 0.00269
3909.06486 0.00259
3910.23197 0.00263
3911.39907 0.00275
3912.56618 0.00267
3913.73328 0.00275
3914.90039 0.00283
3916.06749 0.00306
3917.2346 0.00298
3918.4017 0.00313
3919.56881 0.00312
3920.73591 0.00325
3921.90302 0.00335
3923.07012 0.00338
3924.23722 0.00321
3925.40433 0.00328
3926.57143 0.00355
3927.73854 0.00332
3928.90564 0.00328
3930.07275 0.00325
3931.23985 0.00325
3932.40696 0.00309
3933.57406 0.00301
3934.74117 0.00289
3935.90827 0.00276
3937.07538 0.00268
3938.24248 0.00268
3939.40959 0.00269
3940.57669 0.00248
3941.74379 0.00246
3942.9109 0.00241
3944.078 0.00241
3945.24511 0.00246
3946.41221 0.00247
3947.57932 0.00254
3948.74642 0.00241
3949.91353 0.00245
3951.08063 0.00248
3952.24774 0.00232
3953.41484 0.00235
3954.58195 0.00239
3955.74905 0.00236
3956.91616 0.00218
3958.08326 0.0023
3959.25036 0.00223
3960.41747 0.00208
3961.58457 0.00201
3962.75168 0.00212
3963.91878 0.0019
3965.08589 0.00183
3966.25299 0.00169
3967.4201 0.00173
3968.5872 0.00171
3969.75431 0.00163
3970.92141 0.00144
3972.08852 0.00149
3973.25562 0.00145
3974.42273 0.00141
3975.58983 0.00144
3976.75693 0.00137
3977.92404 0.00134
3979.09114 0.00126
3980.25825 0.00106
3981.42535 0.00103
3982.59246 0.00103
3983.75956 0.00101
3984.92667 9.1417E-4
3986.09377 0.00102
3987.26088 0.00101
3988.42798 7.96601E-4
3989.59509 7.31948E-4
3990.76219 7.96065E-4
3991.9293 6.18922E-4
3993.0964 5.53501E-4
3994.2635 4.3114E-4
3995.43061 3.75197E-4
3996.59771 1.24199E-4
3997.76482 2.30837E-4
3998.93192 3.27595E-6
4000.09903 0.068
