499.95211 0.01755
501.11922 0.01422
502.28632 0.01405
503.45343 0.00456
504.62053 0.00731
505.78764 0.00926
506.95474 0.00975
508.12185 0.00657
509.28895 0.00284
510.45606 -0.00232
511.62316 -0.00261
512.79027 9.69367E-4
513.95737 0.00517
515.12448 0.00951
516.29158 0.01089
517.45868 0.00965
518.62579 0.00869
519.79289 0.00915
520.96 0.00223
522.1271 0.00322
523.29421 0.0048
524.46131 0.00566
525.62842 0.00654
526.79552 0.00824
527.96263 0.00379
529.12973 0.00165
530.29684 0.00394
531.46394 9.24976E-4
532.63105 0.00183
533.79815 -0.00166
534.96525 7.68017E-4
536.13236 0.00316
537.29946 0.00247
538.46657 -0.00737
539.63367 -0.00221
540.80078 -0.0023
541.96788 -0.00516
543.13499 -0.00189
544.30209 0.00289
545.4692 0.0028
546.6363 -0.00817
547.80341 -0.00119
548.97051 0.00437
550.13762 0.00843
551.30472 7.90416E-4
552.47182 -0.00432
553.63893 -0.00452
554.80603 0.00411
555.97314 -5.89591E-4
557.14024 0.00505
558.30735 0.00591
559.47445 -0.00354
560.64156 0.00169
561.80866 4.92663E-4
562.97577 6.9758E-5
564.14287 -9.52351E-4
565.30998 0.0016
566.47708 -2.32639E-4
567.64419 0.00168
568.81129 0.00313
569.97839 -0.00145
571.1455 0.00359
572.3126 0.00109
573.47971 8.49432E-4
574.64681 1.41325E-4
575.81392 8.15268E-5
576.98102 -0.00112
578.14813 3.65182E-4
579.31523 -0.00162
580.48234 4.93453E-4
581.64944 0.00118
582.81655 -1.24622E-4
583.98365 3.97119E-5
585.15076 -0.00191
586.31786 -4.69364E-4
587.48496 -0.0014
588.65207 -7.98124E-4
589.81917 -1.82336E-4
590.98628 -0.00139
592.15338 -5.26887E-4
593.32049 -5.32034E-4
594.48759 -6.8425E-4
595.6547 2.44303E-4
596.8218 -1.68298E-4
597.98891 3.40385E-4
599.15601 7.70563E-4
600.32312 1.41225E-4
601.49022 -4.57306E-4
602.65733 -6.30821E-4
603.82443 -5.67412E-4
604.99153 -0.00101
606.15864 -7.57496E-4
607.32574 -2.352E-4
608.49285 -8.05157E-4
609.65995 -1.04521E-4
610.82706 1.74555E-4
611.99416 4.01928E-4
613.16127 6.30153E-4
614.32837 5.42751E-4
615.49548 7.06774E-4
616.66258 0.00105
617.82969 1.82851E-4
618.99679 0.00116
620.1639 0.00154
621.331 0.00178
622.4981 0.00241
623.66521 0.00352
624.83231 0.00371
625.99942 0.00403
627.16652 0.00348
628.33363 0.00308
629.50073 0.00232
630.66784 0.00155
631.83494 7.1646E-4
633.00205 -0.00104
634.16915 -0.00152
635.33626 -0.00252
636.50336 -0.00253
637.67047 -0.00283
638.83757 -0.00249
640.00468 -0.00158
641.17178 -0.00117
642.33888 1.84552E-4
643.50599 0.00115
644.67309 0.00146
645.8402 0.00178
647.0073 0.00156
648.17441 9.98183E-4
649.34151 2.40754E-4
650.50862 -8.04628E-4
651.67572 -0.00192
652.84283 -0.00154
654.00993 -0.00128
655.17704 -0.00142
656.34414 -8.0962E-4
657.51125 -8.77263E-5
658.67835 4.07892E-4
659.84545 6.36361E-4
661.01256 6.5841E-4
662.17966 8.14796E-4
663.34677 4.76561E-4
664.51387 7.26735E-4
665.68098 4.53119E-4
666.84808 -0.00137
668.01519 -0.00941
669.18229 -0.00173
670.3494 -1.60313E-4
671.5165 9.00052E-6
672.68361 -1.49228E-4
673.85071 5.8293E-5
675.01782 1.31692E-4
676.18492 -6.24071E-6
677.35202 1.17908E-5
678.51913 3.70602E-4
679.68623 5.2629E-4
680.85334 1.92386E-4
682.02044 2.29572E-4
683.18755 9.53586E-4
684.35465 7.85959E-4
685.52176 5.66027E-4
686.68886 0.00101
687.85597 0.00107
689.02307 8.29001E-4
690.19018 5.75109E-4
691.35728 0.0012
692.52439 0.00136
693.69149 0.00114
694.85859 0.0012
696.0257 0.00143
697.1928 0.00139
698.35991 0.00149
699.52701 0.00136
700.69412 0.00163
701.86122 0.00152
703.02833 0.00145
704.19543 0.00166
705.36254 0.00148
706.52964 0.00146
707.69675 0.00152
708.86385 0.00156
710.03096 0.00128
711.19806 0.00144
712.36516 0.00138
713.53227 0.00147
714.69937 0.00133
715.86648 0.00131
717.03358 0.00117
718.20069 0.00128
719.36779 0.00103
720.5349 7.92098E-4
721.702 0.00112
722.86911 8.08906E-4
724.03621 9.23989E-4
725.20332 9.73038E-4
726.37042 7.2335E-4
727.53753 5.79622E-4
728.70463 5.87492E-4
729.87173 6.86944E-4
731.03884 6.00239E-4
732.20594 4.82355E-4
733.37305 4.96705E-4
734.54015 4.67823E-4
735.70726 3.67661E-4
736.87436 2.66057E-4
738.04147 2.27153E-4
739.20857 -2.29737E-5
740.37568 -5.93598E-5
741.54278 -2.49346E-4
742.70989 -2.5687E-4
743.87699 -5.29404E-4
745.0441 -5.90635E-4
746.2112 -7.81956E-4
747.3783 -8.33719E-4
748.54541 -9.1471E-4
749.71251 -0.00105
750.87962 -9.73277E-4
752.04672 -8.41036E-4
753.21383 -0.00101
754.38093 -0.00138
755.54804 -0.00149
756.71514 -0.00173
757.88225 -0.00223
759.04935 -0.00273
760.21646 -0.00271
761.38356 -0.002
762.55067 -0.00143
763.71777 -3.24457E-4
764.88488 0.01858
766.05198 0.08292
767.21908 0.13069
768.38619 0.14178
769.55329 0.13344
770.7204 0.11786
771.8875 0.09806
773.05461 0.07516
774.22171 0.04813
775.38882 0.02391
776.55592 0.01262
777.72303 0.00897
778.89013 0.00712
780.05724 0.0058
781.22434 0.00476
782.39145 0.00395
783.55855 0.00318
784.72565 0.00292
785.89276 0.00265
787.05986 0.00221
788.22697 0.00196
789.39407 0.00178
790.56118 0.00143
791.72828 0.00148
792.89539 0.00116
794.06249 0.00114
795.2296 9.81518E-4
796.3967 8.71327E-4
797.56381 8.60679E-4
798.73091 7.73308E-4
799.89802 6.71028E-4
801.06512 5.66684E-4
802.23222 4.66635E-4
803.39933 4.6976E-4
804.56643 3.66715E-4
805.73354 3.67561E-4
806.90064 1.18348E-4
808.06775 5.07172E-5
809.23485 6.14203E-5
810.40196 4.25792E-6
811.56906 -1.60986E-5
812.73617 -3.47669E-5
813.90327 -2.11304E-4
815.07038 -3.0077E-4
816.23748 -4.16735E-5
817.40459 -1.42179E-4
818.57169 -2.22071E-4
819.73879 -4.18271E-4
820.9059 -3.71685E-4
822.073 -4.94288E-4
823.24011 -4.34418E-4
824.40721 -5.16702E-4
825.57432 -3.6423E-4
826.74142 -4.85379E-4
827.90853 -4.37384E-4
829.07563 -4.87813E-4
830.24274 -4.74135E-4
831.40984 -5.55907E-4
832.57695 -4.78527E-4
833.74405 -4.02233E-4
834.91116 -3.43245E-4
836.07826 -3.71565E-4
837.24536 -3.16684E-4
838.41247 -2.13355E-4
839.57957 -1.8132E-4
840.74668 2.41645E-7
841.91378 1.70846E-6
843.08089 3.77929E-5
844.24799 3.0089E-6
845.4151 -7.83702E-5
846.5822 3.14059E-5
847.74931 2.30335E-4
848.91641 2.7484E-4
850.08352 4.27514E-4
851.25062 5.06078E-4
852.41773 4.65339E-4
853.58483 5.59247E-4
854.75193 7.08121E-4
855.91904 6.7755E-4
857.08614 7.04402E-4
858.25325 8.36655E-4
859.42035 9.52633E-4
860.58746 0.00101
861.75456 8.61985E-4
862.92167 9.10365E-4
864.08877 0.00101
865.25588 0.00102
866.42298 0.00114
867.59009 0.00109
868.75719 0.00105
869.9243 0.00103
871.0914 0.00109
872.2585 0.00105
873.42561 9.85076E-4
874.59271 7.69316E-4
875.75982 6.24904E-4
876.92692 4.97081E-4
878.09403 4.74783E-4
879.26113 1.10192E-4
880.42824 1.72429E-5
881.59534 -2.37639E-4
882.76245 -2.89766E-4
883.92955 -4.53315E-4
885.09666 -5.16864E-4
886.26376 -4.86174E-4
887.43087 -5.82577E-4
888.59797 -3.45448E-4
889.76508 -2.06248E-4
890.93218 4.71315E-4
892.09928 5.73225E-4
893.26639 0.00108
894.43349 0.00208
895.6006 0.00439
896.7677 0.00858
897.93481 0.01669
899.10191 0.03143
900.26902 0.05382
901.43612 0.08456
902.60323 0.12132
903.77033 0.15957
904.93744 0.19412
906.10454 0.22208
907.27165 0.24067
908.43875 0.2511
909.60585 0.25329
910.77296 0.2491
911.94006 0.23922
913.10717 0.22529
914.27427 0.20792
915.44138 0.1877
916.60848 0.16553
917.77559 0.14172
918.94269 0.11721
920.1098 0.09312
921.2769 0.07104
922.44401 0.05223
923.61111 0.03762
924.77822 0.02711
925.94532 0.01994
927.11242 0.01484
928.27953 0.01163
929.44663 0.00935
930.61374 0.00768
931.78084 0.0065
932.94795 0.00559
934.11505 0.00469
935.28216 0.00404
936.44926 0.00348
937.61637 0.00295
938.78347 0.00253
939.95058 0.00217
941.11768 0.00177
942.28479 0.00144
943.45189 0.00119
944.61899 9.32099E-4
945.7861 6.41731E-4
946.9532 4.38247E-4
948.12031 2.28955E-4
949.28741 9.02621E-5
950.45452 -8.04371E-5
951.62162 -1.53512E-4
952.78873 -2.91488E-4
953.95583 -3.09841E-4
955.12294 -4.32932E-4
956.29004 -4.09867E-4
957.45715 -4.63677E-4
958.62425 -4.2377E-4
959.79136 -3.73983E-4
960.95846 -3.76239E-4
962.12556 -3.74069E-4
963.29267 -2.64746E-4
964.45977 -2.88426E-4
965.62688 -1.4218E-4
966.79398 -1.50392E-4
967.96109 -5.95637E-5
969.12819 -3.07931E-5
970.2953 3.67073E-5
971.4624 8.20678E-5
972.62951 1.56547E-4
973.79661 1.00029E-4
974.96372 1.44553E-4
976.13082 2.01403E-4
977.29793 1.74063E-4
978.46503 1.79499E-4
979.63213 1.6907E-4
980.79924 2.1472E-4
981.96634 8.84263E-5
983.13345 7.38363E-5
984.30055 7.37613E-5
985.46766 7.96756E-5
986.63476 -1.54529E-5
987.80187 6.9853E-5
988.96897 -5.98363E-5
990.13608 -1.64144E-5
991.30318 2.32057E-6
992.47029 -6.27562E-6
993.63739 -8.72189E-5
994.8045 -8.20228E-5
995.9716 -8.93708E-5
997.1387 -1.12442E-4
998.30581 -4.93988E-5
999.47291 -1.9412E-5
1000.64002 3.77103E-5
1001.80712 9.62815E-5
1002.97423 2.39504E-4
1004.14133 3.25532E-4
1005.30844 4.48834E-4
1006.47554 6.00394E-4
1007.64265 7.76912E-4
1008.80975 9.0467E-4
1009.97686 0.00104
1011.14396 0.00109
1012.31107 0.00118
1013.47817 0.00138
1014.64528 0.00152
1015.81238 0.00189
1016.97948 0.00223
1018.14659 0.00288
1019.31369 0.00355
1020.4808 0.00447
1021.6479 0.00562
1022.81501 0.00684
1023.98211 0.00812
1025.14922 0.00942
1026.31632 0.01068
1027.48343 0.01185
1028.65053 0.01274
1029.81764 0.01353
1030.98474 0.01398
1032.15185 0.01431
1033.31895 0.01431
1034.48605 0.01416
1035.65316 0.01399
1036.82026 0.0136
1037.98737 0.01321
1039.15447 0.01268
1040.32158 0.01211
1041.48868 0.01148
1042.65579 0.01071
1043.82289 0.00997
1044.99 0.00913
1046.1571 0.00827
1047.32421 0.00769
1048.49131 0.00707
1049.65842 0.00655
1050.82552 0.00618
1051.99262 0.00582
1053.15973 0.00557
1054.32683 0.00547
1055.49394 0.00544
1056.66104 0.00522
1057.82815 0.00525
1058.99525 0.00521
1060.16236 0.00538
1061.32946 0.00525
1062.49657 0.0053
1063.66367 0.0053
1064.83078 0.00536
1065.99788 0.00546
1067.16499 0.00542
1068.33209 0.00546
1069.49919 0.00551
1070.6663 0.00555
1071.8334 0.00549
1073.00051 0.00561
1074.16761 0.00556
1075.33472 0.00555
1076.50182 0.00549
1077.66893 0.00543
1078.83603 0.00543
1080.00314 0.00547
1081.17024 0.00537
1082.33735 0.00549
1083.50445 0.00523
1084.67156 0.00528
1085.83866 0.00521
1087.00576 0.00521
1088.17287 0.00515
1089.33997 0.0049
1090.50708 0.00488
1091.67418 0.00481
1092.84129 0.00477
1094.00839 0.00459
1095.1755 0.00459
1096.3426 0.0044
1097.50971 0.00435
1098.67681 0.0043
1099.84392 0.0042
1101.01102 0.00424
1102.17813 0.00412
1103.34523 0.00401
1104.51233 0.00376
1105.67944 0.00376
1106.84654 0.00357
1108.01365 0.00343
1109.18075 0.00314
1110.34786 0.00303
1111.51496 0.00278
1112.68207 0.00227
1113.84917 0.00168
1115.01628 0.00142
1116.18338 9.18969E-4
1117.35049 6.43598E-4
1118.51759 3.20317E-4
1119.6847 6.96031E-5
1120.8518 -3.83249E-4
1122.0189 -6.2741E-4
1123.18601 -9.83721E-4
1124.35311 -0.00143
1125.52022 -0.00177
1126.68732 -0.0022
1127.85443 -0.00238
1129.02153 -0.00266
1130.18864 -0.00268
1131.35574 -0.00274
1132.52285 -0.0023
1133.68995 -0.00196
1134.85706 -9.53625E-4
1136.02416 3.71865E-4
1137.19127 0.00214
1138.35837 0.0052
1139.52548 0.00973
1140.69258 0.016
1141.85968 0.02497
1143.02679 0.03808
1144.19389 0.05751
1145.361 0.08651
1146.5281 0.12832
1147.69521 0.18382
1148.86231 0.24792
1150.02942 0.31382
1151.19652 0.37413
1152.36363 0.42535
1153.53073 0.46703
1154.69784 0.50067
1155.86494 0.52904
1157.03205 0.55395
1158.19915 0.5766
1159.36625 0.59792
1160.53336 0.61793
1161.70046 0.63497
1162.86757 0.64759
1164.03467 0.65492
1165.20178 0.6554
1166.36888 0.64864
1167.53599 0.63407
1168.70309 0.61108
1169.8702 0.58042
1171.0373 0.5422
1172.20441 0.49712
1173.37151 0.4456
1174.53862 0.38819
1175.70572 0.32461
1176.87282 0.25588
1178.03993 0.18454
1179.20703 0.11984
1180.37414 0.07162
1181.54124 0.04168
1182.70835 0.0243
1183.87545 0.01407
1185.04256 0.00767
1186.20966 0.00354
1187.37677 0.00106
1188.54387 -2.21446E-4
1189.71098 -2.17132E-4
1190.87808 0.00104
1192.04519 0.00428
1193.21229 0.0104
1194.37939 0.02169
1195.5465 0.0414
1196.7136 0.07448
1197.88071 0.12681
1199.04781 0.20291
1200.21492 0.3018
1201.38202 0.41528
1202.54913 0.53143
1203.71623 0.63913
1204.88334 0.73177
1206.05044 0.80537
1207.21755 0.85992
1208.38465 0.89624
1209.55176 0.91676
1210.71886 0.92346
1211.88596 0.91843
1213.05307 0.90357
1214.22017 0.88163
1215.38728 0.85392
1216.55438 0.82258
1217.72149 0.78937
1218.88859 0.75496
1220.0557 0.72073
1221.2228 0.68758
1222.38991 0.65585
1223.55701 0.62526
1224.72412 0.5961
1225.89122 0.56735
1227.05833 0.53918
1228.22543 0.51075
1229.39253 0.4818
1230.55964 0.45179
1231.72674 0.42062
1232.89385 0.38798
1234.06095 0.35404
1235.22806 0.31895
1236.39516 0.28335
1237.56227 0.24853
1238.72937 0.2157
1239.89648 0.18624
1241.06358 0.16054
1242.23069 0.13886
1243.39779 0.12064
1244.5649 0.10549
1245.732 0.09275
1246.8991 0.08217
1248.06621 0.07312
1249.23331 0.06549
1250.40042 0.05894
1251.56752 0.05332
1252.73463 0.04844
1253.90173 0.04414
1255.06884 0.04039
1256.23594 0.03705
1257.40305 0.03412
1258.57015 0.03141
1259.73726 0.02901
1260.90436 0.02676
1262.07147 0.02482
1263.23857 0.02289
1264.40568 0.02122
1265.57278 0.01956
1266.73988 0.01815
1267.90699 0.01671
1269.07409 0.01544
1270.2412 0.01425
1271.4083 0.01315
1272.57541 0.01208
1273.74251 0.01107
1274.90962 0.01022
1276.07672 0.00927
1277.24383 0.00845
1278.41093 0.00767
1279.57804 0.00698
1280.74514 0.00632
1281.91225 0.00567
1283.07935 0.0051
1284.24645 0.00453
1285.41356 0.00403
1286.58066 0.00356
1287.74777 0.00311
1288.91487 0.00265
1290.08198 0.00233
1291.24908 0.00189
1292.41619 0.00162
1293.58329 0.00128
1294.7504 0.00105
1295.9175 7.26997E-4
1297.08461 4.96994E-4
1298.25171 2.61433E-4
1299.41882 1.1629E-4
1300.58592 -8.91701E-5
1301.75302 -1.9942E-4
1302.92013 -3.642E-4
1304.08723 -4.64551E-4
1305.25434 -5.78013E-4
1306.42144 -7.17063E-4
1307.58855 -8.10166E-4
1308.75565 -9.19492E-4
1309.92276 -9.225E-4
1311.08986 -9.85463E-4
1312.25697 -0.00104
1313.42407 -0.00113
1314.59118 -0.00113
1315.75828 -0.00122
1316.92539 -0.0012
1318.09249 -0.00122
1319.25959 -0.00121
1320.4267 -0.00122
1321.5938 -0.00122
1322.76091 -0.00123
1323.92801 -0.00118
1325.09512 -0.00121
1326.26222 -0.00117
1327.42933 -0.00114
1328.59643 -0.00116
1329.76354 -0.0011
1330.93064 -0.00107
1332.09775 -0.00103
1333.26485 -0.00107
1334.43196 -0.00115
1335.59906 -0.00117
1336.76616 -0.001
1337.93327 -9.09466E-4
1339.10037 -8.63539E-4
1340.26748 -7.6235E-4
1341.43458 -6.53967E-4
1342.60169 -5.27456E-4
1343.76879 -4.46937E-4
1344.9359 -2.83609E-4
1346.103 -1.71101E-4
1347.27011 1.49885E-6
1348.43721 1.88242E-5
1349.60432 1.00793E-5
1350.77142 1.56824E-5
1351.93853 -4.44111E-5
1353.10563 -1.98346E-4
1354.27273 -2.71503E-4
1355.43984 -2.99146E-4
1356.60694 -2.69378E-4
1357.77405 -2.83643E-4
1358.94115 -1.15713E-4
1360.10826 1.32297E-4
1361.27536 5.12206E-4
1362.44247 0.00121
1363.60957 0.00209
1364.77668 0.00344
1365.94378 0.00517
1367.11089 0.00731
1368.27799 0.0099
1369.4451 0.01301
1370.6122 0.0163
1371.7793 0.01992
1372.94641 0.02362
1374.11351 0.02721
1375.28062 0.03067
1376.44772 0.03378
1377.61483 0.03652
1378.78193 0.03885
1379.94904 0.04064
1381.11614 0.042
1382.28325 0.04292
1383.45035 0.04351
1384.61746 0.04382
1385.78456 0.04378
1386.95167 0.04359
1388.11877 0.04318
1389.28588 0.04252
1390.45298 0.04151
1391.62008 0.04023
1392.78719 0.03854
1393.95429 0.03641
1395.1214 0.03418
1396.2885 0.03175
1397.45561 0.02891
1398.62271 0.02589
1399.78982 0.02281
1400.95692 0.01967
1402.12403 0.01652
1403.29113 0.01359
1404.45824 0.01091
1405.62534 0.00853
1406.79245 0.00661
1407.95955 0.0049
1409.12665 0.0035
1410.29376 0.00226
1411.46086 0.00133
1412.62797 7.45951E-4
1413.79507 3.11933E-4
1414.96218 7.2341E-6
1416.12928 -8.47376E-5
1417.29639 7.47067E-5
1418.46349 7.85369E-4
1419.6306 0.00255
1420.7977 0.00584
1421.96481 0.01104
1423.13191 0.01839
1424.29902 0.02832
1425.46612 0.04069
1426.63322 0.05566
1427.80033 0.07277
1428.96743 0.09155
1430.13454 0.1106
1431.30164 0.12838
1432.46875 0.14279
1433.63585 0.15186
1434.80296 0.15458
1435.97006 0.15044
1437.13717 0.14047
1438.30427 0.12649
1439.47138 0.1109
1440.63848 0.09726
1441.80559 0.08964
1442.97269 0.09068
1444.13979 0.09936
1445.3069 0.11102
1446.474 0.12148
1447.64111 0.12878
1448.80821 0.13279
1449.97532 0.13404
1451.14242 0.13327
1452.30953 0.13118
1453.47663 0.1284
1454.64374 0.12526
1455.81084 0.12186
1456.97795 0.11831
1458.14505 0.1145
1459.31216 0.11031
1460.47926 0.10552
1461.64636 0.10032
1462.81347 0.09454
1463.98057 0.08837
1465.14768 0.08184
1466.31478 0.07514
1467.48189 0.06826
1468.64899 0.06137
1469.8161 0.05486
1470.9832 0.04855
1472.15031 0.0425
1473.31741 0.03691
1474.48452 0.03208
1475.65162 0.02779
1476.81873 0.02425
1477.98583 0.02118
1479.15293 0.01863
1480.32004 0.01636
1481.48714 0.01454
1482.65425 0.01291
1483.82135 0.01154
1484.98846 0.01033
1486.15556 0.00932
1487.32267 0.00838
1488.48977 0.00764
1489.65688 0.00692
1490.82398 0.00638
1491.99109 0.00596
1493.15819 0.00554
1494.3253 0.00525
1495.4924 0.00481
1496.6595 0.00464
1497.82661 0.0044
1498.99371 0.00423
1500.16082 0.00401
1501.32792 0.00389
1502.49503 0.00368
1503.66213 0.00355
1504.82924 0.00326
1505.99634 0.00314
1507.16345 0.00294
1508.33055 0.00287
1509.49766 0.00275
1510.66476 0.0026
1511.83187 0.00247
1512.99897 0.00237
1514.16608 0.00232
1515.33318 0.00222
1516.50028 0.0021
1517.66739 0.002
1518.83449 0.00188
1520.0016 0.0016
1521.1687 0.00124
1522.33581 8.10941E-4
1523.50291 3.61786E-4
1524.67002 2.59895E-5
1525.83712 -1.24613E-4
1527.00423 -3.08875E-4
1528.17133 -4.18538E-4
1529.33844 -2.17259E-4
1530.50554 1.18356E-4
1531.67265 4.24567E-4
1532.83975 4.84721E-4
1534.00685 5.5506E-4
1535.17396 5.70876E-4
1536.34106 4.98116E-4
1537.50817 3.64456E-4
1538.67527 5.71817E-5
1539.84238 4.61676E-5
1541.00948 1.74527E-4
1542.17659 1.67947E-4
1543.34369 2.60922E-4
1544.5108 2.0363E-4
1545.6779 6.71282E-5
1546.84501 -6.20438E-5
1548.01211 -3.4143E-4
1549.17922 -7.42966E-4
1550.34632 -0.00121
1551.51342 -0.00145
1552.68053 -0.00153
1553.84763 -0.00114
1555.01474 -5.90813E-4
1556.18184 -2.20578E-4
1557.34895 -7.76577E-5
1558.51605 -3.09391E-6
1559.68316 5.85592E-5
1560.85026 2.72132E-4
1562.01737 3.91938E-4
1563.18447 3.93343E-4
1564.35158 4.37119E-4
1565.51868 4.5274E-4
1566.68579 4.86746E-4
1567.85289 4.25125E-4
1569.01999 4.25357E-4
1570.1871 4.1308E-4
1571.3542 4.91894E-4
1572.52131 4.31249E-4
1573.68841 3.82601E-4
1574.85552 3.84015E-4
1576.02262 2.51943E-4
1577.18973 3.82905E-4
1578.35683 3.54324E-4
1579.52394 3.16643E-4
1580.69104 2.8986E-4
1581.85815 2.76226E-4
1583.02525 2.20841E-4
1584.19236 2.29434E-4
1585.35946 1.47761E-4
1586.52656 1.59596E-4
1587.69367 1.27207E-4
1588.86077 6.38321E-5
1590.02788 2.32617E-5
1591.19498 6.44335E-6
1592.36209 -2.27393E-5
1593.52919 -1.31934E-5
1594.6963 -5.29833E-5
1595.8634 -2.58384E-5
1597.03051 -5.19792E-5
1598.19761 -5.28216E-5
1599.36472 -4.16695E-5
1600.53182 2.01815E-5
1601.69893 2.62591E-7
1602.86603 -4.92058E-5
1604.03313 7.47828E-6
1605.20024 -4.10087E-5
1606.36734 -4.6426E-5
1607.53445 9.01729E-7
1608.70155 -1.63503E-7
1609.86866 -6.12738E-6
1611.03576 1.00115E-4
1612.20287 4.66029E-5
1613.36997 9.2962E-5
1614.53708 6.99809E-5
1615.70418 9.17377E-5
1616.87129 1.09002E-4
1618.03839 1.83346E-4
1619.2055 2.51247E-4
1620.3726 2.34612E-4
1621.5397 1.62776E-4
1622.70681 5.29411E-5
1623.87391 7.81118E-5
1625.04102 -4.00513E-6
1626.20812 8.23641E-5
1627.37523 -3.04096E-5
1628.54233 -1.77858E-5
1629.70944 -1.38322E-4
1630.87654 -1.80787E-4
1632.04365 -2.2381E-4
1633.21075 -1.15955E-4
1634.37786 -1.08982E-4
1635.54496 -1.78176E-4
1636.71207 4.54273E-6
1637.87917 -2.79101E-5
1639.04628 -5.96966E-5
1640.21338 -6.16859E-5
1641.38048 5.45164E-5
1642.54759 9.80547E-6
1643.71469 6.19139E-5
1644.8818 -4.58165E-5
1646.0489 6.24723E-6
1647.21601 -1.5611E-5
1648.38311 5.59828E-5
1649.55022 2.46964E-5
1650.71732 2.46979E-5
1651.88443 -1.38608E-4
1653.05153 -1.81392E-4
1654.21864 1.25085E-4
1655.38574 3.68318E-4
1656.55285 5.79512E-4
1657.71995 8.29141E-4
1658.88705 0.00142
1660.05416 0.00221
1661.22126 0.00329
1662.38837 0.00463
1663.55547 0.00632
1664.72258 0.00813
1665.88968 0.01018
1667.05679 0.01243
1668.22389 0.01514
1669.391 0.01828
1670.5581 0.02219
1671.72521 0.02671
1672.89231 0.03174
1674.05942 0.03706
1675.22652 0.04207
1676.39362 0.04689
1677.56073 0.05051
1678.72783 0.05297
1679.89494 0.05378
1681.06204 0.05326
1682.22915 0.05144
1683.39625 0.04868
1684.56336 0.04541
1685.73046 0.0425
1686.89757 0.0399
1688.06467 0.0381
1689.23178 0.03751
1690.39888 0.03843
1691.56599 0.0414
1692.73309 0.04719
1693.90019 0.05714
1695.0673 0.07383
1696.2344 0.10236
1697.40151 0.14861
1698.56861 0.2171
1699.73572 0.30466
1700.90282 0.4025
1702.06993 0.50168
1703.23703 0.59912
1704.40414 0.69408
1705.57124 0.78628
1706.73835 0.87531
1707.90545 0.96115
1709.07256 1.04249
1710.23966 1.11854
1711.40676 1.18943
1712.57387 1.25333
1713.74097 1.31103
1714.90808 1.36083
1716.07518 1.40221
1717.24229 1.43522
1718.40939 1.45974
1719.5765 1.47463
1720.7436 1.47957
1721.91071 1.47311
1723.07781 1.45595
1724.24492 1.42754
1725.41202 1.3882
1726.57913 1.33755
1727.74623 1.27795
1728.91333 1.20987
1730.08044 1.13405
1731.24754 1.05427
1732.41465 0.97027
1733.58175 0.8827
1734.74886 0.79094
1735.91596 0.69354
1737.08307 0.58547
1738.25017 0.46287
1739.41728 0.33418
1740.58438 0.23667
1741.75149 0.1827
1742.91859 0.15208
1744.0857 0.13145
1745.2528 0.11585
1746.4199 0.10331
1747.58701 0.09304
1748.75411 0.08437
1749.92122 0.07708
1751.08832 0.07072
1752.25543 0.06544
1753.42253 0.06067
1754.58964 0.0565
1755.75674 0.05281
1756.92385 0.0495
1758.09095 0.0466
1759.25806 0.04394
1760.42516 0.04149
1761.59227 0.03923
1762.75937 0.0373
1763.92648 0.03541
1765.09358 0.03371
1766.26068 0.03214
1767.42779 0.03068
1768.59489 0.02931
1769.762 0.02806
1770.9291 0.0269
1772.09621 0.02569
1773.26331 0.02483
1774.43042 0.02384
1775.59752 0.02291
1776.76463 0.02211
1777.93173 0.0213
1779.09884 0.02052
1780.26594 0.01977
1781.43305 0.01917
1782.60015 0.01849
1783.76725 0.01789
1784.93436 0.01741
1786.10146 0.01693
1787.26857 0.01645
1788.43567 0.01609
1789.60278 0.01574
1790.76988 0.01551
1791.93699 0.01526
1793.10409 0.01521
1794.2712 0.01512
1795.4383 0.0151
1796.60541 0.01512
1797.77251 0.01524
1798.93962 0.01535
1800.10672 0.01552
1801.27382 0.01567
1802.44093 0.01575
1803.60803 0.01587
1804.77514 0.01594
1805.94224 0.01591
1807.10935 0.0158
1808.27645 0.01565
1809.44356 0.01537
1810.61066 0.01502
1811.77777 0.01463
1812.94487 0.01417
1814.11198 0.01357
1815.27908 0.01301
1816.44619 0.01239
1817.61329 0.01171
1818.78039 0.01102
1819.9475 0.01031
1821.1146 0.00959
1822.28171 0.00885
1823.44881 0.00823
1824.61592 0.0075
1825.78302 0.0069
1826.95013 0.0062
1828.11723 0.00569
1829.28434 0.00507
1830.45144 0.00454
1831.61855 0.004
1832.78565 0.00353
1833.95276 0.00308
1835.11986 0.00265
1836.28696 0.00223
1837.45407 0.00183
1838.62117 0.0015
1839.78828 0.00113
1840.95538 8.75795E-4
1842.12249 5.6851E-4
1843.28959 3.02864E-4
1844.4567 6.09796E-5
1845.6238 -1.14116E-4
1846.79091 -3.04944E-4
1847.95801 -4.88765E-4
1849.12512 -6.33108E-4
1850.29222 -7.69066E-4
1851.45933 -9.17901E-4
1852.62643 -0.00106
1853.79353 -0.00118
1854.96064 -0.00131
1856.12774 -0.00139
1857.29485 -0.00152
1858.46195 -0.00156
1859.62906 -0.00171
1860.79616 -0.00178
1861.96327 -0.00183
1863.13037 -0.00188
1864.29748 -0.00198
1865.46458 -0.00204
1866.63169 -0.00217
1867.79879 -0.00219
1868.9659 -0.00229
1870.133 -0.00231
1871.3001 -0.00235
1872.46721 -0.00239
1873.63431 -0.00244
1874.80142 -0.0025
1875.96852 -0.00251
1877.13563 -0.00256
1878.30273 -0.00259
1879.46984 -0.00264
1880.63694 -0.00271
1881.80405 -0.00269
1882.97115 -0.00269
1884.13826 -0.00272
1885.30536 -0.00272
1886.47247 -0.00275
1887.63957 -0.00276
1888.80668 -0.0028
1889.97378 -0.00279
1891.14088 -0.0028
1892.30799 -0.00283
1893.47509 -0.00282
1894.6422 -0.00281
1895.8093 -0.00283
1896.97641 -0.00285
1898.14351 -0.00283
1899.31062 -0.00286
1900.47772 -0.0028
1901.64483 -0.00282
1902.81193 -0.00282
1903.97904 -0.00283
1905.14614 -0.00279
1906.31325 -0.00279
1907.48035 -0.00274
1908.64745 -0.00272
1909.81456 -0.00261
1910.98166 -0.00253
1912.14877 -0.00232
1913.31587 -0.00207
1914.48298 -0.00187
1915.65008 -0.00158
1916.81719 -0.00127
1917.98429 -9.64968E-4
1919.1514 -6.4398E-4
1920.3185 -3.98319E-4
1921.48561 -2.07682E-4
1922.65271 -4.35414E-5
1923.81982 2.96333E-5
1924.98692 7.15381E-5
1926.15402 4.83126E-5
1927.32113 1.87337E-6
1928.48823 -1.1376E-5
1929.65534 -5.00492E-5
1930.82244 -7.5897E-5
1931.98955 -1.74823E-4
1933.15665 -3.18144E-4
1934.32376 -4.03551E-4
1935.49086 -5.60225E-4
1936.65797 -6.32841E-4
1937.82507 -7.68331E-4
1938.99218 -9.00721E-4
1940.15928 -0.00106
1941.32639 -0.00116
1942.49349 -0.00131
1943.66059 -0.00147
1944.8277 -0.00159
1945.9948 -0.0017
1947.16191 -0.00178
1948.32901 -0.00189
1949.49612 -0.00199
1950.66322 -0.00203
1951.83033 -0.00206
1952.99743 -0.00204
1954.16454 -0.00206
1955.33164 -0.00207
1956.49875 -0.00205
1957.66585 -0.00194
1958.83296 -0.0019
1960.00006 -0.0017
1961.16716 -0.0015
1962.33427 -0.00125
1963.50137 -8.92931E-4
1964.66848 -3.51844E-4
1965.83558 2.41191E-4
1967.00269 9.46723E-4
1968.16979 0.00172
1969.3369 0.00249
1970.504 0.00322
1971.67111 0.00371
1972.83821 0.00427
1974.00532 0.00453
1975.17242 0.00469
1976.33953 0.00466
1977.50663 0.00456
1978.67373 0.0044
1979.84084 0.00405
1981.00794 0.00377
1982.17505 0.00344
1983.34215 0.00314
1984.50926 0.00277
1985.67636 0.00247
1986.84347 0.00219
1988.01057 0.00192
1989.17768 0.00167
1990.34478 0.00141
1991.51189 0.0012
1992.67899 0.00104
1993.8461 8.39838E-4
1995.0132 6.26905E-4
1996.1803 4.39772E-4
1997.34741 3.46055E-4
1998.51451 1.37965E-4
1999.68162 -4.59424E-6
2000.84872 -4.04803E-5
2002.01583 -1.84854E-4
2003.18293 -3.39989E-4
2004.35004 -4.21847E-4
2005.51714 -4.6864E-4
2006.68425 -5.8464E-4
2007.85135 -5.89879E-4
2009.01846 -6.26037E-4
2010.18556 -6.27599E-4
2011.35267 -6.69024E-4
2012.51977 -6.3483E-4
2013.68688 -6.64747E-4
2014.85398 -6.23979E-4
2016.02108 -5.63793E-4
2017.18819 -4.47523E-4
2018.35529 -4.23891E-4
2019.5224 -3.71553E-4
2020.6895 -3.17211E-4
2021.85661 -2.78503E-4
2023.02371 -1.96542E-4
2024.19082 -1.28795E-4
2025.35792 -1.3075E-4
2026.52503 4.60725E-5
2027.69213 5.22494E-5
2028.85924 9.62041E-5
2030.02634 9.31282E-5
2031.19345 1.86062E-4
2032.36055 2.33031E-4
2033.52765 3.04351E-4
2034.69476 3.75965E-4
2035.86186 3.91463E-4
2037.02897 4.52702E-4
2038.19607 5.41425E-4
2039.36318 6.28721E-4
2040.53028 7.31187E-4
2041.69739 8.25302E-4
2042.86449 0.00101
2044.0316 0.00125
2045.1987 0.00157
2046.36581 0.00191
2047.53291 0.00236
2048.70002 0.00298
2049.86712 0.00364
2051.03422 0.00436
2052.20133 0.00524
2053.36843 0.00611
2054.53554 0.00696
2055.70264 0.00786
2056.86975 0.0087
2058.03685 0.00943
2059.20396 0.01015
2060.37106 0.01074
2061.53817 0.01116
2062.70527 0.01146
2063.87238 0.01163
2065.03948 0.01171
2066.20659 0.01155
2067.37369 0.01138
2068.54079 0.01107
2069.7079 0.01059
2070.875 0.01014
2072.04211 0.00962
2073.20921 0.00902
2074.37632 0.00837
2075.54342 0.00775
2076.71053 0.00719
2077.87763 0.00661
2079.04474 0.00608
2080.21184 0.0055
2081.37895 0.00496
2082.54605 0.00444
2083.71316 0.00399
2084.88026 0.00353
2086.04736 0.00319
2087.21447 0.00282
2088.38157 0.00247
2089.54868 0.00227
2090.71578 0.00205
2091.88289 0.00187
2093.04999 0.00177
2094.2171 0.00175
2095.3842 0.00182
2096.55131 0.002
2097.71841 0.00229
2098.88552 0.00271
2100.05262 0.0033
2101.21973 0.00398
2102.38683 0.00475
2103.55393 0.00566
2104.72104 0.00662
2105.88814 0.00755
2107.05525 0.00852
2108.22235 0.00928
2109.38946 0.01007
2110.55656 0.01071
2111.72367 0.01112
2112.89077 0.01146
2114.05788 0.01164
2115.22498 0.01172
2116.39209 0.01158
2117.55919 0.0114
2118.7263 0.01109
2119.8934 0.01081
2121.0605 0.01045
2122.22761 0.01004
2123.39471 0.00961
2124.56182 0.00921
2125.72892 0.00879
2126.89603 0.0084
2128.06313 0.00814
2129.23024 0.0079
2130.39734 0.00769
2131.56445 0.00765
2132.73155 0.00754
2133.89866 0.00741
2135.06576 0.0072
2136.23287 0.00676
2137.39997 0.0063
2138.56708 0.00565
2139.73418 0.00489
2140.90128 0.00421
2142.06839 0.00368
2143.23549 0.00316
2144.4026 0.00281
2145.5697 0.00245
2146.73681 0.00219
2147.90391 0.00188
2149.07102 0.00167
2150.23812 0.00141
2151.40523 0.00122
2152.57233 9.92359E-4
2153.73944 8.24728E-4
2154.90654 6.80595E-4
2156.07365 5.79605E-4
2157.24075 4.75308E-4
2158.40785 3.60476E-4
2159.57496 2.88825E-4
2160.74206 2.20189E-4
2161.90917 1.84437E-4
2163.07627 1.11771E-4
2164.24338 4.20436E-5
2165.41048 2.62114E-5
2166.57759 2.13383E-5
2167.74469 -6.51751E-6
2168.9118 -7.91297E-5
2170.0789 -6.5942E-5
2171.24601 -1.37322E-4
2172.41311 -1.65195E-4
2173.58022 -1.14402E-4
2174.74732 -2.06846E-4
2175.91442 -2.19194E-4
2177.08153 -1.94522E-4
2178.24863 -1.78109E-4
2179.41574 -2.15108E-4
2180.58284 -2.18117E-4
2181.74995 -2.22045E-4
2182.91705 -1.67238E-4
2184.08416 -2.1745E-4
2185.25126 -1.76932E-4
2186.41837 -2.22189E-4
2187.58547 -1.85112E-4
2188.75258 -1.95692E-4
2189.91968 -1.74037E-4
2191.08679 -1.61729E-4
2192.25389 -1.41458E-4
2193.42099 -1.3154E-4
2194.5881 -8.11873E-5
2195.7552 -6.11133E-5
2196.92231 -1.77861E-5
2198.08941 4.96899E-6
2199.25652 1.07246E-5
2200.42362 -1.35585E-5
2201.59073 7.25112E-5
2202.75783 4.30545E-5
2203.92494 2.99022E-5
2205.09204 1.97906E-5
2206.25915 -5.72764E-6
2207.42625 1.88979E-6
2208.59336 -7.82753E-5
2209.76046 -7.17509E-5
2210.92756 -1.40529E-4
2212.09467 -1.14294E-4
2213.26177 -1.62443E-4
2214.42888 -1.83646E-4
2215.59598 -1.77137E-4
2216.76309 -2.41056E-4
2217.93019 -2.02447E-4
2219.0973 -2.27447E-4
2220.2644 -2.36757E-4
2221.43151 -2.41287E-4
2222.59861 -2.29157E-4
2223.76572 -2.39804E-4
2224.93282 -2.18766E-4
2226.09993 -2.45116E-4
2227.26703 -2.35033E-4
2228.43413 -2.11487E-4
2229.60124 -2.40507E-4
2230.76834 -2.28014E-4
2231.93545 -2.49681E-4
2233.10255 -2.08793E-4
2234.26966 -2.51223E-4
2235.43676 -2.39377E-4
2236.60387 -2.37087E-4
2237.77097 -2.58016E-4
2238.93808 -2.49168E-4
2240.10518 -1.70222E-4
2241.27229 -2.41641E-4
2242.43939 -2.00007E-4
2243.6065 -2.29329E-4
2244.7736 -2.30879E-4
2245.9407 -2.7958E-4
2247.10781 -2.53542E-4
2248.27491 -2.07294E-4
2249.44202 -2.65792E-4
2250.60912 -2.48887E-4
2251.77623 -2.42795E-4
2252.94333 -2.55051E-4
2254.11044 -2.04415E-4
2255.27754 -2.76518E-4
2256.44465 -2.48319E-4
2257.61175 -2.69581E-4
2258.77886 -2.30189E-4
2259.94596 -1.85425E-4
2261.11307 -2.94625E-4
2262.28017 -2.38972E-4
2263.44728 -2.39115E-4
2264.61438 -2.42038E-4
2265.78148 -1.86515E-4
2266.94859 -1.84568E-4
2268.11569 -2.3489E-4
2269.2828 -1.26188E-4
2270.4499 -1.15894E-4
2271.61701 -1.44491E-4
2272.78411 3.37123E-5
2273.95122 5.37802E-5
2275.11832 5.09048E-5
2276.28543 1.79019E-4
2277.45253 2.01357E-4
2278.61964 2.8825E-4
2279.78674 3.91496E-4
2280.95385 4.59374E-4
2282.12095 5.30202E-4
2283.28805 7.08909E-4
2284.45516 7.53373E-4
2285.62226 8.9934E-4
2286.78937 9.97328E-4
2287.95647 0.00121
2289.12358 0.00127
2290.29068 0.00147
2291.45779 0.00158
2292.62489 0.00183
2293.792 0.00193
2294.9591 0.00223
2296.12621 0.00236
2297.29331 0.00254
2298.46042 0.0027
2299.62752 0.00281
2300.79462 0.00306
2301.96173 0.00293
2303.12883 0.0033
2304.29594 0.00286
2305.46304 0.00361
2306.63015 0.00281
2307.79725 0.00357
2308.96436 0.00289
2310.13146 0.00334
2311.29857 0.00312
2312.46567 0.00268
2313.63278 0.00352
2314.79988 0.00227
2315.96699 0.00345
2317.13409 0.00211
2318.30119 0.00279
2319.4683 0.00271
2320.6354 0.00129
2321.80251 0.00298
2322.96961 0.00131
2324.13672 0.00218
2325.30382 0.00246
2326.47093 0.00133
2327.63803 0.00261
2328.80514 0.00156
2329.97224 0.00127
2331.13935 0.00261
2332.30645 0.00136
2333.47356 0.00201
2334.64066 0.00285
2335.80776 0.00128
2336.97487 0.00219
2338.14197 0.00319
2339.30908 0.0032
2340.47618 0.00455
2341.64329 0.0063
2342.81039 0.00479
2343.9775 0.00289
2345.1446 0.00306
2346.31171 0.00306
2347.47881 0.00285
2348.64592 0.00407
2349.81302 0.00359
2350.98013 0.00274
2352.14723 0.00353
2353.31433 0.00369
2354.48144 0.00303
2355.64854 0.00252
2356.81565 0.0027
2357.98275 0.003
2359.14986 0.00339
2360.31696 0.00321
2361.48407 0.00295
2362.65117 0.00274
2363.81828 0.00252
2364.98538 0.00277
2366.15249 0.00295
2367.31959 0.00308
2368.4867 0.00328
2369.6538 0.00321
2370.8209 0.00321
2371.98801 0.00323
2373.15511 0.0032
2374.32222 0.00326
2375.48932 0.00336
2376.65643 0.0035
2377.82353 0.00367
2378.99064 0.00379
2380.15774 0.00385
2381.32485 0.00392
2382.49195 0.00391
2383.65906 0.0039
2384.82616 0.0038
2385.99327 0.00375
2387.16037 0.00369
2388.32748 0.00362
2389.49458 0.0035
2390.66168 0.00355
2391.82879 0.00354
2392.99589 0.00358
2394.163 0.00371
2395.3301 0.00385
2396.49721 0.00396
2397.66431 0.00422
2398.83142 0.00444
2399.99852 0.00466
2401.16563 0.00498
2402.33273 0.00531
2403.49984 0.00556
2404.66694 0.00581
2405.83405 0.00613
2407.00115 0.00642
2408.16825 0.00661
2409.33536 0.0069
2410.50246 0.00707
2411.66957 0.00717
2412.83667 0.00729
2414.00378 0.00742
2415.17088 0.00744
2416.33799 0.00746
2417.50509 0.00747
2418.6722 0.00743
2419.8393 0.00736
2421.00641 0.00732
2422.17351 0.00724
2423.34062 0.00717
2424.50772 0.00699
2425.67482 0.00689
2426.84193 0.00671
2428.00903 0.00662
2429.17614 0.0064
2430.34324 0.0063
2431.51035 0.00612
2432.67745 0.00594
2433.84456 0.00577
2435.01166 0.00565
2436.17877 0.00542
2437.34587 0.00529
2438.51298 0.0051
2439.68008 0.00489
2440.84719 0.00471
2442.01429 0.00456
2443.18139 0.00449
2444.3485 0.00428
2445.5156 0.00412
2446.68271 0.004
2447.84981 0.00388
2449.01692 0.00373
2450.18402 0.00355
2451.35113 0.00346
2452.51823 0.00335
2453.68534 0.00325
2454.85244 0.00312
2456.01955 0.00306
2457.18665 0.00294
2458.35376 0.00284
2459.52086 0.00277
2460.68796 0.00268
2461.85507 0.00261
2463.02217 0.00257
2464.18928 0.00261
2465.35638 0.00262
2466.52349 0.00276
2467.69059 0.0028
2468.8577 0.00294
2470.0248 0.00302
2471.19191 0.00314
2472.35901 0.00317
2473.52612 0.00317
2474.69322 0.00309
2475.86033 0.00307
2477.02743 0.003
2478.19453 0.0029
2479.36164 0.00281
2480.52874 0.00266
2481.69585 0.00254
2482.86295 0.00245
2484.03006 0.00224
2485.19716 0.00218
2486.36427 0.00204
2487.53137 0.00195
2488.69848 0.00178
2489.86558 0.00176
2491.03269 0.0016
2492.19979 0.00156
2493.3669 0.00151
2494.534 0.00135
2495.7011 0.00129
2496.86821 0.00124
2498.03531 0.00114
2499.20242 0.00107
2500.36952 0.00103
2501.53663 9.41272E-4
2502.70373 8.8357E-4
2503.87084 8.54169E-4
2505.03794 7.6409E-4
2506.20505 7.88234E-4
2507.37215 6.9176E-4
2508.53926 6.462E-4
2509.70636 5.58795E-4
2510.87347 5.75647E-4
2512.04057 5.84296E-4
2513.20768 5.71536E-4
2514.37478 5.46531E-4
2515.54188 5.81732E-4
2516.70899 5.10113E-4
2517.87609 5.08025E-4
2519.0432 5.44092E-4
2520.2103 5.25617E-4
2521.37741 5.61142E-4
2522.54451 5.42449E-4
2523.71162 5.59668E-4
2524.87872 5.85758E-4
2526.04583 6.18671E-4
2527.21293 6.1204E-4
2528.38004 6.08683E-4
2529.54714 6.29426E-4
2530.71425 6.35642E-4
2531.88135 6.33767E-4
2533.04845 6.86368E-4
2534.21556 6.78698E-4
2535.38266 7.72153E-4
2536.54977 6.91932E-4
2537.71687 7.37652E-4
2538.88398 7.20888E-4
2540.05108 7.51197E-4
2541.21819 7.35919E-4
2542.38529 7.8254E-4
2543.5524 7.74066E-4
2544.7195 7.81597E-4
2545.88661 7.3153E-4
2547.05371 7.59459E-4
2548.22082 7.65475E-4
2549.38792 7.75636E-4
2550.55502 7.81988E-4
2551.72213 7.21534E-4
2552.88923 7.85106E-4
2554.05634 7.20354E-4
2555.22344 6.98491E-4
2556.39055 6.99098E-4
2557.55765 7.22573E-4
2558.72476 6.91185E-4
2559.89186 6.55554E-4
2561.05897 6.60093E-4
2562.22607 7.16887E-4
2563.39318 6.96331E-4
2564.56028 6.29349E-4
2565.72739 7.14671E-4
2566.89449 7.61512E-4
2568.06159 7.57919E-4
2569.2287 8.27815E-4
2570.3958 8.94855E-4
2571.56291 9.92442E-4
2572.73001 0.00114
2573.89712 0.00122
2575.06422 0.00139
2576.23133 0.0015
2577.39843 0.00167
2578.56554 0.0019
2579.73264 0.00201
2580.89975 0.00228
2582.06685 0.00242
2583.23396 0.00261
2584.40106 0.00283
2585.56816 0.00294
2586.73527 0.00313
2587.90237 0.00328
2589.06948 0.00337
2590.23658 0.00346
2591.40369 0.00355
2592.57079 0.00355
2593.7379 0.00355
2594.905 0.00356
2596.07211 0.00347
2597.23921 0.00346
2598.40632 0.00334
2599.57342 0.00331
2600.74053 0.00315
2601.90763 0.00311
2603.07473 0.00299
2604.24184 0.00292
2605.40894 0.00283
2606.57605 0.00276
2607.74315 0.0027
2608.91026 0.00258
2610.07736 0.00255
2611.24447 0.00248
2612.41157 0.00239
2613.57868 0.00235
2614.74578 0.00231
2615.91289 0.00225
2617.07999 0.00227
2618.2471 0.00219
2619.4142 0.00218
2620.5813 0.00212
2621.74841 0.0021
2622.91551 0.00203
2624.08262 0.00203
2625.24972 0.00197
2626.41683 0.00193
2627.58393 0.00186
2628.75104 0.00182
2629.91814 0.00175
2631.08525 0.00173
2632.25235 0.00167
2633.41946 0.00161
2634.58656 0.00153
2635.75367 0.00144
2636.92077 0.00142
2638.08788 0.00133
2639.25498 0.00128
2640.42208 0.00121
2641.58919 0.00121
2642.75629 0.0011
2643.9234 0.00107
2645.0905 0.00107
2646.25761 9.1345E-4
2647.42471 9.66334E-4
2648.59182 8.89225E-4
2649.75892 8.34141E-4
2650.92603 8.25248E-4
2652.09313 7.75926E-4
2653.26024 7.59245E-4
2654.42734 7.91193E-4
2655.59445 7.41599E-4
2656.76155 7.32745E-4
2657.92865 7.3323E-4
2659.09576 7.48142E-4
2660.26286 7.28842E-4
2661.42997 6.86309E-4
2662.59707 7.18011E-4
2663.76418 7.49447E-4
2664.93128 6.15868E-4
2666.09839 5.61803E-4
2667.26549 6.18707E-4
2668.4326 5.88268E-4
2669.5997 5.61045E-4
2670.76681 5.62822E-4
2671.93391 4.80535E-4
2673.10102 5.16624E-4
2674.26812 4.61901E-4
2675.43522 3.99248E-4
2676.60233 3.85373E-4
2677.76943 3.92147E-4
2678.93654 3.29805E-4
2680.10364 2.54811E-4
2681.27075 3.01229E-4
2682.43785 2.00692E-4
2683.60496 2.4924E-4
2684.77206 2.02687E-4
2685.93917 2.41516E-4
2687.10627 2.20769E-4
2688.27338 1.50159E-4
2689.44048 1.31932E-4
2690.60759 9.31208E-5
2691.77469 1.17399E-4
2692.94179 9.65103E-5
2694.1089 1.16745E-4
2695.276 5.64487E-5
2696.44311 3.23916E-5
2697.61021 4.64298E-5
2698.77732 1.15683E-5
2699.94442 7.20031E-6
2701.11153 -8.96147E-5
2702.27863 -8.69909E-5
2703.44574 -4.22351E-5
2704.61284 -6.11159E-5
2705.77995 -1.37455E-4
2706.94705 -1.04013E-4
2708.11416 -1.58188E-4
2709.28126 -1.60066E-4
2710.44836 -1.99701E-4
2711.61547 -1.82862E-4
2712.78257 -1.74591E-4
2713.94968 -2.13831E-4
2715.11678 -2.22238E-4
2716.28389 -1.73903E-4
2717.45099 -2.46171E-4
2718.6181 -2.53224E-4
2719.7852 -1.99678E-4
2720.95231 -2.30995E-4
2722.11941 -2.34482E-4
2723.28652 -1.54078E-4
2724.45362 -1.2726E-4
2725.62073 -1.06983E-4
2726.78783 -8.07776E-5
2727.95493 1.83904E-5
2729.12204 4.65833E-5
2730.28914 1.17498E-4
2731.45625 2.13238E-4
2732.62335 3.61174E-4
2733.79046 4.09733E-4
2734.95756 5.04782E-4
2736.12467 6.11113E-4
2737.29177 6.95985E-4
2738.45888 7.87296E-4
2739.62598 8.39917E-4
2740.79309 9.22584E-4
2741.96019 9.83063E-4
2743.1273 9.86926E-4
2744.2944 0.00109
2745.4615 0.00116
2746.62861 0.00112
2747.79571 0.00115
2748.96282 0.0012
2750.12992 0.00116
2751.29703 0.00117
2752.46413 0.00114
2753.63124 0.00114
2754.79834 0.00114
2755.96545 0.00112
2757.13255 0.00111
2758.29966 0.00103
2759.46676 0.00102
2760.63387 0.00101
2761.80097 0.00105
2762.96808 0.00104
2764.13518 9.4982E-4
2765.30228 8.47698E-4
2766.46939 8.66473E-4
2767.63649 7.78594E-4
2768.8036 7.83028E-4
2769.9707 7.47814E-4
2771.13781 7.26323E-4
2772.30491 6.37861E-4
2773.47202 6.71153E-4
2774.63912 5.52508E-4
2775.80623 4.99501E-4
2776.97333 4.17085E-4
2778.14044 3.88565E-4
2779.30754 2.99648E-4
2780.47465 3.226E-4
2781.64175 1.75437E-4
2782.80885 1.65458E-4
2783.97596 6.69291E-5
2785.14306 1.49409E-5
2786.31017 9.53382E-6
2787.47727 -1.01631E-4
2788.64438 -1.57016E-4
2789.81148 -1.67222E-4
2790.97859 -2.23355E-4
2792.14569 -2.67011E-4
2793.3128 -2.45473E-4
2794.4799 -3.25285E-4
2795.64701 -3.8728E-4
2796.81411 -4.13831E-4
2797.98122 -4.45675E-4
2799.14832 -4.54235E-4
2800.31542 -4.72604E-4
2801.48253 -5.15919E-4
2802.64963 -5.68204E-4
2803.81674 -5.49623E-4
2804.98384 -5.38211E-4
2806.15095 -5.95905E-4
2807.31805 -5.99231E-4
2808.48516 -5.50728E-4
2809.65226 -5.00609E-4
2810.81937 -5.06731E-4
2811.98647 -5.18817E-4
2813.15358 -4.34992E-4
2814.32068 -4.00916E-4
2815.48779 -3.71051E-4
2816.65489 -2.48833E-4
2817.82199 -1.56085E-4
2818.9891 1.09438E-5
2820.1562 1.16551E-4
2821.32331 3.2995E-4
2822.49041 5.26254E-4
2823.65752 7.51173E-4
2824.82462 0.00104
2825.99173 0.00138
2827.15883 0.00172
2828.32594 0.00215
2829.49304 0.00257
2830.66015 0.00308
2831.82725 0.00371
2832.99436 0.0044
2834.16146 0.00512
2835.32856 0.00597
2836.49567 0.00691
2837.66277 0.00788
2838.82988 0.00887
2839.99698 0.0098
2841.16409 0.01043
2842.33119 0.01059
2843.4983 0.01027
2844.6654 0.0104
2845.83251 0.01075
2846.99961 0.01051
2848.16672 0.00968
2849.33382 0.00852
2850.50093 0.00721
2851.66803 0.00596
2852.83513 0.00494
2854.00224 0.00398
2855.16934 0.00332
2856.33645 0.00283
2857.50355 0.00249
2858.67066 0.00234
2859.83776 0.00229
2861.00487 0.00232
2862.17197 0.00247
2863.33908 0.00266
2864.50618 0.00278
2865.67329 0.00297
2866.84039 0.0033
2868.0075 0.00357
2869.1746 0.00386
2870.3417 0.00416
2871.50881 0.00436
2872.67591 0.00466
2873.84302 0.00495
2875.01012 0.0053
2876.17723 0.00565
2877.34433 0.00599
2878.51144 0.00634
2879.67854 0.00672
2880.84565 0.00707
2882.01275 0.00744
2883.17986 0.00782
2884.34696 0.0081
2885.51407 0.00848
2886.68117 0.00875
2887.84828 0.00893
2889.01538 0.00917
2890.18248 0.0093
2891.34959 0.00933
2892.51669 0.00934
2893.6838 0.00941
2894.8509 0.00938
2896.01801 0.00937
2897.18511 0.00927
2898.35222 0.00939
2899.51932 0.00932
2900.68643 0.00929
2901.85353 0.00934
2903.02064 0.00943
2904.18774 0.00942
2905.35485 0.00955
2906.52195 0.00965
2907.68905 0.0096
2908.85616 0.0096
2910.02326 0.00948
2911.19037 0.00927
2912.35747 0.009
2913.52458 0.00885
2914.69168 0.00897
2915.85879 0.0094
2917.02589 0.0098
2918.193 0.01012
2919.3601 0.0105
2920.52721 0.01071
2921.69431 0.01104
2922.86142 0.01145
2924.02852 0.01179
2925.19562 0.01214
2926.36273 0.01245
2927.52983 0.01276
2928.69694 0.01323
2929.86404 0.01346
2931.03115 0.01391
2932.19825 0.01431
2933.36536 0.01494
2934.53246 0.01548
2935.69957 0.01604
2936.86667 0.01678
2938.03378 0.01763
2939.20088 0.01856
2940.36799 0.01975
2941.53509 0.02123
2942.70219 0.02287
2943.8693 0.02502
2945.0364 0.02757
2946.20351 0.03072
2947.37061 0.03476
2948.53772 0.03976
2949.70482 0.04583
2950.87193 0.05301
2952.03903 0.06116
2953.20614 0.07001
2954.37324 0.07921
2955.54035 0.08805
2956.70745 0.0957
2957.87456 0.10153
2959.04166 0.10481
2960.20876 0.10547
2961.37587 0.10344
2962.54297 0.09888
2963.71008 0.09227
2964.87718 0.08423
2966.04429 0.07545
2967.21139 0.06672
2968.3785 0.05827
2969.5456 0.05048
2970.71271 0.04359
2971.87981 0.03758
2973.04692 0.03254
2974.21402 0.02822
2975.38113 0.02465
2976.54823 0.02172
2977.71533 0.01928
2978.88244 0.01717
2980.04954 0.01534
2981.21665 0.01378
2982.38375 0.01249
2983.55086 0.01144
2984.71796 0.01051
2985.88507 0.00972
2987.05217 0.00921
2988.21928 0.00884
2989.38638 0.00873
2990.55349 0.00878
2991.72059 0.00919
2992.8877 0.00993
2994.0548 0.01102
2995.2219 0.01257
2996.38901 0.01456
2997.55611 0.01688
2998.72322 0.01976
2999.89032 0.02286
3001.05743 0.02629
3002.22453 0.02976
3003.39164 0.03321
3004.55874 0.0365
3005.72585 0.03949
3006.89295 0.04196
3008.06006 0.04378
3009.22716 0.04495
3010.39427 0.04536
3011.56137 0.04507
3012.72848 0.04402
3013.89558 0.04242
3015.06268 0.04025
3016.22979 0.03785
3017.39689 0.03487
3018.564 0.0318
3019.7311 0.02885
3020.89821 0.02581
3022.06531 0.02316
3023.23242 0.02084
3024.39952 0.01884
3025.56663 0.01726
3026.73373 0.01606
3027.90084 0.01538
3029.06794 0.01498
3030.23505 0.015
3031.40215 0.01533
3032.56925 0.01587
3033.73636 0.01647
3034.90346 0.01719
3036.07057 0.01774
3037.23767 0.01819
3038.40478 0.01849
3039.57188 0.01854
3040.73899 0.01838
3041.90609 0.01789
3043.0732 0.01726
3044.2403 0.01643
3045.40741 0.01539
3046.57451 0.01426
3047.74162 0.01304
3048.90872 0.01182
3050.07582 0.01053
3051.24293 0.00924
3052.41003 0.00816
3053.57714 0.00705
3054.74424 0.00612
3055.91135 0.00517
3057.07845 0.00444
3058.24556 0.00375
3059.41266 0.00315
3060.57977 0.00254
3061.74687 0.00216
3062.91398 0.00178
3064.08108 0.00148
3065.24819 0.00117
3066.41529 0.00108
3067.58239 8.64687E-4
3068.7495 6.17855E-4
3069.9166 5.31299E-4
3071.08371 3.73559E-4
3072.25081 3.82252E-4
3073.41792 2.25265E-4
3074.58502 2.46194E-4
3075.75213 2.03577E-4
3076.91923 1.88283E-4
3078.08634 3.83169E-5
3079.25344 5.59483E-5
3080.42055 5.25969E-5
3081.58765 1.03308E-4
3082.75476 3.352E-5
3083.92186 3.43862E-5
3085.08896 1.11235E-4
3086.25607 6.22566E-5
3087.42317 2.71943E-5
3088.59028 8.87646E-5
3089.75738 1.27051E-4
3090.92449 1.59179E-4
3092.09159 2.42618E-4
3093.2587 2.45863E-4
3094.4258 3.2853E-4
3095.59291 3.06071E-4
3096.76001 2.64651E-4
3097.92712 3.34788E-4
3099.09422 3.48887E-4
3100.26133 3.75713E-4
3101.42843 3.61262E-4
3102.59553 3.22438E-4
3103.76264 3.75292E-4
3104.92974 3.46701E-4
3106.09685 3.31347E-4
3107.26395 2.37263E-4
3108.43106 2.09681E-4
3109.59816 1.66131E-4
3110.76527 1.31158E-4
3111.93237 9.50127E-5
3113.09948 1.12894E-4
3114.26658 -5.15088E-6
3115.43369 -1.42395E-4
3116.60079 -2.8324E-4
3117.7679 -3.23072E-4
3118.935 -4.34878E-4
3120.1021 -4.57849E-4
3121.26921 -3.94714E-4
3122.43631 -4.80765E-4
3123.60342 -6.20833E-4
3124.77052 -5.95365E-4
3125.93763 -5.77251E-4
3127.10473 -5.56114E-4
3128.27184 -6.36167E-4
3129.43894 -5.85279E-4
3130.60605 -4.47896E-4
3131.77315 -4.97524E-4
3132.94026 -4.00122E-4
3134.10736 -3.40852E-4
3135.27447 -3.0265E-4
3136.44157 -2.87426E-4
3137.60868 -2.25646E-4
3138.77578 -1.0576E-4
3139.94288 -6.1204E-5
3141.10999 3.85502E-5
3142.27709 1.29727E-4
3143.4442 1.3501E-4
3144.6113 1.95571E-4
3145.77841 1.49089E-4
3146.94551 1.96358E-4
3148.11262 2.60915E-4
3149.27972 2.24896E-4
3150.44683 2.91262E-4
3151.61393 2.81254E-4
3152.78104 2.46977E-4
3153.94814 2.44165E-4
3155.11525 1.93873E-4
3156.28235 2.33672E-4
3157.44945 2.07194E-4
3158.61656 1.36061E-4
3159.78366 2.10872E-4
3160.95077 1.5572E-4
3162.11787 1.05881E-4
3163.28498 9.29971E-5
3164.45208 3.29775E-5
3165.61919 -3.50976E-5
3166.78629 -1.5536E-5
3167.9534 -6.60307E-5
3169.1205 -3.142E-5
3170.28761 -9.4507E-5
3171.45471 -1.22506E-4
3172.62182 -8.96333E-5
3173.78892 -1.57095E-4
3174.95602 -2.25302E-4
3176.12313 -1.37217E-4
3177.29023 -8.32997E-5
3178.45734 -1.69944E-4
3179.62444 -2.06698E-4
3180.79155 -3.0332E-4
3181.95865 -2.61151E-4
3183.12576 -1.87944E-4
3184.29286 -1.96043E-4
3185.45997 -2.09762E-4
3186.62707 -1.6771E-4
3187.79418 -2.42111E-4
3188.96128 -3.3858E-4
3190.12839 -2.77292E-4
3191.29549 -3.13782E-4
3192.46259 -2.85208E-4
3193.6297 -2.78012E-4
3194.7968 -2.63422E-4
3195.96391 -2.53339E-4
3197.13101 -1.71933E-4
3198.29812 -2.09924E-4
3199.46522 -2.17193E-4
3200.63233 -1.93194E-4
3201.79943 -2.50962E-4
3202.96654 -1.59916E-4
3204.13364 -9.45099E-5
3205.30075 -4.96185E-5
3206.46785 -1.78434E-4
3207.63496 -1.52595E-4
3208.80206 -1.01429E-4
3209.96916 -1.05634E-4
3211.13627 -7.66032E-5
3212.30337 -5.09007E-5
3213.47048 3.45217E-6
3214.63758 -7.94986E-5
3215.80469 -4.02918E-5
3216.97179 -9.7281E-6
3218.1389 3.41482E-5
3219.306 -7.50598E-5
3220.47311 1.3385E-5
3221.64021 2.65789E-5
3222.80732 7.77347E-5
3223.97442 7.34229E-6
3225.14153 2.16914E-5
3226.30863 1.1311E-4
3227.47573 6.04356E-5
3228.64284 1.1184E-4
3229.80994 8.27309E-5
3230.97705 8.18224E-5
3232.14415 1.20976E-5
3233.31126 1.47365E-5
3234.47836 9.37674E-5
3235.64547 7.61671E-5
3236.81257 6.65891E-5
3237.97968 5.07451E-5
3239.14678 5.78082E-5
3240.31389 4.70841E-5
3241.48099 7.41208E-5
3242.6481 3.50368E-5
3243.8152 1.62676E-6
3244.9823 4.06791E-5
3246.14941 1.12625E-5
3247.31651 -3.32912E-5
3248.48362 1.85618E-5
3249.65072 5.93464E-6
3250.81783 1.41953E-5
3251.98493 -9.58506E-5
3253.15204 -7.02746E-6
3254.31914 -2.08732E-5
3255.48625 -2.8094E-5
3256.65335 -6.30581E-5
3257.82046 -2.86839E-5
3258.98756 -1.47625E-4
3260.15467 -1.79273E-4
3261.32177 -1.51127E-4
3262.48888 -1.64664E-4
3263.65598 -2.1587E-4
3264.82308 -2.01852E-4
3265.99019 -2.84119E-4
3267.15729 -2.33018E-4
3268.3244 -3.37068E-4
3269.4915 -3.51698E-4
3270.65861 -3.16665E-4
3271.82571 -4.81322E-4
3272.99282 -4.38382E-4
3274.15992 -4.23798E-4
3275.32703 -4.2175E-4
3276.49413 -5.53816E-4
3277.66124 -6.03738E-4
3278.82834 -6.14863E-4
3279.99545 -6.21177E-4
3281.16255 -5.0552E-4
3282.32965 -6.76627E-4
3283.49676 -5.926E-4
3284.66386 -6.86055E-4
3285.83097 -7.37114E-4
3286.99807 -8.54084E-4
3288.16518 -8.90383E-4
3289.33228 -8.949E-4
3290.49939 -8.89578E-4
3291.66649 -9.41895E-4
3292.8336 -0.00103
3294.0007 -9.6129E-4
3295.16781 -9.87039E-4
3296.33491 -9.78294E-4
3297.50202 -0.00108
3298.66912 -0.00106
3299.83622 -0.00106
3301.00333 -0.00106
3302.17043 -0.00103
3303.33754 -0.00108
3304.50464 -0.00114
3305.67175 -0.00121
3306.83885 -0.00114
3308.00596 -0.00117
3309.17306 -0.00123
3310.34017 -0.0012
3311.50727 -0.00123
3312.67438 -0.00132
3313.84148 -0.00128
3315.00859 -0.00119
3316.17569 -0.00135
3317.34279 -0.00136
3318.5099 -0.00137
3319.677 -0.00139
3320.84411 -0.00137
3322.01121 -0.00137
3323.17832 -0.00138
3324.34542 -0.00148
3325.51253 -0.00147
3326.67963 -0.00143
3327.84674 -0.00149
3329.01384 -0.00158
3330.18095 -0.00152
3331.34805 -0.00161
3332.51516 -0.00151
3333.68226 -0.00161
3334.84936 -0.00163
3336.01647 -0.00163
3337.18357 -0.00167
3338.35068 -0.00167
3339.51778 -0.00166
3340.68489 -0.00165
3341.85199 -0.00174
3343.0191 -0.00167
3344.1862 -0.00166
3345.35331 -0.00168
3346.52041 -0.0016
3347.68752 -0.00158
3348.85462 -0.00164
3350.02173 -0.00156
3351.18883 -0.00152
3352.35593 -0.00147
3353.52304 -0.00148
3354.69014 -0.00147
3355.85725 -0.00143
3357.02435 -0.0014
3358.19146 -0.00139
3359.35856 -0.00143
3360.52567 -0.00147
3361.69277 -0.00145
3362.85988 -0.00145
3364.02698 -0.00142
3365.19409 -0.00139
3366.36119 -0.00147
3367.5283 -0.00137
3368.6954 -0.00147
3369.8625 -0.00144
3371.02961 -0.00139
3372.19671 -0.00135
3373.36382 -0.00135
3374.53092 -0.00124
3375.69803 -0.00126
3376.86513 -0.00129
3378.03224 -0.00117
3379.19934 -0.00116
3380.36645 -0.00108
3381.53355 -9.30982E-4
3382.70066 -7.91677E-4
3383.86776 -6.80608E-4
3385.03487 -5.39659E-4
3386.20197 -4.02391E-4
3387.36908 -1.03218E-4
3388.53618 2.19157E-4
3389.70328 5.89513E-4
3390.87039 0.00101
3392.03749 0.00151
3393.2046 0.00217
3394.3717 0.00284
3395.53881 0.00372
3396.70591 0.00466
3397.87302 0.00564
3399.04012 0.00663
3400.20723 0.00767
3401.37433 0.00872
3402.54144 0.00983
3403.70854 0.01082
3404.87565 0.01172
3406.04275 0.01249
3407.20985 0.01307
3408.37696 0.01346
3409.54406 0.01386
3410.71117 0.01401
3411.87827 0.014
3413.04538 0.0139
3414.21248 0.01375
3415.37959 0.0133
3416.54669 0.01283
3417.7138 0.01233
3418.8809 0.01185
3420.04801 0.01133
3421.21511 0.01069
3422.38222 0.01004
3423.54932 0.00951
3424.71642 0.00896
3425.88353 0.00835
3427.05063 0.00776
3428.21774 0.00729
3429.38484 0.00673
3430.55195 0.00631
3431.71905 0.0059
3432.88616 0.0055
3434.05326 0.00512
3435.22037 0.00473
3436.38747 0.00441
3437.55458 0.00407
3438.72168 0.00385
3439.88879 0.00364
3441.05589 0.00353
3442.22299 0.00319
3443.3901 0.00296
3444.5572 0.00283
3445.72431 0.00266
3446.89141 0.00254
3448.05852 0.00238
3449.22562 0.0023
3450.39273 0.00224
3451.55983 0.00214
3452.72694 0.00215
3453.89404 0.00205
3455.06115 0.00208
3456.22825 0.00197
3457.39536 0.00195
3458.56246 0.00189
3459.72956 0.00186
3460.89667 0.00188
3462.06377 0.00182
3463.23088 0.00192
3464.39798 0.002
3465.56509 0.00182
3466.73219 0.00185
3467.8993 0.00193
3469.0664 0.00182
3470.23351 0.0019
3471.40061 0.00188
3472.56772 0.00198
3473.73482 0.00185
3474.90193 0.0018
3476.06903 0.00164
3477.23613 0.0014
3478.40324 0.0012
3479.57034 7.1348E-4
3480.73745 4.60741E-4
3481.90455 1.27861E-4
3483.07166 -1.44927E-4
3484.23876 -1.7482E-4
3485.40587 -1.54633E-4
3486.57297 -1.7817E-4
3487.74008 -1.53871E-4
3488.90718 -1.60942E-4
3490.07429 -1.48016E-4
3491.24139 -1.72172E-4
3492.4085 -1.14834E-4
3493.5756 -7.01702E-5
3494.7427 -5.40341E-5
3495.90981 -1.26295E-5
3497.07691 -1.64779E-5
3498.24402 9.89061E-6
3499.41112 -1.96774E-5
3500.57823 9.33771E-5
3501.74533 4.68991E-5
3502.91244 1.44429E-4
3504.07954 7.17336E-5
3505.24665 -1.12555E-5
3506.41375 7.40942E-5
3507.58086 1.5596E-4
3508.74796 2.01252E-5
3509.91507 5.37303E-5
3511.08217 -4.05152E-5
3512.24928 -9.02234E-5
3513.41638 -1.38825E-4
3514.58348 -1.4827E-4
3515.75059 -2.16224E-4
3516.91769 -2.31387E-4
3518.0848 -3.31731E-4
3519.2519 -3.92647E-4
3520.41901 -4.46662E-4
3521.58611 -4.99133E-4
3522.75322 -6.34941E-4
3523.92032 -7.2679E-4
3525.08743 -7.64075E-4
3526.25453 -9.33338E-4
3527.42164 -0.00107
3528.58874 -9.99946E-4
3529.75585 -0.00111
3530.92295 -0.00121
3532.09005 -0.00125
3533.25716 -0.00141
3534.42426 -0.00145
3535.59137 -0.00157
3536.75847 -0.00162
3537.92558 -0.00171
3539.09268 -0.0017
3540.25979 -0.00175
3541.42689 -0.00188
3542.594 -0.00179
3543.7611 -0.00191
3544.92821 -0.00188
3546.09531 -0.00196
3547.26242 -0.00188
3548.42952 -0.00196
3549.59662 -0.00188
3550.76373 -0.00195
3551.93083 -0.00192
3553.09794 -0.00194
3554.26504 -0.002
3555.43215 -0.00186
3556.59925 -0.00187
3557.76636 -0.00185
3558.93346 -0.00179
3560.10057 -0.00174
3561.26767 -0.00178
3562.43478 -0.00169
3563.60188 -0.00166
3564.76899 -0.00159
3565.93609 -0.00163
3567.10319 -0.00157
3568.2703 -0.00166
3569.4374 -0.00151
3570.60451 -0.00145
3571.77161 -0.00148
3572.93872 -0.00149
3574.10582 -0.00145
3575.27293 -0.0015
3576.44003 -0.0014
3577.60714 -0.00148
3578.77424 -0.00146
3579.94135 -0.00154
3581.10845 -0.0015
3582.27556 -0.00153
3583.44266 -0.00164
3584.60976 -0.00154
3585.77687 -0.00164
3586.94397 -0.00164
3588.11108 -0.0018
3589.27818 -0.00171
3590.44529 -0.00192
3591.61239 -0.00193
3592.7795 -0.00202
3593.9466 -0.0021
3595.11371 -0.00211
3596.28081 -0.00222
3597.44792 -0.00235
3598.61502 -0.00234
3599.78213 -0.00242
3600.94923 -0.00256
3602.11633 -0.00257
3603.28344 -0.00263
3604.45054 -0.00281
3605.61765 -0.00271
3606.78475 -0.00283
3607.95186 -0.00295
3609.11896 -0.00306
3610.28607 -0.00303
3611.45317 -0.00312
3612.62028 -0.00316
3613.78738 -0.00324
3614.95449 -0.00335
3616.12159 -0.00331
3617.2887 -0.00349
3618.4558 -0.00347
3619.6229 -0.00357
3620.79001 -0.00363
3621.95711 -0.00359
3623.12422 -0.00372
3624.29132 -0.00362
3625.45843 -0.00364
3626.62553 -0.00371
3627.79264 -0.00372
3628.95974 -0.00375
3630.12685 -0.00379
3631.29395 -0.0038
3632.46106 -0.00376
3633.62816 -0.00375
3634.79527 -0.00364
3635.96237 -0.00367
3637.12948 -0.00375
3638.29658 -0.00369
3639.46368 -0.00371
3640.63079 -0.00379
3641.79789 -0.00367
3642.965 -0.00361
3644.1321 -0.00365
3645.29921 -0.00372
3646.46631 -0.00372
3647.63342 -0.00357
3648.80052 -0.00369
3649.96763 -0.00342
3651.13473 -0.00358
3652.30184 -0.00344
3653.46894 -0.00347
3654.63605 -0.00347
3655.80315 -0.00342
3656.97025 -0.00345
3658.13736 -0.0034
3659.30446 -0.00341
3660.47157 -0.00341
3661.63867 -0.00334
3662.80578 -0.00328
3663.97288 -0.00322
3665.13999 -0.00329
3666.30709 -0.00315
3667.4742 -0.0032
3668.6413 -0.00327
3669.80841 -0.00327
3670.97551 -0.0032
3672.14262 -0.00309
3673.30972 -0.00309
3674.47682 -0.00299
3675.64393 -0.00313
3676.81103 -0.00305
3677.97814 -0.00292
3679.14524 -0.0029
3680.31235 -0.00301
3681.47945 -0.00285
3682.64656 -0.00295
3683.81366 -0.00281
3684.98077 -0.00275
3686.14787 -0.00284
3687.31498 -0.00275
3688.48208 -0.00293
3689.64919 -0.0027
3690.81629 -0.00257
3691.98339 -0.0027
3693.1505 -0.00249
3694.3176 -0.00256
3695.48471 -0.00243
3696.65181 -0.00231
3697.81892 -0.0025
3698.98602 -0.00227
3700.15313 -0.00212
3701.32023 -0.00227
3702.48734 -0.00214
3703.65444 -0.00209
3704.82155 -0.0021
3705.98865 -0.00206
3707.15576 -0.00194
3708.32286 -0.00195
3709.48996 -0.00174
3710.65707 -0.00172
3711.82417 -0.00176
3712.99128 -0.00157
3714.15838 -0.00154
3715.32549 -0.00148
3716.49259 -0.00135
3717.6597 -0.00134
3718.8268 -0.00119
3719.99391 -0.0012
3721.16101 -0.00116
3722.32812 -0.00103
3723.49522 -8.85096E-4
3724.66233 -7.85088E-4
3725.82943 -6.04828E-4
3726.99653 -6.7622E-4
3728.16364 -7.27936E-4
3729.33074 -5.60924E-4
3730.49785 -4.95512E-4
3731.66495 -4.13342E-4
3732.83206 -3.5009E-4
3733.99916 -2.85306E-4
3735.16627 -3.1839E-4
3736.33337 -2.15814E-4
3737.50048 -1.83701E-4
3738.66758 -8.14733E-5
3739.83469 -7.66733E-5
3741.00179 -7.43786E-5
3742.1689 -5.21784E-5
3743.336 -9.44792E-5
3744.5031 -1.31179E-4
3745.67021 1.60115E-6
3746.83731 -3.39292E-5
3748.00442 6.53635E-6
3749.17152 -1.54264E-4
3750.33863 -1.29119E-5
3751.50573 -7.62967E-5
3752.67284 -4.12927E-5
3753.83994 -6.0127E-5
3755.00705 -3.40668E-5
3756.17415 -1.3382E-5
3757.34126 -8.07313E-5
3758.50836 -6.50144E-5
3759.67547 1.41249E-6
3760.84257 -1.01338E-4
3762.00968 3.26119E-5
3763.17678 5.92882E-5
3764.34388 1.6495E-5
3765.51099 -4.17418E-5
3766.67809 7.57786E-5
3767.8452 4.20324E-5
3769.0123 1.53294E-4
3770.17941 1.48625E-4
3771.34651 1.60817E-4
3772.51362 2.14901E-4
3773.68072 2.40789E-4
3774.84783 1.93518E-4
3776.01493 3.46086E-4
3777.18204 3.26718E-4
3778.34914 3.08505E-4
3779.51625 4.31846E-4
3780.68335 4.45217E-4
3781.85045 5.0461E-4
3783.01756 5.10992E-4
3784.18466 5.04175E-4
3785.35177 6.60843E-4
3786.51887 5.09461E-4
3787.68598 5.42183E-4
3788.85308 6.63061E-4
3790.02019 5.95926E-4
3791.18729 6.00105E-4
3792.3544 6.93004E-4
3793.5215 6.67429E-4
3794.68861 6.87428E-4
3795.85571 7.20121E-4
3797.02282 7.04571E-4
3798.18992 8.10089E-4
3799.35702 8.75539E-4
3800.52413 7.72168E-4
3801.69123 8.03126E-4
3802.85834 9.34045E-4
3804.02544 9.13347E-4
3805.19255 7.68517E-4
3806.35965 8.92274E-4
3807.52676 0.00101
3808.69386 9.90753E-4
3809.86097 0.00106
3811.02807 0.00106
3812.19518 0.00109
3813.36228 0.00107
3814.52939 0.00105
3815.69649 0.00102
3816.86359 0.00108
3818.0307 0.00121
3819.1978 0.00118
3820.36491 0.00117
3821.53201 0.0012
3822.69912 0.00127
3823.86622 0.00121
3825.03333 0.00124
3826.20043 0.00129
3827.36754 0.00126
3828.53464 0.00122
3829.70175 0.0013
3830.86885 0.00131
3832.03596 0.00131
3833.20306 0.00137
3834.37016 0.00138
3835.53727 0.00132
3836.70437 0.00141
3837.87148 0.00135
3839.03858 0.00148
3840.20569 0.0015
3841.37279 0.00151
3842.5399 0.00164
3843.707 0.00141
3844.87411 0.00158
3846.04121 0.00177
3847.20832 0.00191
3848.37542 0.00167
3849.54253 0.00177
3850.70963 0.00178
3851.87673 0.0018
3853.04384 0.00191
3854.21094 0.00184
3855.37805 0.00204
3856.54515 0.00222
3857.71226 0.00227
3858.87936 0.00225
3860.04647 0.0025
3861.21357 0.00261
3862.38068 0.00271
3863.54778 0.00279
3864.71489 0.00273
3865.88199 0.00299
3867.0491 0.00305
3868.2162 0.00322
3869.3833 0.00313
3870.55041 0.00312
3871.71751 0.00308
3872.88462 0.0031
3874.05172 0.00297
3875.21883 0.00297
3876.38593 0.00274
3877.55304 0.00277
3878.72014 0.0027
3879.88725 0.00258
3881.05435 0.00255
3882.22146 0.00244
3883.38856 0.00238
3884.55567 0.00227
3885.72277 0.00222
3886.88988 0.00228
3888.05698 0.00207
3889.22408 0.00208
3890.39119 0.00207
3891.55829 0.00199
3892.7254 0.00187
3893.8925 0.00189
3895.05961 0.00202
3896.22671 0.00194
3897.39382 0.00178
3898.56092 0.00178
3899.72803 0.00189
3900.89513 0.00179
3902.06224 0.00188
3903.22934 0.0019
3904.39645 0.00172
3905.56355 0.00184
3906.73065 0.00186
3907.89776 0.00187
3909.06486 0.00176
3910.23197 0.00186
3911.39907 0.00195
3912.56618 0.00208
3913.73328 0.00202
3914.90039 0.00205
3916.06749 0.00231
3917.2346 0.00223
3918.4017 0.00237
3919.56881 0.00243
3920.73591 0.00251
3921.90302 0.00255
3923.07012 0.00274
3924.23722 0.00263
3925.40433 0.00268
3926.57143 0.00279
3927.73854 0.00268
3928.90564 0.00267
3930.07275 0.00255
3931.23985 0.00258
3932.40696 0.00237
3933.57406 0.00233
3934.74117 0.0023
3935.90827 0.00204
3937.07538 0.00204
3938.24248 0.00204
3939.40959 0.00187
3940.57669 0.00174
3941.74379 0.00172
3942.9109 0.00182
3944.078 0.00174
3945.24511 0.00185
3946.41221 0.00188
3947.57932 0.00187
3948.74642 0.00179
3949.91353 0.00181
3951.08063 0.00186
3952.24774 0.00182
3953.41484 0.00184
3954.58195 0.00183
3955.74905 0.00179
3956.91616 0.00172
3958.08326 0.00172
3959.25036 0.00171
3960.41747 0.00161
3961.58457 0.0016
3962.75168 0.00164
3963.91878 0.00134
3965.08589 0.00128
3966.25299 0.00125
3967.4201 0.00128
3968.5872 0.00119
3969.75431 0.00117
3970.92141 0.00112
3972.08852 9.70837E-4
3973.25562 0.00102
3974.42273 0.00107
3975.58983 0.00105
3976.75693 9.953E-4
3977.92404 9.59432E-4
3979.09114 9.55128E-4
3980.25825 6.97825E-4
3981.42535 7.3636E-4
3982.59246 8.12069E-4
3983.75956 8.00453E-4
3984.92667 6.00736E-4
3986.09377 8.36118E-4
3987.26088 8.43561E-4
3988.42798 6.44636E-4
3989.59509 6.24499E-4
3990.76219 6.55636E-4
3991.9293 4.77093E-4
3993.0964 5.94363E-4
3994.2635 2.95786E-4
3995.43061 3.08334E-4
3996.59771 3.48979E-5
3997.76482 6.73514E-5
3998.93192 -6.53904E-6
4000.09903 0.07739
