2.5 2.61684
2.50757 2.72399
2.51515 2.83551
2.52272 2.95156
2.53029 3.07233
2.53787 3.1853
2.54544 3.3057
2.55302 3.35395
2.56059 3.40287
2.56816 3.47431
2.57574 3.55339
2.58331 3.60966
2.59088 3.66679
2.59846 3.69735
2.60603 3.71833
2.6136 3.78636
2.62118 3.90243
2.62875 4.00429
2.63632 4.0522
2.6439 4.0633
2.65147 4.09431
2.65905 4.17416
2.66662 4.22213
2.67419 4.26302
2.68177 4.33533
2.68934 4.42023
2.69691 4.43131
2.70449 4.3955
2.71206 4.54344
2.71963 4.68703
2.72721 4.76881
2.73478 4.84252
2.74235 4.91251
2.74993 4.9835
2.7575 5.04984
2.76508 5.11527
2.77265 5.18149
2.78022 5.24611
2.7878 5.30931
2.79537 5.37322
2.80294 5.43786
2.81052 5.50627
2.81809 5.57625
2.82566 5.64707
2.83324 5.71428
2.84081 5.77776
2.84839 5.84193
2.85596 5.90676
2.86353 5.97191
2.87111 6.0376
2.87868 6.10395
2.88625 6.17099
2.89383 6.23225
2.9014 6.29304
2.90897 6.35437
2.91655 6.41628
2.92412 6.47847
2.93169 6.54095
2.93927 6.60401
2.94684 6.66762
2.95442 6.73182
2.96199 6.79671
2.96956 6.86217
2.97714 6.92823
2.98471 6.99488
2.99228 7.0609
2.99986 7.12679
3.00743 7.19321
3.015 7.26021
3.02258 7.32734
3.03015 7.39064
3.03773 7.45445
3.0453 7.51875
3.05287 7.58356
3.06045 7.64826
3.06802 7.71286
3.07559 7.77796
3.08317 7.84359
3.09074 7.9097
3.09831 7.97529
3.10589 8.03978
3.11346 8.10473
3.12103 8.17015
3.12861 8.23608
3.13618 8.30196
3.14376 8.36615
3.15133 8.43076
3.1589 8.49583
3.16648 8.56138
3.17405 8.62735
3.18162 8.69127
3.1892 8.75542
3.19677 8.81995
3.20434 8.88492
3.21192 8.95035
3.21949 9.01389
3.22706 9.07616
3.23464 9.13884
3.24221 9.20187
3.24979 9.26531
3.25736 9.32911
3.26493 9.39608
3.27251 9.46515
3.28008 9.53463
3.28765 9.60458
3.29523 9.67503
3.3028 9.74433
3.31037 9.80493
3.31795 9.86588
3.32552 9.92713
3.3331 9.98873
3.34067 10.05065
3.34824 10.11304
3.35582 10.17944
3.36339 10.24622
3.37096 10.31337
3.37854 10.38095
3.38611 10.44888
3.39368 10.51721
3.40126 10.58354
3.40883 10.64976
3.4164 10.71635
3.42398 10.78332
3.43155 10.85063
3.43913 10.91833
3.4467 10.98433
3.45427 11.04905
3.46185 11.11413
3.46942 11.17951
3.47699 11.24522
3.48457 11.3113
3.49214 11.3765
3.49971 11.43698
3.50729 11.49776
3.51486 11.55878
3.52243 11.62007
3.53001 11.68167
3.53758 11.7435
3.54516 11.80518
3.55273 11.8641
3.5603 11.92333
3.56788 11.98284
3.57545 12.04259
3.58302 12.10249
3.5906 12.16268
3.59817 12.22322
3.60574 12.28536
3.61332 12.35045
3.62089 12.41591
3.62847 12.48157
3.63604 12.54749
3.64361 12.61369
3.65119 12.68034
3.65876 12.74236
3.66633 12.80258
3.67391 12.86322
3.68148 12.92396
3.68905 12.98496
3.69663 13.04627
3.7042 13.10768
3.71177 13.16936
3.71935 13.22973
3.72692 13.28945
3.7345 13.34947
3.74207 13.40971
3.74964 13.47021
3.75722 13.53088
3.76479 13.59177
3.77236 13.65381
3.77994 13.71942
3.78751 13.78527
3.79508 13.85141
3.80266 13.91774
3.81023 13.98443
3.81781 14.05132
3.82538 14.11858
3.83295 14.17016
3.84053 14.21099
3.8481 14.25182
3.85567 14.29271
3.86325 14.33356
3.87082 14.37468
3.87839 14.41572
3.88597 14.45684
3.89354 14.49799
3.90111 14.53931
3.90869 14.58853
3.91626 14.66156
3.92384 14.73493
3.93141 14.80857
3.93898 14.88252
3.94656 14.9568
3.95413 15.03136
3.9617 15.10623
3.96928 15.16543
3.97685 15.21331
3.98442 15.26113
3.992 15.30919
3.99957 15.35728
4.00714 15.40558
4.01472 15.45386
4.02229 15.50231
4.02987 15.58646
4.03744 15.71627
4.04501 15.84714
4.05259 15.97896
4.06016 16.08013
4.06773 16.10591
4.07531 16.13184
4.08288 16.15759
4.09045 16.18346
4.09803 16.20921
4.1056 16.25407
4.11318 16.32398
4.12075 16.39427
4.12832 16.46457
4.1359 16.53533
4.14347 16.6062
4.15104 16.67736
4.15862 16.76007
4.16619 16.87543
4.17376 16.99152
4.18134 17.10837
4.18891 17.18835
4.19648 17.21774
4.20406 17.24716
4.21163 17.27653
4.21921 17.30593
4.22678 17.36967
4.23435 17.43917
4.24193 17.50885
4.2495 17.57877
4.25707 17.64896
4.26465 17.71934
4.27222 17.78995
4.27979 17.8607
4.28737 17.93178
4.29494 17.99608
4.30252 18.05624
4.31009 18.11646
4.31766 18.17677
4.32524 18.23737
4.33281 18.29803
4.34038 18.35894
4.34796 18.41999
4.35553 18.48109
4.3631 18.5423
4.37068 18.60234
4.37825 18.66098
4.38582 18.7197
4.3934 18.77871
4.40097 18.83777
4.40855 18.89696
4.41612 18.9562
4.42369 19.01567
4.43127 19.07529
4.43884 19.13495
4.44641 19.19663
4.45399 19.26633
4.46156 19.3361
4.46913 19.40615
4.47671 19.47652
4.48428 19.54698
4.49185 19.61771
4.49943 19.68861
4.507 19.75959
4.51458 19.82849
4.52215 19.88826
4.52972 19.94813
4.5373 20.00813
4.54487 20.06833
4.55244 20.12861
4.56002 20.18903
4.56759 20.24965
4.57516 20.3102
4.58274 20.37104
4.59031 20.43208
4.59789 20.4931
4.60546 20.55018
4.61303 20.59733
4.62061 20.64442
4.62818 20.69167
4.63575 20.7422
4.64333 20.80955
4.6509 20.87696
4.65847 20.94448
4.66605 21.01231
4.67362 21.08036
4.68119 21.14837
4.68877 21.21668
4.69634 21.28507
4.70392 21.35376
4.71149 21.41623
4.71906 21.47739
4.72664 21.53867
4.73421 21.60015
4.74178 21.66156
4.74936 21.72326
4.75693 21.785
4.7645 21.84682
4.77208 21.90894
4.77965 21.97094
4.78722 22.03366
4.7948 22.09716
4.80237 22.1607
4.80995 22.22437
4.81752 22.28826
4.82509 22.35207
4.83267 22.41618
4.84024 22.48033
4.84781 22.54474
4.85539 22.60912
4.86296 22.67371
4.87053 22.73271
4.87811 22.77053
4.88568 22.80831
4.89326 22.8463
4.90083 22.8841
4.9084 22.9219
4.91598 22.95992
4.92355 22.99774
4.93112 23.03573
4.9387 23.07361
4.94627 23.13239
4.95384 23.20858
4.96142 23.28527
4.96899 23.36187
4.97656 23.43877
4.98414 23.516
4.99171 23.59332
4.99929 23.6708
5.00686 23.74854
5.01443 23.8264
5.02201 23.90175
5.02958 23.95488
5.03715 24.0079
5.04473 24.06118
5.0523 24.11446
5.05987 24.16763
5.06745 24.22106
5.07502 24.28329
5.0826 24.39868
5.09017 24.51443
5.09774 24.63075
5.10532 24.74753
5.11289 24.86467
5.12046 24.98255
5.12804 25.1009
5.13561 25.20831
5.14318 25.23878
5.15076 25.26929
5.15833 25.29955
5.1659 25.32996
5.17348 25.36023
5.18105 25.3906
5.18863 25.41443
5.1962 25.43211
5.20377 25.44973
5.21135 25.46735
5.21892 25.48503
5.22649 25.50248
5.23407 25.5201
5.24164 25.54566
5.24921 25.59462
5.25679 25.6435
5.26436 25.69253
5.27193 25.7416
5.27951 25.79076
5.28708 25.83972
5.29466 25.87536
5.30223 25.90652
5.3098 25.93767
5.31738 25.96902
5.32495 26.00013
5.33252 26.03123
5.3401 26.06236
5.34767 26.09342
5.35524 26.12447
5.36282 26.15555
5.37039 26.19211
5.37797 26.26654
5.38554 26.34121
5.39311 26.41581
5.40069 26.49074
5.40826 26.56573
5.41583 26.64101
5.42341 26.71626
5.43098 26.78704
5.43855 26.82637
5.44613 26.86576
5.4537 26.90492
5.46127 26.94427
5.46885 26.98367
5.47642 27.02303
5.484 27.06244
5.49157 27.18107
5.49914 27.31569
5.50672 27.45118
5.51429 27.58707
5.52186 27.7236
5.52944 27.80921
5.53701 27.84396
5.54458 27.8787
5.55216 27.9133
5.55973 27.94802
5.5673 27.98255
5.57488 28.0173
5.58245 28.052
5.59003 28.08655
5.5976 28.12122
5.60517 28.1557
5.61275 28.19041
5.62032 28.22487
5.62789 28.25951
5.63547 28.29419
5.64304 28.32863
5.65061 28.36324
5.65819 28.39789
5.66576 28.43229
5.67334 28.46693
5.68091 28.50131
5.68848 28.53588
5.69606 28.57049
5.70363 28.60485
5.7112 28.63938
5.71878 28.67511
5.72635 28.71841
5.73392 28.76153
5.7415 28.80491
5.74907 28.84826
5.75664 28.89142
5.76422 28.93485
5.77179 28.97823
5.77937 29.02149
5.78694 29.06491
5.79451 29.10833
5.80209 29.15163
5.80966 29.19509
5.81723 29.23856
5.82481 29.2819
5.83238 29.32171
5.83995 29.35976
5.84753 29.39787
5.8551 29.43593
5.86268 29.47404
5.87025 29.51209
5.87782 29.55015
5.8854 29.58826
5.89297 29.62632
5.90054 29.66437
5.90812 29.70248
5.91569 29.74054
5.92326 29.7786
5.93084 29.81671
5.93841 29.85476
5.94598 29.89282
5.95356 29.93093
5.96113 29.96898
5.96871 30.00709
5.97628 30.04515
5.98385 30.08321
5.99143 30.12132
5.999 30.15937
6.00657 30.19743
6.01415 30.23554
6.02172 30.2736
6.02929 30.31165
6.03687 30.34976
6.04444 30.38258
6.05201 30.41498
6.05959 30.44742
6.06716 30.47959
6.07474 30.512
6.08231 30.54435
6.08988 30.57668
6.09746 30.60905
6.10503 30.64135
6.1126 30.67364
6.12018 30.70596
6.12775 30.73822
6.13532 30.77047
6.1429 30.80275
6.15047 30.82718
6.15805 30.84834
6.16562 30.8692
6.17319 30.89023
6.18077 30.91106
6.18834 30.932
6.19591 30.95291
6.20349 30.97361
6.21106 30.99443
6.21863 31.01521
6.22621 31.036
6.23378 31.05669
6.24135 31.07735
6.24893 31.09801
6.2565 31.11983
6.26408 31.14709
6.27165 31.17428
6.27922 31.20144
6.2868 31.22863
6.29437 31.25574
6.30194 31.28283
6.30952 31.30994
6.31709 31.33698
6.32466 31.36399
6.33224 31.39102
6.33981 31.41799
6.34738 31.44492
6.35496 31.47188
6.36253 31.49877
6.37011 31.52589
6.37768 31.55187
6.38525 31.57634
6.39283 31.60082
6.4004 31.62523
6.40797 31.6496
6.41555 31.674
6.42312 31.69831
6.43069 31.72259
6.43827 31.74689
6.44584 31.77112
6.45342 31.79535
6.46099 31.81951
6.46856 31.84386
6.47614 31.86801
6.48371 31.89207
6.49128 31.91611
6.49886 31.93886
6.50643 31.95676
6.514 31.9744
6.52158 31.99226
6.52915 32.01003
6.53672 32.02775
6.5443 32.04547
6.55187 32.0631
6.55945 32.08074
6.56702 32.09828
6.57459 32.11578
6.58217 32.13328
6.58974 32.1509
6.59731 32.16826
6.60489 32.18563
6.61246 32.20312
6.62003 32.21571
6.62761 32.22808
6.63518 32.24012
6.64276 32.25215
6.65033 32.2643
6.6579 32.27639
6.66548 32.28825
6.67305 32.30023
6.68062 32.31215
6.6882 32.32407
6.69577 32.33588
6.70334 32.34764
6.71092 32.35939
6.71849 32.37125
6.72606 32.38284
6.73364 32.39307
6.74121 32.39915
6.74879 32.40544
6.75636 32.41161
6.76393 32.41771
6.77151 32.42402
6.77908 32.42999
6.78665 32.43612
6.79423 32.442
6.8018 32.44799
6.80937 32.45391
6.81695 32.45982
6.82452 32.46561
6.83209 32.47133
6.83967 32.47726
6.84724 32.48582
6.85482 32.49687
6.86239 32.50783
6.86996 32.51873
6.87754 32.52962
6.88511 32.54041
6.89268 32.55137
6.90026 32.5621
6.90783 32.57272
6.9154 32.58352
6.92298 32.59431
6.93055 32.60477
6.93813 32.61546
6.9457 32.62604
6.95327 32.63656
6.96085 32.64708
6.96842 32.65564
6.97599 32.66182
6.98357 32.66798
6.99114 32.67402
6.99871 32.67978
7.00629 32.68598
7.01386 32.69184
7.02143 32.69763
7.02901 32.70364
7.03658 32.70931
7.04416 32.71519
7.05173 32.72097
7.0593 32.72644
7.06688 32.73214
7.07445 32.73796
7.08202 32.74348
7.0896 32.74993
7.09717 32.75628
7.10474 32.76256
7.11232 32.76883
7.11989 32.77523
7.12746 32.78133
7.13504 32.78741
7.14261 32.79363
7.15019 32.79983
7.15776 32.80592
7.16533 32.81172
7.17291 32.81774
7.18048 32.82389
7.18805 32.82974
7.19563 32.83558
7.2032 32.84155
7.21077 32.84265
7.21835 32.8382
7.22592 32.83386
7.2335 32.82924
7.24107 32.82474
7.24864 32.82015
7.25622 32.81553
7.26379 32.81078
7.27136 32.80619
7.27894 32.80133
7.28651 32.79658
7.29408 32.79175
7.30166 32.78713
7.30923 32.78214
7.3168 32.77731
7.32438 32.78222
7.33195 32.78848
7.33953 32.79449
7.3471 32.80064
7.35467 32.80673
7.36225 32.81281
7.36982 32.81879
7.37739 32.82471
7.38497 32.83062
7.39254 32.83643
7.40011 32.84243
7.40769 32.84817
7.41526 32.85405
7.42284 32.85968
7.43041 32.86545
7.43798 32.87116
7.44556 32.87686
7.45313 32.87625
7.4607 32.87184
7.46828 32.86765
7.47585 32.86334
7.48342 32.8587
7.491 32.85428
7.49857 32.84999
7.50614 32.84537
7.51372 32.84097
7.52129 32.8362
7.52887 32.83165
7.53644 32.82697
7.54401 32.82223
7.55159 32.8177
7.55916 32.8128
7.56673 32.81287
7.57431 32.81646
7.58188 32.81994
7.58945 32.82336
7.59703 32.82702
7.6046 32.83033
7.61217 32.83357
7.61975 32.83706
7.62732 32.84044
7.6349 32.84356
7.64247 32.84683
7.65004 32.85004
7.65762 32.85323
7.66519 32.85633
7.67276 32.85962
7.68034 32.86264
7.68791 32.86582
7.69548 32.86868
7.70306 32.86767
7.71063 32.86528
7.71821 32.86259
7.72578 32.86006
7.73335 32.85746
7.74093 32.85483
7.7485 32.85209
7.75607 32.84928
7.76365 32.84671
7.77122 32.84377
7.77879 32.84101
7.78637 32.83824
7.79394 32.83535
7.80151 32.84566
7.80909 32.85987
7.81666 32.87401
7.82424 32.88789
7.83181 32.90196
7.83938 32.91599
7.84696 32.92741
7.85453 32.93221
7.8621 32.9367
7.86968 32.94143
7.87725 32.94607
7.88482 32.95066
7.8924 32.95498
7.89997 32.95946
7.90755 32.96394
7.91512 32.96859
7.92269 32.97292
7.93027 32.97723
7.93784 32.98146
7.94541 32.9859
7.95299 32.99033
7.96056 32.99546
7.96813 33.00134
7.97571 33.00694
7.98328 33.01246
7.99085 33.01819
7.99843 33.02392
8.006 33.02929
8.01358 33.03492
8.02115 33.04045
8.02872 33.04594
8.0363 33.05143
8.04387 33.05682
8.05144 33.06216
8.05902 33.0675
8.06659 33.07302
8.07416 33.07822
8.08174 33.08341
8.08931 33.08878
8.09688 33.09411
8.10446 33.09699
8.11203 33.09979
8.11961 33.10257
8.12718 33.10526
8.13475 33.10816
8.14233 33.11078
8.1499 33.11359
8.15747 33.11607
8.16505 33.1188
8.17262 33.12145
8.18019 33.12404
8.18777 33.12663
8.19534 33.12912
8.20292 33.13159
8.21049 33.13398
8.21806 33.13659
8.22564 33.13891
8.23321 33.14306
8.24078 33.15238
8.24836 33.16171
8.25593 33.17095
8.2635 33.18016
8.27108 33.18936
8.27865 33.19849
8.28622 33.20786
8.2938 33.21695
8.30137 33.22596
8.30895 33.23525
8.31652 33.24418
8.32409 33.25335
8.33167 33.26253
8.33924 33.27134
8.34681 33.2804
8.35439 33.28946
8.36196 33.29816
8.36953 33.3071
8.37711 33.31605
8.38468 33.31988
8.39225 33.32283
8.39983 33.32549
8.4074 33.32833
8.41498 33.33089
8.42255 33.33365
8.43012 33.33607
8.4377 33.33876
8.44527 33.34136
8.45284 33.34392
8.46042 33.34646
8.46799 33.34892
8.47556 33.35133
8.48314 33.35373
8.49071 33.35632
8.49829 33.35862
8.50586 33.36112
8.51343 33.36328
8.52101 33.37026
8.52858 33.38228
8.53615 33.39427
8.54373 33.40627
8.5513 33.4182
8.55887 33.43009
8.56645 33.44199
8.57402 33.45383
8.58159 33.46563
8.58917 33.47772
8.59674 33.48946
8.60432 33.50121
8.61189 33.51288
8.61946 33.52482
8.62704 33.53647
8.63461 33.54805
8.64218 33.55989
8.64976 33.57145
8.65733 33.58323
8.6649 33.59468
8.67248 33.60499
8.68005 33.61234
8.68763 33.61997
8.6952 33.62753
8.70277 33.63505
8.71035 33.64228
8.71792 33.64972
8.72549 33.65712
8.73307 33.66453
8.74064 33.67186
8.74821 33.67915
8.75579 33.68644
8.76336 33.69366
8.77093 33.70113
8.77851 33.70831
8.78608 33.71541
8.79366 33.72251
8.80123 33.72983
8.8088 33.73682
8.81638 33.74411
8.82395 33.75102
8.83152 33.75701
8.8391 33.76271
8.84667 33.76833
8.85424 33.7742
8.86182 33.77978
8.86939 33.78558
8.87696 33.79104
8.88454 33.79679
8.89211 33.80247
8.89969 33.80785
8.90726 33.81344
8.91483 33.819
8.92241 33.82456
8.92998 33.83004
8.93755 33.83518
8.94513 33.84092
8.9527 33.84628
8.96027 33.8516
8.96785 33.85692
8.97542 33.86516
8.983 33.87519
8.99057 33.88546
8.99814 33.89539
9.00572 33.90564
9.01329 33.91551
9.02086 33.92565
9.02844 33.9358
9.03601 33.94588
9.04358 33.95563
9.05116 33.96568
9.05873 33.97567
9.0663 33.98563
9.07388 33.99559
9.08145 34.00549
9.08903 34.01539
9.0966 34.02523
9.10417 34.03503
9.11175 34.04484
9.11932 34.05458
9.12689 34.06429
9.13447 34.07218
9.14204 34.07695
9.14961 34.08169
9.15719 34.08672
9.16476 34.09138
9.17233 34.0963
9.17991 34.10092
9.18748 34.10576
9.19506 34.1103
9.20263 34.11507
9.2102 34.1198
9.21778 34.12453
9.22535 34.12887
9.23292 34.13349
9.2405 34.1381
9.24807 34.14264
9.25564 34.14714
9.26322 34.15164
9.27079 34.15637
9.27837 34.16079
9.28594 34.16638
9.29351 34.17348
9.30109 34.18058
9.30866 34.18761
9.31623 34.19491
9.32381 34.20191
9.33138 34.20884
9.33895 34.21605
9.34653 34.22294
9.3541 34.22977
9.36167 34.23688
9.36925 34.24398
9.37682 34.25071
9.3844 34.25775
9.39197 34.26441
9.39954 34.27135
9.40712 34.27829
9.41469 34.28516
9.42226 34.29169
9.42984 34.29853
9.43741 34.3053
9.44498 34.31204
9.45256 34.32099
9.46013 34.33207
9.46771 34.34349
9.47528 34.35452
9.48285 34.36553
9.49043 34.37655
9.498 34.38783
9.50557 34.39876
9.51315 34.4097
9.52072 34.42058
9.52829 34.43175
9.53587 34.44261
9.54344 34.45373
9.55101 34.4645
9.55859 34.4756
9.56616 34.48633
9.57374 34.49738
9.58131 34.50805
9.58888 34.51901
9.59646 34.52966
9.60403 34.54057
9.6116 34.55114
9.61918 34.56203
9.62675 34.57319
9.63432 34.584
9.6419 34.59514
9.64947 34.60622
9.65704 34.61695
9.66462 34.62801
9.67219 34.63901
9.67977 34.65003
9.68734 34.66066
9.69491 34.67158
9.70249 34.68252
9.71006 34.6934
9.71763 34.70425
9.72521 34.71511
9.73278 34.72559
9.74035 34.73636
9.74793 34.74715
9.7555 34.75787
9.76308 34.76861
9.77065 34.77928
9.77822 34.78993
9.7858 34.80059
9.79337 34.81151
9.80094 34.82241
9.80852 34.83332
9.81609 34.84417
9.82366 34.855
9.83124 34.86584
9.83881 34.87661
9.84638 34.88737
9.85396 34.89846
9.86153 34.90916
9.86911 34.91987
9.87668 34.93052
9.88425 34.94115
9.89183 34.95212
9.8994 34.9627
9.90697 34.97326
9.91455 34.98415
9.92212 34.99466
9.92969 35.00514
9.93727 35.01596
9.94484 35.02639
9.95241 35.03713
9.95999 35.04754
9.96756 35.0589
9.97514 35.07193
9.98271 35.08457
9.99028 35.09719
9.99786 35.11015
10.00543 35.12273
10.013 35.13562
10.02058 35.14819
10.02815 35.1607
10.03572 35.17353
10.0433 35.18603
10.05087 35.19882
10.05845 35.21128
10.06602 35.22402
10.07359 35.23641
10.08117 35.24915
10.08874 35.26149
10.09631 35.27415
10.10389 35.28683
10.11146 35.29911
10.11903 35.3117
10.12661 35.32398
10.13418 35.33653
10.14175 35.34907
10.14933 35.36162
10.1569 35.37445
10.16448 35.38696
10.17205 35.39975
10.17962 35.41218
10.1872 35.42497
10.19477 35.43736
10.20234 35.45007
10.20992 35.4628
10.21749 35.47513
10.22506 35.48777
10.23264 35.5001
10.24021 35.51271
10.24779 35.52533
10.25536 35.53756
10.26293 35.55011
10.27051 35.56267
10.27808 35.57518
10.28565 35.58732
10.29323 35.59982
10.3008 35.61227
10.30837 35.6247
10.31595 35.63679
10.32352 35.64918
10.33109 35.66155
10.33867 35.67393
10.34624 35.68625
10.35382 35.70135
10.36139 35.71917
10.36896 35.73697
10.37654 35.75444
10.38411 35.77222
10.39168 35.78999
10.39926 35.80777
10.40683 35.82551
10.4144 35.84289
10.42198 35.86064
10.42955 35.87835
10.43712 35.89604
10.4447 35.91375
10.45227 35.93107
10.45985 35.94876
10.46742 35.9664
10.47499 35.98403
10.48257 36.00169
10.49014 36.01929
10.49771 36.03689
10.50529 36.05451
10.51286 36.07173
10.52043 36.08928
10.52801 36.10195
10.53558 36.11386
10.54316 36.12579
10.55073 36.13731
10.5583 36.14916
10.56588 36.16102
10.57345 36.17283
10.58102 36.18427
10.5886 36.19607
10.59617 36.20782
10.60374 36.21955
10.61132 36.23129
10.61889 36.24263
10.62646 36.25429
10.63404 36.26598
10.64161 36.2776
10.64919 36.28924
10.65676 36.30083
10.66433 36.3124
10.67191 36.32398
10.67948 36.33551
10.68705 36.34701
10.69463 36.35853
10.7022 36.37
10.70977 36.38145
10.71735 36.39719
10.72492 36.41289
10.73249 36.42822
10.74007 36.44392
10.74764 36.45958
10.75522 36.47525
10.76279 36.49052
10.77036 36.50614
10.77794 36.52177
10.78551 36.53735
10.79308 36.55256
10.80066 36.56815
10.80823 36.5837
10.8158 36.59923
10.82338 36.61477
10.83095 36.63027
10.83853 36.64543
10.8461 36.6609
10.85367 36.67636
10.86125 36.69184
10.86882 36.70727
10.87639 36.72268
10.88397 36.73812
10.89154 36.7535
10.89911 36.76851
10.90669 36.7839
10.91426 36.79925
10.92183 36.81348
10.92941 36.82774
10.93698 36.84195
10.94456 36.85581
10.95213 36.86998
10.9597 36.88414
10.96728 36.89832
10.97485 36.91244
10.98242 36.92619
10.99 36.94032
10.99757 36.9544
11.00514 36.96847
11.01272 36.98255
11.02029 36.99658
11.02787 37.01027
11.03544 37.02427
11.04301 37.03826
11.05059 37.05226
11.05816 37.06622
11.06573 37.08015
11.07331 37.09411
11.08088 37.10802
11.08845 37.12191
11.09603 37.13582
11.1036 37.14968
11.11117 37.1639
11.11875 37.17962
11.12632 37.19566
11.1339 37.21135
11.14147 37.22737
11.14904 37.24337
11.15662 37.25902
11.16419 37.275
11.17176 37.29096
11.17934 37.30658
11.18691 37.32251
11.19448 37.33844
11.20206 37.35402
11.20963 37.36992
11.2172 37.38566
11.22478 37.40145
11.23235 37.4172
11.23993 37.43298
11.2475 37.4487
11.25507 37.46441
11.26265 37.48015
11.27022 37.49583
11.27779 37.51155
11.28537 37.52724
11.29294 37.54293
11.30051 37.55856
11.30809 37.57426
11.31566 37.58644
11.32324 37.59852
11.33081 37.61058
11.33838 37.6226
11.34596 37.63466
11.35353 37.64664
11.3611 37.65864
11.36868 37.67065
11.37625 37.68261
11.38382 37.69456
11.3914 37.70652
11.39897 37.71843
11.40654 37.73036
11.41412 37.74227
11.42169 37.75417
11.42927 37.76608
11.43684 37.77794
11.44441 37.78979
11.45199 37.80164
11.45956 37.81345
11.46713 37.82525
11.47471 37.83709
11.48228 37.84889
11.48985 37.86063
11.49743 37.87242
11.505 37.88416
11.51258 37.8965
11.52015 37.91032
11.52772 37.92412
11.5353 37.93791
11.54287 37.95169
11.55044 37.96545
11.55802 37.97923
11.56559 37.99296
11.57316 38.00668
11.58074 38.02042
11.58831 38.03411
11.59588 38.04782
11.60346 38.06151
11.61103 38.0752
11.61861 38.08886
11.62618 38.10252
11.63375 38.11616
11.64133 38.12982
11.6489 38.14339
11.65647 38.15703
11.66405 38.17064
11.67162 38.18421
11.67919 38.19776
11.68677 38.21134
11.69434 38.2249
11.70191 38.23841
11.70949 38.25198
11.71706 38.2653
11.72464 38.2772
11.73221 38.28905
11.73978 38.30088
11.74736 38.31272
11.75493 38.32452
11.7625 38.3363
11.77008 38.34814
11.77765 38.35988
11.78522 38.37165
11.7928 38.38344
11.80037 38.39518
11.80795 38.40693
11.81552 38.41864
11.82309 38.43032
11.83067 38.44207
11.83824 38.45372
11.84581 38.4654
11.85339 38.47705
11.86096 38.4887
11.86853 38.50032
11.87611 38.51197
11.88368 38.52356
11.89125 38.53514
11.89883 38.54678
11.9064 38.55832
11.91398 38.56992
11.92155 38.58143
11.92912 38.59567
11.9367 38.61288
11.94427 38.63008
11.95184 38.64727
11.95942 38.66449
11.96699 38.68166
11.97456 38.69882
11.98214 38.71605
11.98971 38.7332
11.99728 38.75033
12.00486 38.76749
12.01243 38.78461
12.02001 38.80179
12.02758 38.81889
12.03515 38.83598
12.04273 38.85314
12.0503 38.87021
12.05787 38.88727
12.06545 38.9044
12.07302 38.92144
12.08059 38.93852
12.08817 38.95562
12.09574 38.97264
12.10332 38.98972
12.11089 39.00675
12.11846 39.02374
12.12604 39.0408
12.13361 39.05781
12.14118 39.07501
12.14876 39.09264
12.15633 39.11024
12.1639 39.12782
12.17148 39.14543
12.17905 39.16299
12.18662 39.18059
12.1942 39.19817
12.20177 39.21572
12.20935 39.23332
12.21692 39.25085
12.22449 39.26836
12.23207 39.28594
12.23964 39.30344
12.24721 39.32097
12.25479 39.33849
12.26236 39.356
12.26993 39.37347
12.27751 39.391
12.28508 39.40845
12.29266 39.42596
12.30023 39.44343
12.3078 39.46086
12.31538 39.47835
12.32295 39.49579
12.33052 39.51323
12.3381 39.5307
12.34567 39.54808
12.35324 39.56549
12.36082 39.58293
12.36839 39.60033
12.37596 39.61116
12.38354 39.61792
12.39111 39.62466
12.39869 39.63142
12.40626 39.63812
12.41383 39.64485
12.42141 39.65154
12.42898 39.65822
12.43655 39.66488
12.44413 39.67155
12.4517 39.67821
12.45927 39.68481
12.46685 39.69146
12.47442 39.69805
12.48199 39.70463
12.48957 39.71125
12.49714 39.71779
12.50472 39.72437
12.51229 39.7309
12.51986 39.73741
12.52744 39.74393
12.53501 39.7504
12.54258 39.75688
12.55016 39.76338
12.55773 39.76983
12.5653 39.77625
12.57288 39.78269
12.58045 39.79574
12.58803 39.81472
12.5956 39.83371
12.60317 39.85265
12.61075 39.87162
12.61832 39.89059
12.62589 39.90951
12.63347 39.92846
12.64104 39.94741
12.64861 39.96632
12.65619 39.98525
12.66376 40.00418
12.67133 40.02307
12.67891 40.04198
12.68648 40.0609
12.69406 40.0798
12.70163 40.09871
12.7092 40.11756
12.71678 40.13649
12.72435 40.15533
12.73192 40.17422
12.7395 40.19308
12.74707 40.21195
12.75464 40.23081
12.76222 40.24966
12.76979 40.26851
12.77736 40.28731
12.78494 40.30619
12.79251 40.32502
12.80009 40.34384
12.80766 40.36266
12.81523 40.38147
12.82281 40.39681
12.83038 40.41074
12.83795 40.42465
12.84553 40.43858
12.8531 40.45248
12.86067 40.46636
12.86825 40.4803
12.87582 40.49415
12.8834 40.50803
12.89097 40.5219
12.89854 40.53573
12.90612 40.54957
12.91369 40.56341
12.92126 40.57724
12.92884 40.59104
12.93641 40.60485
12.94398 40.61864
12.95156 40.63245
12.95913 40.64618
12.9667 40.65994
12.97428 40.67372
12.98185 40.68745
12.98943 40.70125
12.997 40.71497
13.00457 40.72867
13.01215 40.74239
13.01972 40.75611
13.02729 40.76977
13.03487 40.78346
13.04244 40.79714
13.05001 40.81077
13.05759 40.82447
13.06516 40.83808
13.07274 40.85166
13.08031 40.8652
13.08788 40.87873
13.09546 40.89232
13.10303 40.90583
13.1106 40.91932
13.11818 40.93283
13.12575 40.94635
13.13332 40.9598
13.1409 40.97333
13.14847 40.98676
13.15604 41.00023
13.16362 41.01367
13.17119 41.02712
13.17877 41.04058
13.18634 41.054
13.19391 41.06741
13.20149 41.08084
13.20906 41.09422
13.21663 41.1076
13.22421 41.12099
13.23178 41.13434
13.23935 41.14768
13.24693 41.16104
13.2545 41.1744
13.26207 41.1877
13.26965 41.20107
13.27722 41.21435
13.2848 41.22947
13.29237 41.24534
13.29994 41.26125
13.30752 41.27713
13.31509 41.29298
13.32266 41.30886
13.33024 41.32472
13.33781 41.34059
13.34538 41.35644
13.35296 41.37228
13.36053 41.38812
13.36811 41.40393
13.37568 41.41975
13.38325 41.43557
13.39083 41.4514
13.3984 41.4672
13.40597 41.48294
13.41355 41.49875
13.42112 41.51452
13.42869 41.53028
13.43627 41.54607
13.44384 41.56181
13.45141 41.57755
13.45899 41.5933
13.46656 41.60902
13.47414 41.62476
13.48171 41.64046
13.48928 41.6562
13.49686 41.67192
13.50443 41.68759
13.512 41.70326
13.51958 41.71899
13.52715 41.73464
13.53472 41.75037
13.5423 41.7668
13.54987 41.78319
13.55744 41.79958
13.56502 41.81603
13.57259 41.8324
13.58017 41.84879
13.58774 41.86519
13.59531 41.88153
13.60289 41.8979
13.61046 41.91427
13.61803 41.9306
13.62561 41.94699
13.63318 41.96329
13.64075 41.97964
13.64833 41.99596
13.6559 42.01229
13.66348 42.02859
13.67105 42.0449
13.67862 42.06116
13.6862 42.07749
13.69377 42.09378
13.70134 42.11006
13.70892 42.12632
13.71649 42.14259
13.72406 42.15885
13.73164 42.17513
13.73921 42.19133
13.74678 42.20756
13.75436 42.22382
13.76193 42.24004
13.76951 42.25629
13.77708 42.27198
13.78465 42.28487
13.79223 42.29774
13.7998 42.3106
13.80737 42.32346
13.81495 42.33633
13.82252 42.34911
13.83009 42.36193
13.83767 42.37477
13.84524 42.38757
13.85282 42.40039
13.86039 42.41316
13.86796 42.42593
13.87554 42.43876
13.88311 42.4515
13.89068 42.46423
13.89826 42.47697
13.90583 42.48973
13.9134 42.50242
13.92098 42.51518
13.92855 42.52786
13.93612 42.54056
13.9437 42.55329
13.95127 42.56593
13.95885 42.57863
13.96642 42.5913
13.97399 42.60395
13.98157 42.61662
13.98914 42.62925
13.99671 42.64186
14.00429 42.6545
14.01186 42.66709
14.01943 42.67972
14.02701 42.69242
14.03458 42.70522
14.04215 42.71795
14.04973 42.73071
14.0573 42.74347
14.06488 42.7562
14.07245 42.76894
14.08002 42.78162
14.0876 42.79437
14.09517 42.80708
14.10274 42.81973
14.11032 42.83244
14.11789 42.84511
14.12546 42.85778
14.13304 42.87046
14.14061 42.8831
14.14819 42.89576
14.15576 42.90837
14.16333 42.92098
14.17091 42.93365
14.17848 42.94624
14.18605 42.95881
14.19363 42.9714
14.2012 42.984
14.20877 42.99654
14.21635 43.00915
14.22392 43.02172
14.23149 43.03422
14.23907 43.0468
14.24664 43.05933
14.25422 43.07183
14.26179 43.08434
14.26936 43.09684
14.27694 43.11136
14.28451 43.12741
14.29208 43.14345
14.29966 43.15952
14.30723 43.1756
14.3148 43.19162
14.32238 43.20766
14.32995 43.22371
14.33753 43.23974
14.3451 43.25574
14.35267 43.27177
14.36025 43.28778
14.36782 43.3038
14.37539 43.31976
14.38297 43.33579
14.39054 43.35174
14.39811 43.36773
14.40569 43.3837
14.41326 43.39967
14.42083 43.41559
14.42841 43.43158
14.43598 43.44754
14.44356 43.46346
14.45113 43.4794
14.4587 43.49534
14.46628 43.51129
14.47385 43.52716
14.48142 43.54307
14.489 43.55901
14.49657 43.5749
14.50414 43.59079
14.51172 43.6067
14.51929 43.62253
14.52686 43.6384
14.53444 43.65293
14.54201 43.66723
14.54959 43.68151
14.55716 43.69579
14.56473 43.71007
14.57231 43.72431
14.57988 43.73857
14.58745 43.75282
14.59503 43.76709
14.6026 43.78132
14.61017 43.79554
14.61775 43.80974
14.62532 43.82394
14.6329 43.83817
14.64047 43.85236
14.64804 43.86658
14.65562 43.88078
14.66319 43.89494
14.67076 43.9091
14.67834 43.92327
14.68591 43.9374
14.69348 43.95158
14.70106 43.96573
14.70863 43.97983
14.7162 43.99398
14.72378 44.0081
14.73135 44.02218
14.73893 44.03634
14.7465 44.0504
14.75407 44.06451
14.76165 44.07863
14.76922 44.09267
14.77679 44.10675
14.78437 44.1208
14.79194 44.13397
14.79951 44.14649
14.80709 44.15899
14.81466 44.17149
14.82223 44.18398
14.82981 44.19649
14.83738 44.20896
14.84496 44.22145
14.85253 44.2339
14.8601 44.24634
14.86768 44.2588
14.87525 44.27127
14.88282 44.28368
14.8904 44.29611
14.89797 44.30855
14.90554 44.32093
14.91312 44.33333
14.92069 44.34573
14.92827 44.35811
14.93584 44.3705
14.94341 44.38287
14.95099 44.39522
14.95856 44.40758
14.96613 44.41992
14.97371 44.43229
14.98128 44.44456
14.98885 44.45688
14.99643 44.46921
15.004 44.48151
15.01157 44.49379
15.01915 44.5061
15.02672 44.51841
15.0343 44.53069
15.04187 44.54294
15.04944 44.55517
15.05702 44.56757
15.06459 44.57999
15.07216 44.59239
15.07974 44.60482
15.08731 44.6172
15.09488 44.62957
15.10246 44.64197
15.11003 44.65432
15.11761 44.66674
15.12518 44.67908
15.13275 44.6914
15.14033 44.70379
15.1479 44.7161
15.15547 44.72844
15.16305 44.74075
15.17062 44.75308
15.17819 44.76534
15.18577 44.77767
15.19334 44.78997
15.20091 44.8022
15.20849 44.8145
15.21606 44.82677
15.22364 44.83905
15.23121 44.85129
15.23878 44.86353
15.24636 44.87578
15.25393 44.88799
15.2615 44.9002
15.26908 44.91242
15.27665 44.9246
15.28422 44.93678
15.2918 44.94897
15.29937 44.96118
15.30694 44.97332
15.31452 44.98548
15.32209 44.99863
15.32967 45.01624
15.33724 45.03387
15.34481 45.05144
15.35239 45.06909
15.35996 45.08665
15.36753 45.10426
15.37511 45.1219
15.38268 45.13945
15.39025 45.15705
15.39783 45.17462
15.4054 45.1922
15.41298 45.20976
15.42055 45.22734
15.42812 45.24492
15.4357 45.26246
15.44327 45.28003
15.45084 45.29759
15.45842 45.31512
15.46599 45.33267
15.47356 45.35022
15.48114 45.36774
15.48871 45.38528
15.49628 45.40281
15.50386 45.42031
15.51143 45.43784
15.51901 45.45539
15.52658 45.47285
15.53415 45.49036
15.54173 45.5079
15.5493 45.5254
15.55687 45.54284
15.56445 45.56036
15.57202 45.57785
15.57959 45.59533
15.58717 45.61284
15.59474 45.63026
15.60231 45.64773
15.60989 45.66522
15.61746 45.68143
15.62504 45.69595
15.63261 45.71038
15.64018 45.72485
15.64776 45.73934
15.65533 45.75375
15.6629 45.76819
15.67048 45.78267
15.67805 45.7971
15.68562 45.81147
15.6932 45.82592
15.70077 45.84033
15.70835 45.85477
15.71592 45.86917
15.72349 45.88355
15.73107 45.89797
15.73864 45.91234
15.74621 45.92666
15.75379 45.9411
15.76136 45.95545
15.76893 45.96979
15.77651 45.98416
15.78408 45.99849
15.79165 46.01281
15.79923 46.02716
15.8068 46.04147
15.81438 46.0558
15.82195 46.07014
15.82952 46.08443
15.8371 46.09874
15.84467 46.11306
15.85224 46.12732
15.85982 46.14161
15.86739 46.15591
15.87496 46.17015
15.88254 46.18441
15.89011 46.19869
15.89769 46.21294
15.90526 46.22721
15.91283 46.24141
15.92041 46.2568
15.92798 46.27227
15.93555 46.28773
15.94313 46.30321
15.9507 46.3186
15.95827 46.33404
15.96585 46.3495
15.97342 46.36493
15.98099 46.38035
15.98857 46.39579
15.99614 46.4112
16.00372 46.42663
16.01129 46.44203
16.01886 46.45742
16.02644 46.47283
16.03401 46.48821
16.04158 46.50358
16.04916 46.51897
16.05673 46.53433
16.0643 46.54968
16.07188 46.56506
16.07945 46.5804
16.08702 46.59573
16.0946 46.61109
16.10217 46.62646
16.10975 46.64181
16.11732 46.65712
16.12489 46.67242
16.13247 46.68774
16.14004 46.70309
16.14761 46.71837
16.15519 46.73368
16.16276 46.74901
16.17033 46.76427
16.17791 46.77956
16.18548 46.79487
16.19306 46.81014
16.20063 46.82425
16.2082 46.8364
16.21578 46.84852
16.22335 46.86066
16.23092 46.87273
16.2385 46.88483
16.24607 46.89693
16.25364 46.90903
16.26122 46.9211
16.26879 46.93318
16.27636 46.94525
16.28394 46.95729
16.29151 46.96935
16.29909 46.98142
16.30666 46.99346
16.31423 47.00548
16.32181 47.01753
16.32938 47.02954
16.33695 47.04154
16.34453 47.05356
16.3521 47.06554
16.35967 47.07751
16.36725 47.08951
16.37482 47.10146
16.38239 47.11341
16.38997 47.12543
16.39754 47.13735
16.40512 47.1493
16.41269 47.16126
16.42026 47.17316
16.42784 47.18514
16.43541 47.19702
16.44298 47.20895
16.45056 47.22084
16.45813 47.23275
16.4657 47.24459
16.47328 47.25651
16.48085 47.2684
16.48843 47.28052
16.496 47.29414
16.50357 47.30781
16.51115 47.32145
16.51872 47.33505
16.52629 47.3487
16.53387 47.36232
16.54144 47.3759
16.54901 47.38952
16.55659 47.40312
16.56416 47.41673
16.57173 47.43028
16.57931 47.44391
16.58688 47.4575
16.59446 47.47105
16.60203 47.48463
16.6096 47.49814
16.61718 47.51173
16.62475 47.52528
16.63232 47.53883
16.6399 47.55234
16.64747 47.56587
16.65504 47.5794
16.66262 47.59294
16.67019 47.60645
16.67777 47.61993
16.68534 47.63342
16.69291 47.64691
16.70049 47.66042
16.70806 47.67389
16.71563 47.68735
16.72321 47.70084
16.73078 47.71429
16.73835 47.72773
16.74593 47.7412
16.7535 47.75468
16.76107 47.7681
16.76865 47.78154
16.77622 47.79495
16.7838 47.80882
16.79137 47.82395
16.79894 47.83907
16.80652 47.85427
16.81409 47.86938
16.82166 47.88454
16.82924 47.89966
16.83681 47.91481
16.84438 47.92995
16.85196 47.94506
16.85953 47.96019
16.8671 47.97526
16.87468 47.99041
16.88225 48.00552
16.88983 48.0206
16.8974 48.0357
16.90497 48.05074
16.91255 48.06586
16.92012 48.08095
16.92769 48.09602
16.93527 48.11107
16.94284 48.12614
16.95041 48.1412
16.95799 48.15628
16.96556 48.17128
16.97314 48.18635
16.98071 48.20139
16.98828 48.21642
16.99586 48.23147
17.00343 48.2465
17.011 48.26151
17.01858 48.27649
17.02615 48.2915
17.03372 48.30649
17.0413 48.32152
17.04887 48.3365
17.05644 48.35148
17.06402 48.36649
17.07159 48.38146
17.07917 48.39645
17.08674 48.40947
17.09431 48.42134
17.10189 48.43324
17.10946 48.44509
17.11703 48.457
17.12461 48.46887
17.13218 48.4807
17.13975 48.49252
17.14733 48.50442
17.1549 48.51623
17.16247 48.52803
17.17005 48.5399
17.17762 48.55168
17.1852 48.56354
17.19277 48.57531
17.20034 48.58712
17.20792 48.59889
17.21549 48.61069
17.22306 48.62248
17.23064 48.63423
17.23821 48.646
17.24578 48.65776
17.25336 48.66954
17.26093 48.68129
17.26851 48.693
17.27608 48.70472
17.28365 48.71644
17.29123 48.72818
17.2988 48.73989
17.30637 48.75158
17.31395 48.7633
17.32152 48.77498
17.32909 48.78664
17.33667 48.79839
17.34424 48.81004
17.35181 48.82169
17.35939 48.83335
17.36696 48.84504
17.37454 48.85669
17.38211 48.8683
17.38968 48.881
17.39726 48.89599
17.40483 48.91094
17.4124 48.92588
17.41998 48.94085
17.42755 48.95579
17.43512 48.97072
17.4427 48.98567
17.45027 49.00059
17.45785 49.01553
17.46542 49.03044
17.47299 49.04534
17.48057 49.06027
17.48814 49.07516
17.49571 49.09005
17.50329 49.10495
17.51086 49.11983
17.51843 49.1347
17.52601 49.14959
17.53358 49.16451
17.54115 49.17936
17.54873 49.19424
17.5563 49.20908
17.56388 49.22394
17.57145 49.23883
17.57902 49.25366
17.5866 49.26851
17.59417 49.28332
17.60174 49.29819
17.60932 49.31302
17.61689 49.32782
17.62446 49.34261
17.63204 49.35749
17.63961 49.37227
17.64718 49.38705
17.65476 49.4019
17.66233 49.41667
17.66991 49.43151
17.67748 49.44627
17.68505 49.46102
17.69263 49.47585
17.7002 49.4897
17.70777 49.50142
17.71535 49.51316
17.72292 49.52487
17.73049 49.53662
17.73807 49.54834
17.74564 49.56002
17.75322 49.57172
17.76079 49.58339
17.76836 49.59511
17.77594 49.60678
17.78351 49.61842
17.79108 49.63012
17.79866 49.64177
17.80623 49.65344
17.8138 49.66505
17.82138 49.67674
17.82895 49.68833
17.83652 49.69998
17.8441 49.71158
17.85167 49.72321
17.85925 49.73486
17.86682 49.74647
17.87439 49.75801
17.88197 49.76964
17.88954 49.78122
17.89711 49.7928
17.90469 49.80434
17.91226 49.81591
17.91983 49.82746
17.92741 49.83904
17.93498 49.85058
17.94256 49.86214
17.95013 49.87366
17.9577 49.88517
17.96528 49.89671
17.97285 49.90827
17.98042 49.91976
17.988 49.93127
17.99557 49.94275
18.00314 49.95421
18.01072 49.96576
18.01829 49.97811
18.02586 49.9913
18.03344 50.00457
18.04101 50.01774
18.04859 50.03093
18.05616 50.04409
18.06373 50.05725
18.07131 50.07042
18.07888 50.08362
18.08645 50.09675
18.09403 50.10991
18.1016 50.12309
18.10917 50.1362
18.11675 50.14934
18.12432 50.1625
18.13189 50.17559
18.13947 50.18871
18.14704 50.20185
18.15462 50.21495
18.16219 50.22808
18.16976 50.24114
18.17734 50.25429
18.18491 50.26733
18.19248 50.28044
18.20006 50.2935
18.20763 50.30659
18.2152 50.31967
18.22278 50.33272
18.23035 50.34579
18.23793 50.35882
18.2455 50.37187
18.25307 50.38492
18.26065 50.39799
18.26822 50.41097
18.27579 50.424
18.28337 50.43705
18.29094 50.45007
18.29851 50.46308
18.30609 50.47605
18.31366 50.48905
18.32123 50.50204
18.32881 50.51506
18.33638 50.52816
18.34396 50.54635
18.35153 50.56446
18.3591 50.58263
18.36668 50.60082
18.37425 50.61892
18.38182 50.63707
18.3894 50.65526
18.39697 50.67341
18.40454 50.6915
18.41212 50.70968
18.41969 50.72783
18.42726 50.74591
18.43484 50.76408
18.44241 50.78222
18.44999 50.80033
18.45756 50.81846
18.46513 50.8366
18.47271 50.85475
18.48028 50.87282
18.48785 50.89095
18.49543 50.9091
18.503 50.92723
18.51057 50.94528
18.51815 50.96343
18.52572 50.98155
18.5333 50.99963
18.54087 51.01774
18.54844 51.03585
18.55602 51.05398
18.56359 51.07203
18.57116 51.09013
18.57874 51.10826
18.58631 51.12635
18.59388 51.14439
18.60146 51.16251
18.60903 51.1806
18.6166 51.19869
18.62418 51.21681
18.63175 51.23483
18.63933 51.25294
18.6469 51.27102
18.65447 51.2891
18.66205 51.30714
18.66962 51.32521
18.67719 51.34328
18.68477 51.36138
18.69234 51.37945
18.69991 51.39745
18.70749 51.41554
18.71506 51.43023
18.72264 51.44183
18.73021 51.45332
18.73778 51.46481
18.74536 51.47638
18.75293 51.48786
18.7605 51.49939
18.76808 51.51087
18.77565 51.52239
18.78322 51.53383
18.7908 51.54536
18.79837 51.55679
18.80594 51.56827
18.81352 51.57977
18.82109 51.59118
18.82867 51.60267
18.83624 51.61412
18.84381 51.62551
18.85139 51.63697
18.85896 51.64841
18.86653 51.65983
18.87411 51.67127
18.88168 51.68268
18.88925 51.69402
18.89683 51.70544
18.9044 51.71683
18.91197 51.72821
18.91955 51.73961
18.92712 51.75097
18.9347 51.76236
18.94227 51.77377
18.94984 51.78511
18.95742 51.79647
18.96499 51.8078
18.97256 51.81912
18.98014 51.83046
18.98771 51.84183
18.99528 51.85313
19.00286 51.86444
19.01043 51.87579
19.01801 51.88709
19.02558 51.89836
19.03315 51.90968
19.04073 51.92096
19.0483 51.93284
19.05587 51.94586
19.06345 51.95883
19.07102 51.97177
19.07859 51.98471
19.08617 51.99773
19.09374 52.01065
19.10131 52.02356
19.10889 52.03656
19.11646 52.04947
19.12404 52.06239
19.13161 52.07535
19.13918 52.08824
19.14676 52.10121
19.15433 52.11408
19.1619 52.12701
19.16948 52.1399
19.17705 52.15282
19.18462 52.16567
19.1922 52.1786
19.19977 52.19144
19.20734 52.20433
19.21492 52.21719
19.22249 52.23007
19.23007 52.24297
19.23764 52.25578
19.24521 52.26864
19.25279 52.28153
19.26036 52.29438
19.26793 52.30716
19.27551 52.32003
19.28308 52.33287
19.29065 52.34569
19.29823 52.35848
19.3058 52.37129
19.31338 52.38413
19.32095 52.39694
19.32852 52.40973
19.3361 52.42255
19.34367 52.43534
19.35124 52.44805
19.35882 52.46085
19.36639 52.47362
19.37396 52.48638
19.38154 52.49917
19.38911 52.51198
19.39668 52.52485
19.40426 52.53781
19.41183 52.55067
19.41941 52.56355
19.42698 52.5764
19.43455 52.58924
19.44213 52.60217
19.4497 52.615
19.45727 52.62783
19.46485 52.64068
19.47242 52.65355
19.47999 52.66636
19.48757 52.67919
19.49514 52.69205
19.50272 52.70487
19.51029 52.71765
19.51786 52.73049
19.52544 52.74329
19.53301 52.75612
19.54058 52.76888
19.54816 52.78173
19.55573 52.79447
19.5633 52.80728
19.57088 52.82004
19.57845 52.83284
19.58602 52.84556
19.5936 52.85837
19.60117 52.87115
19.60875 52.88388
19.61632 52.89665
19.62389 52.90934
19.63147 52.92212
19.63904 52.93487
19.64661 52.94755
19.65419 52.96031
19.66176 52.97304
19.66933 52.98577
19.67691 52.99845
19.68448 53.01116
19.69205 53.02386
19.69963 53.03659
19.7072 53.04929
19.71478 53.062
19.72235 53.07462
19.72992 53.0873
19.7375 53.10111
19.74507 53.11542
19.75264 53.12973
19.76022 53.14406
19.76779 53.15835
19.77536 53.17265
19.78294 53.18696
19.79051 53.20124
19.79809 53.21555
19.80566 53.22982
19.81323 53.24409
19.82081 53.25838
19.82838 53.27264
19.83595 53.28697
19.84353 53.30124
19.8511 53.31549
19.85867 53.32973
19.86625 53.34399
19.87382 53.35823
19.88139 53.37245
19.88897 53.38677
19.89654 53.40099
19.90412 53.41523
19.91169 53.42944
19.91926 53.44364
19.92684 53.45793
19.93441 53.47213
19.94198 53.48632
19.94956 53.50053
19.95713 53.51478
19.9647 53.52895
19.97228 53.54315
19.97985 53.55739
19.98742 53.57155
19.995 53.58573
20.00257 53.59995
20.01015 53.61413
20.01772 53.62827
20.02529 53.64248
20.03287 53.65664
20.04044 53.67077
20.04801 53.68496
20.05559 53.69911
20.06316 53.71329
20.07073 53.7274
20.07831 53.74154
20.08588 53.75557
20.09346 53.76829
20.10103 53.78104
20.1086 53.79372
20.11618 53.80649
20.12375 53.81923
20.13132 53.83189
20.1389 53.84464
20.14647 53.85736
20.15404 53.87007
20.16162 53.88274
20.16919 53.89544
20.17676 53.90813
20.18434 53.92085
20.19191 53.93347
20.19949 53.94617
20.20706 53.95884
20.21463 53.97151
20.22221 53.9842
20.22978 53.99679
20.23735 54.00944
20.24493 54.02211
20.2525 54.03475
20.26007 54.04738
20.26765 54.06004
20.27522 54.07266
20.2828 54.0853
20.29037 54.09791
20.29794 54.11052
20.30552 54.12315
20.31309 54.13574
20.32066 54.14833
20.32824 54.16094
20.33581 54.17351
20.34338 54.18608
20.35096 54.19874
20.35853 54.2113
20.3661 54.22386
20.37368 54.23643
20.38125 54.24898
20.38883 54.26154
20.3964 54.27414
20.40397 54.28667
20.41155 54.29921
20.41912 54.31173
20.42669 54.32431
20.43427 54.33684
20.44184 54.34933
20.44941 54.36305
20.45699 54.3772
20.46456 54.39132
20.47213 54.40544
20.47971 54.41964
20.48728 54.43375
20.49486 54.44787
20.50243 54.46197
20.51 54.47613
20.51758 54.49025
20.52515 54.50433
20.53272 54.51848
20.5403 54.53258
20.54787 54.54665
20.55544 54.56078
20.56302 54.57487
20.57059 54.58893
20.57817 54.60308
20.58574 54.61712
20.59331 54.63124
20.60089 54.6453
20.60846 54.65941
20.61603 54.67344
20.62361 54.68749
20.63118 54.70158
20.63875 54.7156
20.64633 54.7297
20.6539 54.74371
20.66147 54.75779
20.66905 54.77181
20.67662 54.78588
20.6842 54.79989
20.69177 54.81395
20.69934 54.82793
20.70692 54.842
20.71449 54.85604
20.72206 54.87001
20.72964 54.88407
20.73721 54.89803
20.74478 54.91206
20.75236 54.9261
20.75993 54.94005
20.76751 54.95409
20.77508 54.96802
20.78265 54.98202
20.79023 54.99605
20.7978 55.00997
20.80537 55.02396
20.81295 55.03818
20.82052 55.05265
20.82809 55.06711
20.83567 55.08159
20.84324 55.09605
20.85081 55.1105
20.85839 55.12497
20.86596 55.13941
20.87354 55.15388
20.88111 55.16831
20.88868 55.18281
20.89626 55.19726
20.90383 55.21168
20.9114 55.2261
20.91898 55.24054
20.92655 55.25495
20.93412 55.26936
20.9417 55.28378
20.94927 55.29818
20.95684 55.31265
20.96442 55.32706
20.97199 55.34145
20.97957 55.35585
20.98714 55.37023
20.99471 55.3846
21.00229 55.39907
21.00986 55.41344
21.01743 55.4278
21.02501 55.44218
21.03258 55.45653
21.04015 55.47095
21.04773 55.48532
21.0553 55.49967
21.06288 55.51403
21.07045 55.52843
21.07802 55.54276
21.0856 55.55711
21.09317 55.5715
21.10074 55.58582
21.10832 55.60016
21.11589 55.61447
21.12346 55.62884
21.13104 55.64317
21.13861 55.65747
21.14618 55.67183
21.15376 55.68614
21.16133 55.7005
21.16891 55.71481
21.17648 55.72908
21.18405 55.74343
21.19163 55.75772
21.1992 55.77199
21.20677 55.78632
21.21435 55.79954
21.22192 55.81259
21.22949 55.82556
21.23707 55.83856
21.24464 55.85159
21.25221 55.86455
21.25979 55.8776
21.26736 55.89055
21.27494 55.90352
21.28251 55.91653
21.29008 55.92947
21.29766 55.94249
21.30523 55.95542
21.3128 55.96841
21.32038 55.98135
21.32795 55.99433
21.33552 56.00723
21.3431 56.02023
21.35067 56.03313
21.35825 56.04611
21.36582 56.05907
21.37339 56.07195
21.38097 56.08492
21.38854 56.09779
21.39611 56.11073
21.40369 56.12369
21.41126 56.13654
21.41883 56.14946
21.42641 56.16241
21.43398 56.17525
21.44155 56.18815
21.44913 56.20108
21.4567 56.21391
21.46428 56.22683
21.47185 56.23971
21.47942 56.2526
21.487 56.26543
21.49457 56.2783
21.50214 56.29117
21.50972 56.30406
21.51729 56.31692
21.52486 56.3297
21.53244 56.34257
21.54001 56.35542
21.54759 56.36828
21.55516 56.38111
21.56273 56.39394
21.57031 56.40679
21.57788 56.41954
21.58545 56.43235
21.59303 56.44706
21.6006 56.46231
21.60817 56.47749
21.61575 56.49276
21.62332 56.50793
21.63089 56.52317
21.63847 56.53836
21.64604 56.5536
21.65362 56.56878
21.66119 56.58401
21.66876 56.59916
21.67634 56.61441
21.68391 56.62955
21.69148 56.64477
21.69906 56.65993
21.70663 56.67514
21.7142 56.69035
21.72178 56.7055
21.72935 56.7207
21.73692 56.73582
21.7445 56.75104
21.75207 56.76616
21.75965 56.78137
21.76722 56.79655
21.77479 56.81166
21.78237 56.82686
21.78994 56.84196
21.79751 56.85713
21.80509 56.87233
21.81266 56.88742
21.82023 56.90258
21.82781 56.91769
21.83538 56.93284
21.84296 56.94802
21.85053 56.96309
21.8581 56.97824
21.86568 56.99341
21.87325 57.00847
21.88082 57.02361
21.8884 57.03876
21.89597 57.05382
21.90354 57.06894
21.91112 57.08409
21.91869 57.09914
21.92626 57.11425
21.93384 57.12939
21.94141 57.14443
21.94899 57.15956
21.95656 57.17466
21.96413 57.18976
21.97171 57.20481
21.97928 57.21991
21.98685 57.235
21.99443 57.25003
22.002 57.26446
22.00957 57.27536
22.01715 57.28628
22.02472 57.29724
22.03229 57.30812
22.03987 57.31902
22.04744 57.32996
22.05502 57.34085
22.06259 57.3517
22.07016 57.36263
22.07774 57.3735
22.08531 57.38433
22.09288 57.39524
22.10046 57.40609
22.10803 57.41699
22.1156 57.4278
22.12318 57.43871
22.13075 57.44951
22.13833 57.4604
22.1459 57.47119
22.15347 57.48205
22.16105 57.49293
22.16862 57.5037
22.17619 57.51454
22.18377 57.5254
22.19134 57.53615
22.19891 57.54697
22.20649 57.55782
22.21406 57.56855
22.22163 57.57935
22.22921 57.59018
22.23678 57.60097
22.24436 57.61171
22.25193 57.62249
22.2595 57.63326
22.26708 57.64405
22.27465 57.65481
22.28222 57.66557
22.2898 57.67634
22.29737 57.68709
22.30494 57.69782
22.31252 57.70858
22.32009 57.71931
22.32767 57.73005
22.33524 57.74076
22.34281 57.75147
22.35039 57.7622
22.35796 57.77289
22.36553 57.78358
22.37311 57.79429
22.38068 57.80497
22.38825 57.81564
22.39583 57.82753
22.4034 57.84267
22.41097 57.85788
22.41855 57.87304
22.42612 57.88824
22.4337 57.90347
22.44127 57.9186
22.44884 57.9338
22.45642 57.94902
22.46399 57.96413
22.47156 57.97932
22.47914 57.99453
22.48671 58.00964
22.49428 58.02482
22.50186 58.04002
22.50943 58.05512
22.517 58.07029
22.52458 58.08549
22.53215 58.10065
22.53973 58.11576
22.5473 58.13092
22.55487 58.14608
22.56245 58.16118
22.57002 58.17633
22.57759 58.19148
22.58517 58.20665
22.59274 58.22172
22.60031 58.23686
22.60789 58.25202
22.61546 58.26715
22.62304 58.28223
22.63061 58.29736
22.63818 58.31248
22.64576 58.32763
22.65333 58.34275
22.6609 58.35778
22.66848 58.37292
22.67605 58.38803
22.68362 58.40314
22.6912 58.41819
22.69877 58.43329
22.70634 58.44839
22.71392 58.46351
22.72149 58.4786
22.72907 58.49372
22.73664 58.50873
22.74421 58.52381
22.75179 58.53891
22.75936 58.55399
22.76693 58.56907
22.77451 58.58416
22.78208 58.59915
22.78965 58.61422
22.79723 58.62817
22.8048 58.64041
22.81237 58.65266
22.81995 58.66492
22.82752 58.67707
22.8351 58.68933
22.84267 58.70155
22.85024 58.71377
22.85782 58.72601
22.86539 58.73821
22.87296 58.75042
22.88054 58.76264
22.88811 58.77484
22.89568 58.78702
22.90326 58.79923
22.91083 58.81141
22.91841 58.82361
22.92598 58.83578
22.93355 58.84795
22.94113 58.86013
22.9487 58.87229
22.95627 58.88444
22.96385 58.89661
22.97142 58.90875
22.97899 58.92089
22.98657 58.93304
22.99414 58.94517
23.00171 58.95729
23.00929 58.96944
23.01686 58.98162
23.02444 58.99376
23.03201 59.00586
23.03958 59.01796
23.04716 59.03008
23.05473 59.04216
23.0623 59.05432
23.06988 59.06643
23.07745 59.0785
23.08502 59.09057
23.0926 59.10274
23.10017 59.1148
23.10775 59.12688
23.11532 59.13893
23.12289 59.15105
23.13047 59.16312
23.13804 59.17515
23.14561 59.18726
23.15319 59.19931
23.16076 59.21133
23.16833 59.22343
23.17591 59.23546
23.18348 59.24755
23.19105 59.25955
23.19863 59.27157
23.2062 59.28457
23.21378 59.29821
23.22135 59.31182
23.22892 59.32542
23.2365 59.33897
23.24407 59.35257
23.25164 59.36616
23.25922 59.3797
23.26679 59.39329
23.27436 59.40687
23.28194 59.42048
23.28951 59.43398
23.29708 59.44755
23.30466 59.46114
23.31223 59.47471
23.31981 59.48821
23.32738 59.50177
23.33495 59.51532
23.34253 59.5289
23.3501 59.54244
23.35767 59.55591
23.36525 59.56947
23.37282 59.58301
23.38039 59.59654
23.38797 59.61009
23.39554 59.62361
23.40312 59.63716
23.41069 59.65059
23.41826 59.66411
23.42584 59.67764
23.43341 59.69114
23.44098 59.70464
23.44856 59.71817
23.45613 59.73166
23.4637 59.74515
23.47128 59.75866
23.47885 59.77214
23.48642 59.78562
23.494 59.79904
23.50157 59.81251
23.50915 59.82601
23.51672 59.83947
23.52429 59.85293
23.53187 59.86641
23.53944 59.87986
23.54701 59.89331
23.55459 59.90678
23.56216 59.92022
23.56973 59.93366
23.57731 59.94712
23.58488 59.96055
23.59245 59.97397
23.60003 59.9875
23.6076 60.00092
23.61518 60.01436
23.62275 60.02785
23.63032 60.04133
23.6379 60.05492
23.64547 60.0684
23.65304 60.08188
23.66062 60.09545
23.66819 60.10892
23.67576 60.12246
23.68334 60.13595
23.69091 60.14948
23.69849 60.16296
23.70606 60.17641
23.71363 60.18994
23.72121 60.2034
23.72878 60.21692
23.73635 60.23036
23.74393 60.24389
23.7515 60.25732
23.75907 60.27082
23.76665 60.28427
23.77422 60.29776
23.78179 60.31117
23.78937 60.32469
23.79694 60.33809
23.80452 60.3516
23.81209 60.365
23.81966 60.37847
23.82724 60.39189
23.83481 60.40535
23.84238 60.41882
23.84996 60.43222
23.85753 60.44568
23.8651 60.45905
23.87268 60.47252
23.88025 60.48597
23.88783 60.49935
23.8954 60.51279
23.90297 60.52614
23.91055 60.5396
23.91812 60.55303
23.92569 60.56637
23.93327 60.57981
23.94084 60.59323
23.94841 60.60656
23.95599 60.61999
23.96356 60.6334
23.97113 60.64672
23.97871 60.66014
23.98628 60.67354
23.99386 60.68687
24.00143 60.70026
24.009 60.71364
24.01658 60.72704
24.02415 60.74034
24.03172 60.75371
24.0393 60.7671
24.04687 60.78055
24.05444 60.79399
24.06202 60.80745
24.06959 60.82089
24.07716 60.83432
24.08474 60.84777
24.09231 60.86119
24.09989 60.87464
24.10746 60.88813
24.11503 60.90154
24.12261 60.91498
24.13018 60.92838
24.13775 60.94178
24.14533 60.95521
24.1529 60.9686
24.16047 60.98199
24.16805 60.99541
24.17562 61.00887
24.1832 61.02227
24.19077 61.03565
24.19834 61.04902
24.20592 61.06242
24.21349 61.07578
24.22106 61.08915
24.22864 61.10261
24.23621 61.11597
24.24378 61.12932
24.25136 61.14269
24.25893 61.15603
24.2665 61.16946
24.27408 61.18282
24.28165 61.19615
24.28923 61.20951
24.2968 61.22291
24.30437 61.23624
24.31195 61.24958
24.31952 61.2629
24.32709 61.27629
24.33467 61.28962
24.34224 61.30293
24.34981 61.31631
24.35739 61.32963
24.36496 61.34293
24.37254 61.35624
24.38011 61.36961
24.38768 61.3829
24.39526 61.3962
24.40283 61.40956
24.4104 61.42283
24.41798 61.43613
24.42555 61.44947
24.43312 61.46274
24.4407 61.4761
24.44827 61.48935
24.45584 61.50261
24.46342 61.51596
24.47099 61.52986
24.47857 61.54467
24.48614 61.55946
24.49371 61.57425
24.50129 61.58906
24.50886 61.60384
24.51643 61.61861
24.52401 61.63341
24.53158 61.64819
24.53915 61.66296
24.54673 61.67775
24.5543 61.69252
24.56187 61.70728
24.56945 61.72206
24.57702 61.73682
24.5846 61.7516
24.59217 61.76635
24.59974 61.7811
24.60732 61.79587
24.61489 61.81061
24.62246 61.82536
24.63004 61.84012
24.63761 61.85486
24.64518 61.86959
24.65276 61.88434
24.66033 61.89907
24.66791 61.91382
24.67548 61.92863
24.68305 61.94335
24.69063 61.95809
24.6982 61.97281
24.70577 61.98752
24.71335 62.00225
24.72092 62.01696
24.72849 62.03166
24.73607 62.04639
24.74364 62.06109
24.75121 62.07579
24.75879 62.09059
24.76636 62.10528
24.77394 62.11999
24.78151 62.13468
24.78908 62.14936
24.79666 62.16407
24.80423 62.17875
24.8118 62.19342
24.81938 62.2082
24.82695 62.22287
24.83452 62.23754
24.8421 62.25223
24.84967 62.26689
24.85724 62.28155
24.86482 62.29632
24.87239 62.31097
24.87997 62.32565
24.88754 62.3403
24.89511 62.35495
24.90269 62.36962
24.91026 62.38077
24.91783 62.39034
24.92541 62.39985
24.93298 62.40933
24.94055 62.4188
24.94813 62.42829
24.9557 62.43783
24.96328 62.44731
24.97085 62.45676
24.97842 62.46628
24.986 62.47574
24.99357 62.48517
25.00114 62.49468
25.00872 62.50413
25.01629 62.51354
25.02386 62.52303
25.03144 62.53246
25.03901 62.54194
25.04658 62.55133
25.05416 62.56074
25.06173 62.5702
25.06931 62.5796
25.07688 62.58905
25.08445 62.5985
25.09203 62.60788
25.0996 62.61731
25.10717 62.62666
25.11475 62.6361
25.12232 62.64552
25.12989 62.65485
25.13747 62.66428
25.14504 62.67368
25.15262 62.68301
25.16019 62.6924
25.16776 62.70178
25.17534 62.7111
25.18291 62.72047
25.19048 62.72984
25.19806 62.73922
25.20563 62.74858
25.2132 62.75784
25.22078 62.76721
25.22835 62.77654
25.23592 62.78588
25.2435 62.79523
25.25107 62.80455
25.25865 62.81388
25.26622 62.82319
25.27379 62.8325
25.28137 62.84182
25.28894 62.85111
25.29651 62.86039
25.30409 62.8697
25.31166 62.87897
25.31923 62.88824
25.32681 62.89753
25.33438 62.90679
25.34195 62.91604
25.34953 62.92531
25.3571 62.93463
25.36468 62.94389
25.37225 62.95616
25.37982 62.97368
25.3874 62.99122
25.39497 63.00873
25.40254 63.02624
25.41012 63.04378
25.41769 63.06129
25.42526 63.0788
25.43284 63.09633
25.44041 63.11384
25.44799 63.13137
25.45556 63.14888
25.46313 63.16639
25.47071 63.18392
25.47828 63.20142
25.48585 63.21893
25.49343 63.23645
25.501 63.25396
25.50857 63.27146
25.51615 63.28898
25.52372 63.30648
25.53129 63.32398
25.53887 63.34151
25.54644 63.359
25.55402 63.37653
25.56159 63.39402
25.56916 63.41152
25.57674 63.42904
25.58431 63.44653
25.59188 63.46402
25.59946 63.48154
25.60703 63.49903
25.6146 63.51652
25.62218 63.53404
25.62975 63.55153
25.63732 63.56902
25.6449 63.58653
25.65247 63.60402
25.66005 63.62161
25.66762 63.6391
25.67519 63.65658
25.68277 63.67409
25.69034 63.69158
25.69791 63.70906
25.70549 63.72657
25.71306 63.74405
25.72063 63.76153
25.72821 63.77903
25.73578 63.79651
25.74336 63.81401
25.75093 63.83149
25.7585 63.84897
25.76608 63.86647
25.77365 63.88394
25.78122 63.90142
25.7888 63.91892
25.79637 63.93639
25.80394 63.95386
25.81152 63.97136
25.81909 63.98883
25.82666 64.0063
25.83424 64.02379
25.84181 64.04126
25.84939 64.05875
25.85696 64.07622
25.86453 64.09368
25.87211 64.10988
25.87968 64.12441
25.88725 64.13903
25.89483 64.15358
25.9024 64.16819
25.90997 64.18271
25.91755 64.19734
25.92512 64.21194
25.9327 64.22648
25.94027 64.24108
25.94784 64.25559
25.95542 64.27021
25.96299 64.28471
25.97056 64.2993
25.97814 64.31382
25.98571 64.3284
25.99328 64.3429
26.00086 64.3575
26.00843 64.37208
26.016 64.38656
26.02358 64.40116
26.03115 64.41564
26.03873 64.43023
26.0463 64.44471
26.05387 64.45927
26.06145 64.47386
26.06902 64.48833
26.07659 64.50288
26.08417 64.51737
26.09174 64.53192
26.09931 64.54646
26.10689 64.56095
26.11446 64.57549
26.12203 64.58994
26.12961 64.6045
26.13718 64.61904
26.14476 64.63351
26.15233 64.64804
26.1599 64.66248
26.16748 64.67703
26.17505 64.69155
26.18262 64.70598
26.1902 64.72052
26.19777 64.73504
26.20534 64.74946
26.21292 64.764
26.22049 64.77851
26.22807 64.79295
26.23564 64.80745
26.24321 64.82195
26.25079 64.83639
26.25836 64.85088
26.26593 64.86538
26.27351 64.87981
26.28108 64.89429
26.28865 64.90878
26.29623 64.9232
26.3038 64.93768
26.31137 64.95216
26.31895 64.96657
26.32652 64.98105
26.3341 64.99616
26.34167 65.01203
26.34924 65.0279
26.35682 65.04389
26.36439 65.05976
26.37196 65.07571
26.37954 65.0916
26.38711 65.10747
26.39468 65.12342
26.40226 65.1393
26.40983 65.15516
26.4174 65.17111
26.42498 65.18699
26.43255 65.20293
26.44013 65.21881
26.4477 65.23466
26.45527 65.2506
26.46285 65.26647
26.47042 65.28241
26.47799 65.29825
26.48557 65.31412
26.49314 65.33005
26.50071 65.34589
26.50829 65.36176
26.51586 65.37768
26.52344 65.39354
26.53101 65.40946
26.53858 65.4253
26.54616 65.44115
26.55373 65.45707
26.5613 65.4729
26.56888 65.48884
26.57645 65.50466
26.58402 65.52057
26.5916 65.53642
26.59917 65.55224
26.60674 65.56814
26.61432 65.58398
26.62189 65.59989
26.62947 65.61572
26.63704 65.63154
26.64461 65.64743
26.65219 65.66327
26.65976 65.67916
26.66733 65.69497
26.67491 65.71088
26.68248 65.72669
26.69005 65.74249
26.69763 65.7584
26.7052 65.7742
26.71278 65.7901
26.72035 65.8059
26.72792 65.82178
26.7355 65.83759
26.74307 65.85338
26.75064 65.86926
26.75822 65.88507
26.76579 65.90094
26.77336 65.91673
26.78094 65.93262
26.78851 65.9484
26.79608 65.96427
26.80366 65.97926
26.81123 65.99236
26.81881 66.00547
26.82638 66.01856
26.83395 66.03173
26.84153 66.04484
26.8491 66.05791
26.85667 66.07099
26.86425 66.08408
26.87182 66.09715
26.87939 66.11022
26.88697 66.1233
26.89454 66.13636
26.90211 66.14942
26.90969 66.1625
26.91726 66.17555
26.92484 66.18862
26.93241 66.20166
26.93998 66.2147
26.94756 66.22785
26.95513 66.24088
26.9627 66.25391
26.97028 66.26697
26.97785 66.27999
26.98542 66.29301
26.993 66.30606
27.00057 66.31907
27.00815 66.3322
27.01572 66.34521
27.02329 66.35821
27.03087 66.37124
27.03844 66.38424
27.04601 66.39723
27.05359 66.41034
27.06116 66.42333
27.06873 66.43632
27.07631 66.44933
27.08388 66.46231
27.09145 66.47528
27.09903 66.48837
27.1066 66.50134
27.11418 66.51434
27.12175 66.5273
27.12932 66.54035
27.1369 66.55334
27.14447 66.56629
27.15204 66.57925
27.15962 66.59231
27.16719 66.60526
27.17476 66.6182
27.18234 66.63116
27.18991 66.64419
27.19748 66.65713
27.20506 66.67008
27.21263 66.68301
27.22021 66.69605
27.22778 66.70897
27.23535 66.72189
27.24293 66.73492
27.2505 66.74783
27.25807 66.76074
27.26565 66.77376
27.27322 66.78666
27.28079 66.79965
27.28837 66.81548
27.29594 66.83129
27.30352 66.84712
27.31109 66.86283
27.31866 66.87863
27.32624 66.89445
27.33381 66.91016
27.34138 66.92596
27.34896 66.94178
27.35653 66.95757
27.3641 66.97327
27.37168 66.98908
27.37925 67.00487
27.38682 67.02057
27.3944 67.03638
27.40197 67.05216
27.40955 67.06797
27.41712 67.08366
27.42469 67.09944
27.43227 67.11524
27.43984 67.13102
27.44741 67.1467
27.45499 67.1625
27.46256 67.17827
27.47013 67.19404
27.47771 67.20975
27.48528 67.22551
27.49286 67.2413
27.50043 67.25698
27.508 67.27274
27.51558 67.28853
27.52315 67.30429
27.53072 67.31995
27.5383 67.33573
27.54587 67.35149
27.55344 67.36724
27.56102 67.38293
27.56859 67.39868
27.57616 67.41443
27.58374 67.4302
27.59131 67.44595
27.59889 67.46162
27.60646 67.47737
27.61403 67.49311
27.62161 67.50887
27.62918 67.52452
27.63675 67.54026
27.64433 67.55602
27.6519 67.57175
27.65947 67.58739
27.66705 67.60315
27.67462 67.61888
27.68219 67.6346
27.68977 67.65035
27.69734 67.66599
27.70492 67.68173
27.71249 67.69746
27.72006 67.71318
27.72764 67.72883
27.73521 67.74454
27.74278 67.76026
27.75036 67.776
27.75793 67.79171
27.7655 67.80733
27.77308 67.82316
27.78065 67.83896
27.78823 67.85478
27.7958 67.87058
27.80337 67.88638
27.81095 67.90229
27.81852 67.91808
27.82609 67.93387
27.83367 67.94969
27.84124 67.96548
27.84881 67.98127
27.85639 67.99708
27.86396 68.01286
27.87153 68.02864
27.87911 68.04454
27.88668 68.06032
27.89426 68.07613
27.90183 68.0919
27.9094 68.10768
27.91698 68.12348
27.92455 68.13925
27.93212 68.15512
27.9397 68.17091
27.94727 68.18668
27.95484 68.20245
27.96242 68.21824
27.96999 68.234
27.97757 68.24979
27.98514 68.26555
27.99271 68.2814
28.00029 68.29719
28.00786 68.31294
28.01543 68.3287
28.02301 68.34448
28.03058 68.36023
28.03815 68.37598
28.04573 68.39185
28.0533 68.4076
28.06087 68.42334
28.06845 68.43911
28.07602 68.45486
28.0836 68.47063
28.09117 68.48646
28.09874 68.5022
28.10632 68.51796
28.11389 68.5337
28.12146 68.54943
28.12904 68.56519
28.13661 68.58092
28.14418 68.59675
28.15176 68.6125
28.15933 68.62823
28.1669 68.64396
28.17448 68.65971
28.18205 68.67543
28.18963 68.69127
28.1972 68.72513
28.20477 68.77282
28.21235 68.82064
28.21992 68.86836
28.22749 68.91619
28.23507 68.96397
28.24264 69.01183
28.25021 69.05971
28.25779 69.10763
28.26536 69.15563
28.27294 69.20358
28.28051 69.25152
28.28808 69.29957
28.29566 69.34766
28.30323 69.39575
28.3108 69.44384
28.31838 69.49198
28.32595 69.54011
28.33352 69.58835
28.3411 69.63654
28.34867 69.68481
28.35624 69.7331
28.36382 69.78143
28.37139 69.82975
28.37897 69.87811
28.38654 69.92646
28.39411 69.97492
28.40169 70.02342
28.40926 70.07182
28.41683 70.12033
28.42441 70.16888
28.43198 70.21751
28.43955 70.26607
28.44713 70.31467
28.4547 70.36335
28.46227 70.41205
28.46985 70.4607
28.47742 70.50943
28.485 70.5582
28.49257 70.60706
28.50014 70.65584
28.50772 70.70475
28.51529 70.75356
28.52286 70.77701
28.53044 70.79867
28.53801 70.8204
28.54558 70.84204
28.55316 70.8638
28.56073 70.88545
28.56831 70.90721
28.57588 70.92886
28.58345 70.9506
28.59103 70.97228
28.5986 70.99402
28.60617 71.01568
28.61375 71.03745
28.62132 71.05911
28.62889 71.08086
28.63647 71.10254
28.64404 71.1243
28.65161 71.14596
28.65919 71.16774
28.66676 71.18941
28.67434 71.21119
28.68191 71.23286
28.68948 71.25453
28.69706 71.27632
28.70463 71.298
28.7122 71.31976
28.71978 71.34147
28.72735 71.36324
28.73492 71.38492
28.7425 71.40672
28.75007 71.4284
28.75765 71.4502
28.76522 71.47189
28.77279 71.49367
28.78037 71.51538
28.78794 71.53717
28.79551 71.55895
28.80309 71.58067
28.81066 71.60246
28.81823 71.62416
28.82581 71.64597
28.83338 71.66767
28.84095 71.68947
28.84853 71.7112
28.8561 71.73299
28.86368 71.75472
28.87125 71.77653
28.87882 71.79823
28.8864 71.82006
28.89397 71.84177
28.90154 71.86358
28.90912 71.88532
28.91669 71.90713
28.92426 71.92885
28.93184 71.95069
28.93941 71.97241
28.94698 71.99423
28.95456 72.01597
28.96213 72.0378
28.96971 72.05964
28.97728 72.08137
28.98485 72.1032
28.99243 72.12495
29 72.14678
