2.41057 11.46294
2.44197 12.31979
2.46216 12.70652
2.48459 13.29195
2.5115 14.04636
2.53297 14.72058
2.5586 15.37057
2.58327 16.08102
2.60858 16.3472
2.63149 17.21859
2.66113 17.90887
2.68644 18.45903
2.71175 19.09614
2.73743 19.7676
2.76493 20.55061
2.7896 21.26878
2.81652 21.96686
2.84343 22.67228
2.87034 23.38432
2.89726 24.08565
2.92417 24.77401
2.95109 25.48204
2.978 26.19234
3.00491 26.88552
3.03183 27.63494
3.05874 28.32741
3.08565 29.03724
3.11257 29.74445
3.13948 30.40624
3.16639 31.14679
3.19331 31.83978
3.22022 32.57053
3.24713 33.24956
3.27405 33.98934
3.30096 34.65038
3.32787 35.34851
3.35479 36.06071
3.3817 36.76204
3.40861 37.477
3.43553 38.20587
3.46244 38.86885
3.48935 39.59762
3.51627 40.25712
3.54318 40.9838
3.57009 41.72359
3.59701 42.4185
3.62392 43.12499
3.65083 43.78314
3.67775 44.45133
3.70466 45.19168
3.73157 45.88137
3.75849 46.58158
3.7854 47.26006
3.81231 47.98131
3.83923 48.68017
3.86614 49.35535
3.89305 50.03988
3.91997 50.76873
3.94688 51.43757
3.97379 52.11523
4.00071 52.83805
4.02762 53.53416
4.05453 54.01667
4.08145 54.87867
4.10836 55.60166
4.13527 56.25695
4.16219 56.9981
4.18966 57.72511
4.21601 58.34951
4.24293 58.9967
4.26984 59.77394
4.29675 60.39549
4.32367 61.06538
4.35058 61.78506
4.37749 62.42752
4.40441 63.11994
4.43132 63.77628
4.45823 64.52791
4.48291 65.31697
4.51206 65.78654
4.53897 66.28848
4.56589 67.25399
4.5928 67.90673
4.61971 68.51878
4.64663 69.23126
4.67354 69.85525
4.70046 70.58163
4.72871 71.31576
4.75428 71.85969
4.7812 71.86369
4.80811 72.58845
4.83502 73.14824
4.86194 73.67265
4.88885 73.97214
4.91576 75.36769
4.94268 76.36062
4.96959 77.04886
4.9965 77.79666
5.013 77.78323
5.09293 79.75352
5.15806 81.4555
5.23527 82.86918
5.31365 84.04865
5.39572 85.44565
5.47326 86.98848
5.54796 88.98207
5.63867 91.29483
5.74433 93.45084
5.83443 95.41995
5.92595 97.31111
6.0189 99.48351
6.11331 101.42411
6.2092 103.59298
6.3066 105.58136
6.40552 107.80607
6.506 109.87531
6.60806 112.05297
6.71171 114.27379
6.81699 116.50289
6.92393 118.73906
7.03255 120.98105
7.14286 123.30317
7.25491 125.59282
7.36872 127.92498
7.48432 130.30045
7.60172 132.72003
7.72097 135.18454
7.8421 137.5682
7.96512 140.07977
8.09008 142.54975
8.21699 145.06327
8.3459 147.6664
8.47683 150.17801
8.60981 152.82605
8.74489 155.47309
8.88208 158.11749
9.02142 160.80686
9.16296 163.49184
9.30671 166.22164
9.45272 168.99703
9.60102 171.81876
9.75165 174.63404
9.90464 177.49545
10.06003 180.34843
10.21786 183.30347
10.37817 186.1927
10.541 189.18548
10.70638 192.16743
10.87435 195.19637
11.04497 198.21227
11.21825 201.39825
11.39427 204.38458
11.57304 207.54244
11.75461 210.7491
11.93904 213.93968
12.12636 217.17856
12.31662 220.39889
12.50987 223.80418
12.70615 227.12275
12.90551 230.41986
13.108 233.76483
13.31366 237.2311
13.52256 240.60116
13.73473 244.16879
13.95024 247.63741
14.16912 251.15529
14.39144 254.72316
14.61725 258.42094
14.8466 262.09201
15.07955 265.73374
15.31616 269.42607
15.55648 273.1697
15.80058 276.96536
16.0485 280.81375
16.30031 284.71561
16.55608 288.58318
16.81586 292.50329
17.07971 296.56758
17.34772 300.50399
17.61992 304.58603
17.89639 308.72352
18.1772 312.91722
18.46243 317.07063
18.75212 321.27918
19.04637 325.54359
19.34522 329.96577
19.64877 334.34548
19.95709 338.78332
20.27024 343.28006
20.5883 347.83649
20.91136 352.34534
21.23948 357.13159
21.57275 361.87188
21.91126 366.67508
22.25508 371.42813
22.60428 376.35817
22.95897 381.35366
23.31922 386.53396
23.68513 391.54442
24.05678 396.74148
24.43426 402.00751
24.81766 407.46838
25.20707 413.00342
25.6026 418.48531
26.00433 424.17
26.41237 429.8001
26.8268 435.77211
27.24774 441.69163
27.67528 447.69156
28.10953 453.91217
28.55059 460.21921
28.97464 465.02867
29.40841 472.27133
29.68363 478.7893
