2.40844 0.0141
2.40926 0.01413
2.40931 0.01413
2.41008 0.01415
2.41013 0.01416
2.41095 0.01418
2.41177 0.01421
2.41182 0.01421
2.41259 0.01423
2.41264 0.01424
2.41346 0.01426
2.41428 0.01429
2.41433 0.01429
2.4151 0.01431
2.41515 0.01431
2.41592 0.01434
2.41597 0.01434
2.41679 0.01437
2.41761 0.01439
2.41766 0.01439
2.41844 0.01442
2.41848 0.01442
2.41926 0.01445
2.41931 0.01445
2.42013 0.01447
2.42095 0.0145
2.421 0.0145
2.42178 0.01453
2.42182 0.01453
2.4226 0.01455
2.42265 0.01455
2.42347 0.01458
2.4243 0.01461
2.42434 0.01461
2.42512 0.01463
2.42517 0.01464
2.42594 0.01466
2.42599 0.01466
2.42682 0.01469
2.42764 0.01472
2.42769 0.01472
2.42847 0.01474
2.42852 0.01474
2.4293 0.01477
2.42934 0.01477
2.43012 0.0148
2.43017 0.0148
2.431 0.01483
2.43182 0.01485
2.43265 0.01488
2.43348 0.01491
2.43353 0.01491
2.4343 0.01493
2.43435 0.01494
2.43513 0.01496
2.43518 0.01496
2.43596 0.01499
2.43601 0.01499
2.43684 0.01502
2.43767 0.01505
2.43771 0.01505
2.43849 0.01507
2.43854 0.01507
2.43932 0.0151
2.43937 0.0151
2.44015 0.01513
2.4402 0.01513
2.44098 0.01516
2.44103 0.01516
2.44181 0.01518
2.44186 0.01518
2.44264 0.01521
2.44269 0.01521
2.44347 0.01524
2.44352 0.01524
2.44431 0.01527
2.44435 0.01527
2.44519 0.0153
2.44602 0.01532
2.44685 0.01535
2.44768 0.01538
2.44851 0.01541
2.44856 0.01541
2.44935 0.01544
2.44939 0.01544
2.45018 0.01547
2.45023 0.01547
2.45101 0.01549
2.45106 0.01549
2.45185 0.01552
2.45189 0.01552
2.45268 0.01555
2.45273 0.01555
2.45351 0.01558
2.45356 0.01558
2.45435 0.01561
2.4544 0.01561
2.45518 0.01564
2.45523 0.01564
2.45602 0.01566
2.45607 0.01567
2.45685 0.01569
2.4569 0.01569
2.45769 0.01572
2.45774 0.01572
2.45852 0.01575
2.45857 0.01575
2.45936 0.01578
2.45941 0.01578
2.4602 0.01581
2.46025 0.01581
2.46103 0.01584
2.46108 0.01584
2.46187 0.01587
2.46192 0.01587
2.46271 0.0159
2.46354 0.01592
2.46359 0.01593
2.46438 0.01595
2.46522 0.01598
2.46606 0.01601
2.4669 0.01604
2.46769 0.01607
2.46774 0.01607
2.46853 0.0161
2.46857 0.0161
2.46936 0.01613
2.46941 0.01613
2.4702 0.01616
2.47025 0.01616
2.47104 0.01619
2.47109 0.01619
2.47188 0.01622
2.47193 0.01622
2.47273 0.01625
2.47277 0.01625
2.47357 0.01628
2.47362 0.01628
2.47441 0.01631
2.47525 0.01634
2.47609 0.01637
2.47688 0.01639
2.47693 0.0164
2.47773 0.01642
2.47777 0.01643
2.47857 0.01645
2.47862 0.01646
2.47941 0.01648
2.47946 0.01649
2.48025 0.01651
2.48105 0.01654
2.4811 0.01654
2.48189 0.01657
2.48194 0.01658
2.48274 0.0166
2.48278 0.01661
2.48358 0.01663
2.48363 0.01664
2.48442 0.01666
2.48527 0.0167
2.48606 0.01672
2.48611 0.01673
2.48691 0.01675
2.48696 0.01676
2.48776 0.01679
2.48781 0.01679
2.4886 0.01682
2.48945 0.01685
2.49024 0.01688
2.49029 0.01688
2.49109 0.01691
2.49114 0.01691
2.49194 0.01694
2.49279 0.01697
2.49358 0.017
2.49363 0.017
2.49443 0.01703
2.49448 0.01703
2.49528 0.01706
2.49613 0.01709
2.49693 0.01712
2.49698 0.01712
2.49778 0.01715
2.49783 0.01716
2.49863 0.01719
2.49943 0.01721
2.49948 0.01722
2.50028 0.01725
2.50033 0.01725
2.50113 0.01728
2.50193 0.01731
2.50198 0.01731
2.50278 0.01734
2.50283 0.01734
2.50363 0.01737
2.50443 0.0174
2.50448 0.0174
2.50528 0.01743
2.50533 0.01744
2.50613 0.01747
2.50618 0.01747
2.50693 0.0175
2.50698 0.0175
2.50779 0.01753
2.50784 0.01753
2.50864 0.01756
2.50944 0.01759
2.50949 0.01759
2.5103 0.01762
2.51035 0.01762
2.51115 0.01766
2.51195 0.01769
2.512 0.01769
2.51281 0.01772
2.51286 0.01772
2.51366 0.01775
2.51447 0.01778
2.51452 0.01778
2.51532 0.01781
2.5195 0.01797
2.52031 0.01801
2.52036 0.01801
2.52116 0.01804
2.52197 0.01807
2.52202 0.01807
2.52283 0.0181
2.52364 0.01814
2.52369 0.01814
2.52449 0.01817
2.52454 0.01817
2.83091 0.03389
2.83097 0.03389
2.83176 0.03395
2.83182 0.03395
2.84431 0.03477
2.8451 0.03483
2.84516 0.03483
2.84596 0.03489
2.84601 0.03489
2.85931 0.03579
2.85936 0.03579
2.86268 0.03602
2.86349 0.03607
2.86354 0.03608
2.86434 0.03613
2.8644 0.03614
2.86515 0.03619
2.8652 0.03619
2.86601 0.03625
2.86606 0.03625
2.86681 0.0363
2.86687 0.03631
2.87433 0.03682
2.87439 0.03683
2.87519 0.03688
2.87525 0.03689
2.876 0.03694
2.87605 0.03694
2.87686 0.037
2.87692 0.037
2.87772 0.03706
2.87853 0.03712
2.87859 0.03712
2.87939 0.03718
2.8802 0.03724
2.88026 0.03724
2.88106 0.0373
2.88187 0.03735
2.88193 0.03736
2.88268 0.03741
2.88273 0.03741
2.88354 0.03747
2.8836 0.03748
2.88435 0.03753
2.88441 0.03753
2.88521 0.03759
2.88527 0.03759
2.88602 0.03765
2.88608 0.03765
2.88689 0.03771
2.88695 0.03771
2.8877 0.03777
2.88775 0.03777
2.89024 0.03795
2.89105 0.03801
2.89111 0.03801
2.89186 0.03806
2.89192 0.03807
2.89273 0.03813
2.89278 0.03813
2.89359 0.03819
2.8944 0.03825
2.89446 0.03825
2.89521 0.0383
2.89527 0.03831
2.89608 0.03837
2.89689 0.03843
2.89695 0.03843
2.89776 0.03849
2.89858 0.03855
2.89939 0.03861
2.89944 0.03861
2.90026 0.03867
2.90275 0.03885
2.90281 0.03886
2.90356 0.03891
2.90362 0.03891
2.90444 0.03897
2.90525 0.03903
2.90531 0.03904
2.90606 0.03909
2.90612 0.0391
2.90693 0.03916
2.90699 0.03916
2.90775 0.03922
2.90781 0.03922
2.90856 0.03928
2.90862 0.03928
2.90944 0.03934
2.91025 0.0394
2.91031 0.03941
2.91112 0.03946
2.91194 0.03953
2.91275 0.03959
2.91281 0.03959
2.91357 0.03965
2.91363 0.03965
2.91444 0.03971
2.9145 0.03971
2.91526 0.03977
2.91532 0.03978
2.91608 0.03983
2.91614 0.03984
2.91695 0.0399
2.91701 0.0399
2.91777 0.03996
2.91783 0.03996
2.91859 0.04002
2.91864 0.04002
2.91946 0.04008
2.92028 0.04015
2.92034 0.04015
2.9211 0.04021
2.92116 0.04021
2.92197 0.04027
2.92531 0.04052
2.92613 0.04058
2.92618 0.04059
2.92694 0.04065
2.927 0.04065
2.92782 0.04071
2.92864 0.04077
2.92946 0.04084
2.92952 0.04084
2.93028 0.0409
2.93034 0.0409
2.93116 0.04097
2.93198 0.04103
2.9328 0.04109
2.93286 0.0411
2.93363 0.04115
2.93368 0.04116
2.93445 0.04122
2.93451 0.04122
2.93533 0.04128
2.93615 0.04135
2.93621 0.04135
2.93697 0.04141
2.93703 0.04141
2.93779 0.04147
2.93785 0.04148
2.93862 0.04154
2.93868 0.04154
2.9395 0.0416
2.94032 0.04167
2.94038 0.04167
2.94115 0.04173
2.9412 0.04173
2.94197 0.04179
2.94203 0.0418
2.94285 0.04186
2.94368 0.04193
2.9445 0.04199
2.94456 0.04199
2.94532 0.04205
2.94538 0.04206
2.94615 0.04212
2.94621 0.04212
2.94697 0.04218
2.94703 0.04219
2.94786 0.04225
2.94868 0.04231
2.94874 0.04232
2.94951 0.04238
2.94957 0.04238
2.95034 0.04244
2.9504 0.04245
2.95116 0.04251
2.95122 0.04251
2.95199 0.04257
2.95205 0.04258
2.95282 0.04264
2.95287 0.04264
2.9537 0.04271
2.95453 0.04277
2.95536 0.04284
2.95542 0.04284
2.95618 0.0429
2.95624 0.04291
2.95701 0.04297
2.95707 0.04297
2.95784 0.04303
2.9579 0.04304
2.95867 0.0431
2.95873 0.0431
2.9595 0.04317
2.95956 0.04317
2.96038 0.04324
2.96121 0.0433
2.96204 0.04337
2.9621 0.04337
2.96287 0.04343
2.96293 0.04344
2.9637 0.0435
2.96376 0.0435
2.96453 0.04357
2.96459 0.04357
2.96536 0.04363
2.96542 0.04364
2.96619 0.0437
2.96625 0.0437
2.96702 0.04376
2.96708 0.04377
2.96785 0.04383
2.96791 0.04384
2.96874 0.0439
2.96952 0.04397
2.96958 0.04397
2.97035 0.04403
2.97041 0.04404
2.9729 0.04424
2.97374 0.04431
2.97457 0.04437
2.9754 0.04444
2.97623 0.04451
2.97707 0.04458
2.9779 0.04464
2.97796 0.04465
2.97874 0.04471
2.9788 0.04472
2.97957 0.04478
2.97963 0.04478
2.9804 0.04485
2.98046 0.04485
2.98124 0.04491
2.9813 0.04492
2.98207 0.04498
2.98213 0.04499
2.98291 0.04505
2.98297 0.04506
2.98374 0.04512
2.9838 0.04512
2.98458 0.04519
2.98464 0.04519
2.98542 0.04526
2.98548 0.04526
2.98625 0.04533
2.98631 0.04533
2.98709 0.0454
2.98792 0.04546
2.98798 0.04547
2.98876 0.04553
2.9896 0.0456
2.99044 0.04567
2.99127 0.04574
2.99211 0.04581
2.99295 0.04588
2.99373 0.04594
2.99379 0.04595
2.99457 0.04601
2.99462 0.04602
2.9954 0.04608
2.99546 0.04609
2.99624 0.04615
2.9963 0.04616
2.99708 0.04622
2.99714 0.04623
2.99792 0.04629
2.99798 0.0463
2.99876 0.04636
2.99882 0.04637
2.9996 0.04644
2.99966 0.04644
3.00044 0.04651
3.0005 0.04651
3.00128 0.04658
3.00134 0.04658
3.00212 0.04665
3.00296 0.04672
3.0038 0.04679
3.00464 0.04686
3.00542 0.04693
3.00549 0.04693
3.00627 0.047
3.00633 0.047
3.00711 0.04707
3.00717 0.04707
3.00795 0.04714
3.00801 0.04714
3.00879 0.04721
3.00885 0.04722
3.00964 0.04728
3.01048 0.04736
3.01132 0.04743
3.0121 0.04749
3.01216 0.0475
3.01295 0.04757
3.01301 0.04757
3.01379 0.04764
3.01385 0.04764
3.01464 0.04771
3.0147 0.04772
3.01548 0.04778
3.01632 0.04785
3.01717 0.04793
3.01795 0.04799
3.01801 0.048
3.0188 0.04807
3.01886 0.04807
3.01964 0.04814
3.0197 0.04815
3.02049 0.04821
3.02055 0.04822
3.02134 0.04829
3.02212 0.04835
3.02218 0.04836
3.02297 0.04843
3.02303 0.04843
3.02381 0.0485
3.02387 0.04851
3.02466 0.04857
3.02472 0.04858
3.02551 0.04865
3.02635 0.04872
3.02714 0.04879
3.0272 0.0488
3.02799 0.04886
3.02805 0.04887
3.02884 0.04894
3.02969 0.04901
3.03053 0.04909
3.03132 0.04916
3.03138 0.04916
3.03217 0.04923
3.03223 0.04924
3.03302 0.04931
3.03387 0.04938
3.03466 0.04945
3.03472 0.04945
3.03551 0.04952
3.03557 0.04953
3.03636 0.0496
3.03721 0.04967
3.038 0.04974
3.03806 0.04975
3.03885 0.04982
3.03891 0.04983
3.0397 0.0499
3.04055 0.04997
3.04134 0.05004
3.0414 0.05005
3.04219 0.05012
3.04225 0.05012
3.04305 0.05019
3.04384 0.05026
3.0439 0.05027
3.04469 0.05034
3.04475 0.05034
3.04554 0.05042
3.04639 0.05049
3.04719 0.05056
3.04725 0.05057
3.04804 0.05064
3.0481 0.05064
3.04889 0.05072
3.04969 0.05079
3.04975 0.05079
3.05054 0.05086
3.0506 0.05087
3.05139 0.05094
3.05219 0.05101
3.05225 0.05102
3.05304 0.05109
3.0531 0.05109
3.0539 0.05117
3.05469 0.05124
3.05475 0.05124
3.05555 0.05132
3.05561 0.05132
3.0564 0.05139
3.0572 0.05147
3.05726 0.05147
3.05805 0.05154
3.05812 0.05155
3.05891 0.05162
3.05971 0.05169
3.05977 0.0517
3.06056 0.05177
3.06062 0.05178
3.06142 0.05185
3.06222 0.05192
3.06228 0.05193
3.06307 0.052
3.06313 0.05201
3.06387 0.05207
3.06393 0.05208
3.06473 0.05215
3.06479 0.05216
3.06559 0.05223
3.06638 0.05231
3.06644 0.05231
3.06724 0.05238
3.0673 0.05239
3.0681 0.05246
3.0689 0.05254
3.06896 0.05254
3.06976 0.05262
3.07056 0.05269
3.07062 0.0527
3.07142 0.05277
3.07148 0.05278
3.07221 0.05284
3.07228 0.05285
3.07308 0.05292
3.07314 0.05293
3.07394 0.053
3.07473 0.05308
3.0748 0.05308
3.0756 0.05316
3.0764 0.05323
3.07646 0.05324
3.07726 0.05331
3.07732 0.05332
3.07812 0.05339
3.07892 0.05347
3.07898 0.05347
3.07978 0.05355
3.08058 0.05362
3.08064 0.05363
3.08145 0.05371
3.08225 0.05378
3.08231 0.05379
3.08311 0.05386
3.08317 0.05387
3.08391 0.05394
3.08397 0.05394
3.08477 0.05402
3.08484 0.05402
3.08564 0.0541
3.08644 0.05417
3.0865 0.05418
3.08724 0.05425
3.08731 0.05426
3.08811 0.05433
3.08817 0.05434
3.08897 0.05441
3.08978 0.05449
3.08984 0.0545
3.09064 0.05457
3.09145 0.05465
3.09151 0.05466
3.09231 0.05473
3.09311 0.05481
3.09318 0.05481
3.09398 0.05489
3.09479 0.05497
3.09485 0.05497
3.09565 0.05505
3.09646 0.05513
3.09652 0.05513
3.09732 0.05521
3.09813 0.05529
3.09819 0.05529
3.099 0.05537
3.0998 0.05545
3.09987 0.05545
3.10061 0.05553
3.10067 0.05553
3.10148 0.05561
3.10154 0.05562
3.10228 0.05569
3.10235 0.05569
3.10315 0.05577
3.10321 0.05578
3.10396 0.05585
3.10402 0.05586
3.10483 0.05593
3.10564 0.05601
3.1057 0.05602
3.10651 0.0561
3.10731 0.05617
3.10738 0.05618
3.10818 0.05626
3.10899 0.05634
3.10905 0.05634
3.1098 0.05642
3.10986 0.05642
3.11067 0.0565
3.11148 0.05658
3.11154 0.05659
3.11235 0.05666
3.11316 0.05674
3.11322 0.05675
3.11397 0.05682
3.11403 0.05683
3.11484 0.05691
3.1149 0.05691
3.11565 0.05699
3.11571 0.05699
3.11652 0.05707
3.11734 0.05715
3.1174 0.05716
3.11815 0.05723
3.11821 0.05724
3.11902 0.05732
3.11983 0.0574
3.11989 0.05741
3.1207 0.05749
3.12152 0.05757
3.12158 0.05757
3.12233 0.05765
3.12239 0.05765
3.1232 0.05773
3.12401 0.05781
3.12408 0.05782
3.12483 0.05789
3.12489 0.0579
3.1257 0.05798
3.12651 0.05806
3.12658 0.05807
3.12733 0.05814
3.12739 0.05815
3.1282 0.05823
3.12827 0.05824
3.12902 0.05831
3.12908 0.05832
3.12989 0.0584
3.13071 0.05848
3.13152 0.05856
3.13158 0.05857
3.13233 0.05864
3.1324 0.05865
3.13321 0.05873
3.13327 0.05874
3.13403 0.05881
3.13409 0.05882
3.1349 0.0589
3.13572 0.05898
3.13578 0.05899
3.13653 0.05907
3.1366 0.05907
3.13735 0.05915
3.13741 0.05915
3.13823 0.05924
3.13904 0.05932
3.13911 0.05933
3.13986 0.0594
3.13992 0.05941
3.14074 0.05949
3.14156 0.05957
3.14162 0.05958
3.14237 0.05966
3.14244 0.05966
3.14325 0.05975
3.14407 0.05983
3.14489 0.05991
3.14495 0.05992
3.14571 0.06
3.14577 0.06
3.14659 0.06009
3.14741 0.06017
3.14747 0.06018
3.14822 0.06025
3.14829 0.06026
3.14904 0.06034
3.14911 0.06034
3.14992 0.06043
3.15074 0.06051
3.15081 0.06052
3.15156 0.0606
3.15163 0.0606
3.15238 0.06068
3.15245 0.06069
3.15327 0.06077
3.15409 0.06086
3.15415 0.06086
3.15491 0.06094
3.15497 0.06095
3.15573 0.06103
3.15579 0.06103
3.15661 0.06112
3.15743 0.0612
3.15749 0.06121
3.15825 0.06129
3.15831 0.06129
3.15907 0.06137
3.15914 0.06138
3.15989 0.06146
3.15996 0.06146
3.16078 0.06155
3.1616 0.06163
3.16166 0.06164
3.16242 0.06172
3.16249 0.06173
3.16325 0.06181
3.16331 0.06181
3.16413 0.0619
3.16495 0.06198
3.16578 0.06207
3.1666 0.06216
3.16666 0.06216
3.16742 0.06224
3.16749 0.06225
3.16825 0.06233
3.16831 0.06234
3.16913 0.06242
3.16996 0.06251
3.17078 0.0626
3.17085 0.0626
3.17161 0.06268
3.17167 0.06269
3.17243 0.06277
3.1725 0.06278
3.17326 0.06286
3.17332 0.06286
3.17415 0.06295
3.17497 0.06304
3.1758 0.06313
3.17662 0.06321
3.17669 0.06322
3.17745 0.0633
3.17751 0.06331
3.17827 0.06339
3.17834 0.0634
3.1791 0.06348
3.17916 0.06348
3.17999 0.06357
3.18082 0.06366
3.18165 0.06375
3.18247 0.06384
3.18254 0.06384
3.1833 0.06392
3.18336 0.06393
3.18413 0.06401
3.18419 0.06402
3.18496 0.0641
3.18502 0.06411
3.18578 0.06419
3.18585 0.0642
3.18661 0.06428
3.18668 0.06429
3.1875 0.06437
3.18833 0.06446
3.18916 0.06455
3.18999 0.06464
3.19006 0.06465
3.19082 0.06473
3.19089 0.06474
3.19165 0.06482
3.19171 0.06483
3.19248 0.06491
3.19254 0.06492
3.19331 0.065
3.19337 0.06501
3.19414 0.06509
3.19421 0.0651
3.19497 0.06518
3.19504 0.06519
3.1958 0.06527
3.19587 0.06528
3.19663 0.06536
3.1967 0.06537
3.19753 0.06546
3.19836 0.06555
3.19919 0.06564
3.20002 0.06573
3.20086 0.06582
3.20169 0.06591
3.20335 0.0661
3.20342 0.0661
3.20419 0.06619
3.20425 0.06619
3.20502 0.06628
3.20508 0.06629
3.20585 0.06637
3.20592 0.06638
3.20752 0.06655
3.20758 0.06656
3.20835 0.06665
3.20842 0.06665
3.21253 0.06711
3.21259 0.06711
3.21336 0.0672
3.21343 0.06721
3.2142 0.06729
3.21426 0.0673
3.21504 0.06739
3.2151 0.06739
3.21587 0.06748
3.21594 0.06749
3.21671 0.06757
3.21677 0.06758
3.21754 0.06766
3.21761 0.06767
3.21838 0.06776
3.21844 0.06776
3.21922 0.06785
3.21928 0.06786
3.22005 0.06794
3.22089 0.06804
3.22173 0.06813
3.22669 0.06869
3.22676 0.0687
3.22753 0.06878
3.2276 0.06879
3.22837 0.06888
3.22844 0.06889
3.22915 0.06897
3.22921 0.06897
3.22928 0.06898
3.22999 0.06906
3.23005 0.06907
3.23257 0.06936
3.23264 0.06936
3.23335 0.06944
3.23341 0.06945
3.23348 0.06946
3.23419 0.06954
3.23425 0.06955
3.23503 0.06963
3.23509 0.06964
3.23587 0.06973
3.23594 0.06974
3.23665 0.06982
3.23671 0.06983
3.23678 0.06983
3.23749 0.06992
3.23755 0.06992
3.23762 0.06993
3.23833 0.07001
3.2384 0.07002
3.23846 0.07003
3.23917 0.07011
3.23924 0.07012
3.2393 0.07012
3.24002 0.0702
3.24008 0.07021
3.24015 0.07022
3.24086 0.0703
3.24092 0.07031
3.24099 0.07032
3.2417 0.0704
3.24248 0.07049
3.24254 0.07049
3.24332 0.07058
3.24339 0.07059
3.24417 0.07068
3.24423 0.07069
3.24501 0.07078
3.24507 0.07078
3.25086 0.07145
3.2517 0.07155
3.25248 0.07164
3.25255 0.07165
3.25333 0.07174
3.25339 0.07175
3.25417 0.07184
3.25424 0.07185
3.25502 0.07194
3.25508 0.07194
3.25587 0.07204
3.25665 0.07213
3.25671 0.07213
3.25749 0.07223
3.25756 0.07223
3.25834 0.07233
3.25841 0.07233
3.25919 0.07242
3.26004 0.07252
3.26082 0.07262
3.26088 0.07262
3.26415 0.07301
3.26421 0.07301
3.26499 0.07311
3.26506 0.07311
3.26584 0.07321
3.26591 0.07321
3.26669 0.07331
3.26748 0.0734
3.26754 0.07341
3.26833 0.0735
3.26839 0.07351
3.26918 0.0736
3.26924 0.07361
3.27003 0.0737
3.27081 0.07379
3.27088 0.0738
3.2733 0.07409
3.27336 0.0741
3.27415 0.07419
3.27421 0.0742
3.275 0.07429
3.27507 0.0743
3.27585 0.07439
3.27664 0.07449
3.2767 0.0745
3.27749 0.07459
3.27756 0.0746
3.27834 0.07469
3.2792 0.0748
3.27998 0.07489
3.28005 0.0749
3.28084 0.07499
3.2809 0.075
3.28169 0.07509
3.28248 0.07519
3.28254 0.0752
3.28333 0.07529
3.2834 0.0753
3.28418 0.07539
3.28497 0.07549
3.28504 0.0755
3.28583 0.07559
3.28589 0.0756
3.28668 0.0757
3.28747 0.07579
3.28753 0.0758
3.28832 0.07589
3.28839 0.0759
3.28918 0.076
3.28997 0.07609
3.29003 0.0761
3.29082 0.0762
3.29089 0.07621
3.29168 0.0763
3.29247 0.0764
3.29254 0.07641
3.29333 0.0765
3.29339 0.07651
3.29418 0.07661
3.29497 0.0767
3.29504 0.07671
3.29583 0.07681
3.29669 0.07691
3.29748 0.07701
3.29754 0.07702
3.30084 0.07742
3.30164 0.07752
3.3017 0.07753
3.30249 0.07762
3.30256 0.07763
3.30329 0.07772
3.30335 0.07773
3.30415 0.07783
3.30421 0.07784
3.30501 0.07793
3.3058 0.07803
3.30586 0.07804
3.30666 0.07814
3.30672 0.07815
3.30752 0.07824
3.30831 0.07834
3.30838 0.07835
3.30917 0.07845
3.30997 0.07855
3.31003 0.07856
3.31083 0.07865
3.31089 0.07866
3.31162 0.07875
3.31169 0.07876
3.31248 0.07886
3.31255 0.07887
3.3233 0.08021
3.32337 0.08022
3.32416 0.08032
3.32496 0.08042
3.32503 0.08043
3.32583 0.08053
3.32662 0.08063
3.32669 0.08064
3.32749 0.08074
3.32756 0.08075
3.32829 0.08084
3.32835 0.08085
3.32915 0.08095
3.32995 0.08105
3.33002 0.08106
3.33082 0.08116
3.33088 0.08117
3.33162 0.08127
3.33168 0.08127
3.33248 0.08137
3.33255 0.08138
3.33328 0.08148
3.33335 0.08149
3.33415 0.08159
3.33495 0.08169
3.33502 0.0817
3.33582 0.0818
3.33588 0.08181
3.33662 0.0819
3.33669 0.08191
3.33749 0.08201
3.33829 0.08212
3.33835 0.08212
3.33916 0.08223
3.33996 0.08233
3.34002 0.08234
3.34083 0.08244
3.34163 0.08254
3.34169 0.08255
3.3425 0.08266
3.3433 0.08276
3.34337 0.08277
3.34417 0.08287
3.34497 0.08297
3.34504 0.08298
3.34577 0.08308
3.34584 0.08309
3.34664 0.08319
3.34671 0.0832
3.34745 0.08329
3.34751 0.0833
3.34832 0.08341
3.34912 0.08351
3.34919 0.08352
3.34999 0.08362
3.3508 0.08373
3.35086 0.08374
3.35167 0.08384
3.35247 0.08394
3.35254 0.08395
3.35328 0.08405
3.35334 0.08406
3.35415 0.08416
3.35495 0.08427
3.35502 0.08428
3.35583 0.08438
3.35663 0.08449
3.3567 0.08449
3.35744 0.08459
3.3575 0.0846
3.35831 0.08471
3.35912 0.08481
3.35918 0.08482
3.35999 0.08492
3.3608 0.08503
3.36086 0.08504
3.3616 0.08514
3.36167 0.08515
3.36248 0.08525
3.36328 0.08536
3.36335 0.08537
3.36416 0.08547
3.36497 0.08558
3.36503 0.08559
3.36577 0.08568
3.36584 0.08569
3.36665 0.0858
3.36746 0.08591
3.36752 0.08591
3.36827 0.08601
3.36833 0.08602
3.36914 0.08613
3.36995 0.08624
3.37002 0.08625
3.37083 0.08635
3.37163 0.08646
3.3717 0.08647
3.37244 0.08657
3.37251 0.08658
3.37332 0.08668
3.37413 0.08679
3.3742 0.0868
3.37494 0.0869
3.37501 0.08691
3.37582 0.08701
3.37663 0.08712
3.3767 0.08713
3.37744 0.08723
3.37751 0.08724
3.37832 0.08735
3.37913 0.08746
3.3792 0.08747
3.37994 0.08756
3.38001 0.08757
3.38082 0.08768
3.38163 0.08779
3.38244 0.0879
3.38251 0.08791
3.38332 0.08802
3.38413 0.08813
3.38495 0.08824
3.38501 0.08824
3.38576 0.08835
3.38583 0.08835
3.38664 0.08846
3.38745 0.08857
3.38752 0.08858
3.38826 0.08868
3.38833 0.08869
3.38915 0.0888
3.38996 0.08891
3.39003 0.08892
3.39077 0.08902
3.39084 0.08903
3.39159 0.08913
3.39165 0.08914
3.39247 0.08925
3.39328 0.08936
3.39335 0.08937
3.3941 0.08947
3.39416 0.08948
3.39498 0.08959
3.39579 0.0897
3.39661 0.08981
3.39668 0.08982
3.39742 0.08992
3.39749 0.08993
3.39831 0.09004
3.39912 0.09015
3.39919 0.09016
3.39994 0.09027
3.40001 0.09028
3.40076 0.09038
3.40082 0.09039
3.40164 0.0905
3.40246 0.09061
3.40252 0.09062
3.40327 0.09072
3.40334 0.09073
3.40409 0.09083
3.40416 0.09084
3.40498 0.09096
3.40579 0.09107
3.40661 0.09118
3.40668 0.09119
3.40743 0.09129
3.4075 0.0913
3.40825 0.0914
3.40831 0.09141
3.40913 0.09153
3.40995 0.09164
3.41002 0.09165
3.41077 0.09175
3.41084 0.09176
3.41159 0.09187
3.41166 0.09188
3.41241 0.09198
3.41247 0.09199
3.41329 0.0921
3.41411 0.09221
3.41418 0.09222
3.41493 0.09233
3.415 0.09234
3.41575 0.09244
3.41582 0.09245
3.41664 0.09256
3.41746 0.09268
3.41828 0.09279
3.41835 0.0928
3.4191 0.09291
3.41917 0.09292
3.41992 0.09302
3.41999 0.09303
3.42074 0.09313
3.42081 0.09314
3.42163 0.09326
3.42245 0.09337
3.42327 0.09349
3.42334 0.0935
3.4241 0.0936
3.42417 0.09361
3.42492 0.09372
3.42499 0.09373
3.42574 0.09383
3.42581 0.09384
3.42663 0.09396
3.42745 0.09407
3.42828 0.09419
3.42834 0.0942
3.4291 0.0943
3.42917 0.09431
3.42992 0.09442
3.42999 0.09443
3.43075 0.09454
3.43081 0.09454
3.43157 0.09465
3.43164 0.09466
3.43246 0.09478
3.43329 0.09489
3.43411 0.09501
3.43493 0.09513
3.435 0.09514
3.43576 0.09524
3.43583 0.09525
3.43658 0.09536
3.43665 0.09537
3.43741 0.09548
3.43748 0.09549
3.4383 0.0956
3.43913 0.09572
3.43995 0.09584
3.44078 0.09595
3.44085 0.09596
3.4416 0.09607
3.44167 0.09608
3.44243 0.09619
3.4425 0.0962
3.44326 0.09631
3.44333 0.09632
3.44408 0.09642
3.44415 0.09643
3.44491 0.09654
3.44498 0.09655
3.44574 0.09666
3.44581 0.09667
3.44656 0.09678
3.44663 0.09679
3.44746 0.09691
3.44829 0.09703
3.44911 0.09714
3.44994 0.09726
3.45056 0.09735
3.45063 0.09736
3.45077 0.09738
3.45139 0.09747
3.45146 0.09748
3.4516 0.0975
3.45167 0.09751
3.45222 0.09759
3.45229 0.0976
3.45243 0.09762
3.4525 0.09763
3.45305 0.09771
3.45312 0.09772
3.45326 0.09774
3.45333 0.09775
3.45395 0.09784
3.45408 0.09786
3.45415 0.09787
3.45478 0.09796
3.45491 0.09798
3.45498 0.09799
3.45561 0.09808
3.45574 0.0981
3.45581 0.09811
3.45643 0.09819
3.4565 0.0982
3.45657 0.09822
3.45664 0.09823
3.45726 0.09831
3.45733 0.09832
3.4574 0.09833
3.45747 0.09834
3.45809 0.09843
3.45816 0.09844
3.45823 0.09845
3.4583 0.09846
3.45892 0.09855
3.45899 0.09856
3.45906 0.09857
3.45913 0.09858
3.45975 0.09867
3.45982 0.09868
3.45989 0.09869
3.45996 0.0987
3.46058 0.09879
3.46065 0.0988
3.46072 0.09881
3.46079 0.09883
3.46148 0.09893
3.46155 0.09894
3.46162 0.09895
3.46232 0.09905
3.46245 0.09907
3.46315 0.09917
3.46328 0.09919
3.46398 0.09929
3.46405 0.0993
3.46412 0.09931
3.46481 0.09941
3.46488 0.09942
3.46495 0.09943
3.46564 0.09953
3.46571 0.09954
3.46578 0.09955
3.46647 0.09965
3.46654 0.09966
3.46661 0.09967
3.4673 0.09977
3.46737 0.09978
3.46744 0.09979
3.46814 0.09989
3.46821 0.0999
3.46828 0.09991
3.46897 0.10001
3.46904 0.10002
3.46911 0.10003
3.4698 0.10014
3.46987 0.10015
3.46994 0.10016
3.4707 0.10027
3.47077 0.10028
3.47154 0.10039
3.47161 0.1004
3.47237 0.10051
3.47244 0.10052
3.4732 0.10063
3.47327 0.10064
3.47404 0.10076
3.47411 0.10077
3.47487 0.10088
3.47494 0.10089
3.47571 0.101
3.47578 0.10101
3.47654 0.10112
3.47661 0.10113
3.47737 0.10125
3.47744 0.10126
3.47821 0.10137
3.47828 0.10138
3.47904 0.10149
3.47911 0.1015
3.47988 0.10161
3.47995 0.10163
3.48071 0.10174
3.48078 0.10175
3.48155 0.10186
3.48162 0.10187
3.48239 0.10199
3.48246 0.102
3.48322 0.10211
3.48329 0.10212
3.48406 0.10223
3.48413 0.10224
3.48489 0.10236
3.48496 0.10237
3.48573 0.10248
3.4858 0.10249
3.48657 0.1026
3.48664 0.10261
3.4874 0.10273
3.48747 0.10274
3.48824 0.10285
3.48831 0.10286
3.48908 0.10298
3.48915 0.10299
3.48992 0.1031
3.48998 0.10311
3.49075 0.10323
3.49082 0.10324
3.49159 0.10335
3.49166 0.10336
3.49243 0.10348
3.4925 0.10349
3.49327 0.1036
3.49334 0.10361
3.49411 0.10373
3.49418 0.10374
3.49487 0.10384
3.49494 0.10385
3.49501 0.10386
3.49571 0.10397
3.49578 0.10398
3.49585 0.10399
3.49655 0.10409
3.49662 0.1041
3.49669 0.10411
3.49739 0.10422
3.49746 0.10423
3.49753 0.10424
3.49823 0.10434
3.4983 0.10435
3.49837 0.10436
3.49907 0.10447
3.49914 0.10448
3.49921 0.10449
3.49991 0.1046
3.49998 0.10461
3.50005 0.10462
3.50075 0.10472
3.50082 0.10473
3.50089 0.10474
3.50159 0.10485
3.50166 0.10486
3.50173 0.10487
3.50243 0.10497
3.5025 0.10499
3.50257 0.105
3.5032 0.10509
3.50327 0.1051
3.50334 0.10511
3.50341 0.10512
3.50404 0.10522
3.50411 0.10523
3.50418 0.10524
3.50425 0.10525
3.50488 0.10534
3.50495 0.10535
3.50502 0.10536
3.50509 0.10538
3.50573 0.10547
3.5058 0.10548
3.50587 0.10549
3.50594 0.1055
3.50657 0.1056
3.50664 0.10561
3.50671 0.10562
3.50678 0.10563
3.50741 0.10573
3.50748 0.10574
3.50755 0.10575
3.50762 0.10576
3.50825 0.10585
3.50839 0.10587
3.50846 0.10588
3.50909 0.10598
3.50923 0.106
3.5093 0.10601
3.50993 0.10611
3.51007 0.10613
3.51071 0.10623
3.51078 0.10624
3.51092 0.10626
3.51155 0.10635
3.51162 0.10636
3.51176 0.10638
3.51239 0.10648
3.51246 0.10649
3.5126 0.10651
3.51324 0.10661
3.51331 0.10662
3.51345 0.10664
3.51408 0.10674
3.51422 0.10676
3.51429 0.10677
3.51492 0.10686
3.51506 0.10689
3.51513 0.1069
3.51577 0.10699
3.51591 0.10702
3.51598 0.10703
3.51654 0.10711
3.51661 0.10712
3.51675 0.10714
3.51682 0.10715
3.51738 0.10724
3.51745 0.10725
3.51759 0.10727
3.51766 0.10728
3.51823 0.10737
3.5183 0.10738
3.51844 0.1074
3.51851 0.10741
3.51907 0.1075
3.51914 0.10751
3.51928 0.10753
3.51935 0.10754
3.51992 0.10763
3.52013 0.10766
3.52076 0.10776
3.52097 0.10779
3.52154 0.10788
3.52161 0.10789
3.52182 0.10792
3.52238 0.108
3.52245 0.10801
3.52266 0.10805
3.52323 0.10813
3.5233 0.10815
3.52344 0.10817
3.52351 0.10818
3.52407 0.10826
3.52414 0.10827
3.52428 0.1083
3.52435 0.10831
3.52492 0.10839
3.52513 0.10843
3.5252 0.10844
3.52569 0.10851
3.52576 0.10852
3.52598 0.10856
3.52605 0.10857
3.52654 0.10864
3.52661 0.10865
3.52682 0.10869
3.52689 0.1087
3.52739 0.10877
3.52746 0.10878
3.52767 0.10882
3.52823 0.1089
3.5283 0.10891
3.52852 0.10895
3.52908 0.10903
3.52936 0.10908
3.52993 0.10916
3.53014 0.1092
3.53021 0.10921
3.5307 0.10928
3.53077 0.10929
3.53099 0.10933
3.53106 0.10934
3.53155 0.10941
3.53162 0.10943
3.53183 0.10946
3.5319 0.10947
3.5324 0.10955
3.53247 0.10956
3.53268 0.10959
3.53275 0.1096
3.53325 0.10968
3.53353 0.10972
3.5336 0.10973
3.53402 0.1098
3.5341 0.10981
3.53438 0.10985
3.53487 0.10993
3.53494 0.10994
3.53523 0.10998
3.53572 0.11006
3.53579 0.11007
3.536 0.1101
3.53607 0.11011
3.53657 0.11019
3.53685 0.11023
3.53692 0.11025
3.53742 0.11032
3.5377 0.11037
3.53777 0.11038
3.5382 0.11044
3.53827 0.11046
3.53855 0.1105
3.53862 0.11051
3.53905 0.11058
3.53912 0.11059
3.5394 0.11063
3.53947 0.11064
3.5399 0.11071
3.53997 0.11072
3.54025 0.11076
3.54075 0.11084
3.54103 0.11088
3.5411 0.1109
3.54152 0.11096
3.5416 0.11097
3.54188 0.11102
3.54195 0.11103
3.54237 0.11109
3.54245 0.11111
3.54273 0.11115
3.5428 0.11116
3.54322 0.11123
3.5433 0.11124
3.54358 0.11128
3.54365 0.11129
3.54408 0.11136
3.54443 0.11141
3.54486 0.11148
3.54493 0.11149
3.54528 0.11155
3.54571 0.11161
3.54578 0.11163
3.54606 0.11167
3.54613 0.11168
3.54656 0.11175
3.54663 0.11176
3.54691 0.1118
3.54698 0.11181
3.54741 0.11188
3.54776 0.11194
3.54783 0.11195
3.54819 0.112
3.54826 0.11201
3.54861 0.11207
3.54904 0.11214
3.54911 0.11215
3.54947 0.1122
3.54989 0.11227
3.54996 0.11228
3.55025 0.11233
3.55032 0.11234
3.55074 0.1124
3.5511 0.11246
3.55117 0.11247
3.55153 0.11253
3.5516 0.11254
3.55195 0.11259
3.55202 0.1126
3.55238 0.11266
3.55245 0.11267
3.5528 0.11273
3.55323 0.11279
3.55366 0.11286
3.55401 0.11292
3.55408 0.11293
3.55444 0.11298
3.55451 0.113
3.55487 0.11305
3.55494 0.11306
3.55529 0.11312
3.55536 0.11313
3.55572 0.11319
3.55579 0.1132
3.55615 0.11325
3.55622 0.11326
3.55657 0.11332
3.557 0.11339
3.55735 0.11344
3.55743 0.11346
3.55785 0.11352
3.55821 0.11358
3.55828 0.11359
3.55864 0.11365
3.55871 0.11366
3.55906 0.11371
3.55949 0.11378
3.55956 0.11379
3.55992 0.11385
3.56034 0.11392
3.56042 0.11393
3.5607 0.11397
3.56077 0.11398
3.5612 0.11405
3.56155 0.11411
3.56163 0.11412
3.56198 0.11418
3.56205 0.11419
3.56241 0.11424
3.56284 0.11431
3.56291 0.11432
3.56319 0.11437
3.56326 0.11438
3.56369 0.11445
3.56376 0.11446
3.56405 0.1145
3.56412 0.11451
3.56455 0.11458
3.5649 0.11464
3.56533 0.11471
3.5654 0.11472
3.56569 0.11476
3.56576 0.11478
3.56619 0.11484
3.56626 0.11485
3.56654 0.1149
3.56662 0.11491
3.56704 0.11498
3.56712 0.11499
3.5674 0.11504
3.5679 0.11512
3.56819 0.11516
3.56826 0.11517
3.56876 0.11525
3.56904 0.1153
3.56911 0.11531
3.56954 0.11538
3.56961 0.11539
3.5699 0.11543
3.5704 0.11551
3.57047 0.11553
3.57068 0.11556
3.57076 0.11557
3.57126 0.11565
3.57154 0.1157
3.57161 0.11571
3.57204 0.11578
3.57211 0.11579
3.5724 0.11583
3.5729 0.11591
3.57297 0.11592
3.57318 0.11596
3.57326 0.11597
3.57376 0.11605
3.57404 0.1161
3.57411 0.11611
3.57461 0.11619
3.5749 0.11623
3.5754 0.11631
3.57547 0.11633
3.57569 0.11636
3.57576 0.11637
3.57626 0.11645
3.57633 0.11646
3.57654 0.1165
3.57662 0.11651
3.57712 0.11659
3.5774 0.11663
3.5779 0.11671
3.57798 0.11673
3.57819 0.11676
3.57826 0.11677
3.57876 0.11685
3.57883 0.11686
3.57905 0.1169
3.57962 0.11699
3.57969 0.117
3.57991 0.11704
3.58048 0.11713
3.5807 0.11716
3.58077 0.11718
3.58127 0.11726
3.58134 0.11727
3.58156 0.1173
3.58213 0.1174
3.5822 0.11741
3.58234 0.11743
3.58242 0.11744
3.58299 0.11753
3.5832 0.11757
3.58328 0.11758
3.58378 0.11766
3.58385 0.11767
3.58406 0.11771
3.58464 0.1178
3.58471 0.11781
3.58485 0.11783
3.58492 0.11785
3.5855 0.11794
3.58571 0.11797
3.58578 0.11798
3.58629 0.11807
3.58636 0.11808
3.5865 0.1181
3.58657 0.11811
3.58715 0.11821
3.58722 0.11822
3.58736 0.11824
3.58743 0.11825
3.58801 0.11834
3.58822 0.11838
3.5888 0.11847
3.58887 0.11848
3.58901 0.11851
3.58908 0.11852
3.58966 0.11861
3.58973 0.11862
3.58987 0.11865
3.58995 0.11866
3.59052 0.11875
3.59074 0.11879
3.59131 0.11888
3.59138 0.11889
3.59153 0.11892
3.5916 0.11893
3.59217 0.11902
3.59224 0.11903
3.59239 0.11905
3.59303 0.11916
3.59318 0.11918
3.59325 0.11919
3.5939 0.1193
3.59404 0.11932
3.59411 0.11933
3.59469 0.11943
3.59476 0.11944
3.59483 0.11945
3.5949 0.11946
3.59555 0.11957
3.59569 0.11959
3.59577 0.1196
3.59634 0.1197
3.59641 0.11971
3.59656 0.11973
3.5972 0.11984
3.59728 0.11985
3.59735 0.11986
3.59742 0.11987
3.59807 0.11998
3.59821 0.12
3.59886 0.12011
3.59893 0.12012
3.599 0.12013
3.59908 0.12014
3.59972 0.12025
3.5998 0.12026
3.59987 0.12027
3.59994 0.12029
3.60059 0.12039
3.60073 0.12041
3.60138 0.12052
3.60145 0.12053
3.60152 0.12054
3.6016 0.12056
3.60224 0.12066
3.60232 0.12067
3.60239 0.12069
3.60304 0.12079
3.60311 0.1208
3.60318 0.12082
3.60325 0.12083
3.6039 0.12093
3.60397 0.12094
3.60405 0.12096
3.60477 0.12108
3.60484 0.12109
3.60491 0.1211
3.60556 0.12121
3.60563 0.12122
3.6057 0.12123
3.60578 0.12124
3.60643 0.12135
3.6065 0.12136
3.60657 0.12137
3.60729 0.12149
3.60736 0.1215
3.60744 0.12151
3.60808 0.12162
3.60816 0.12163
3.60823 0.12164
3.60895 0.12176
3.60902 0.12177
3.6091 0.12179
3.60982 0.12191
3.60989 0.12192
3.61061 0.12204
3.61068 0.12205
3.61076 0.12206
3.61148 0.12218
3.61155 0.12219
3.61227 0.12231
3.61234 0.12232
3.61242 0.12233
3.61314 0.12245
3.61321 0.12246
3.61401 0.1226
3.61408 0.12261
3.6148 0.12273
3.61487 0.12274
3.61567 0.12287
3.61574 0.12288
3.61647 0.123
3.61654 0.12302
3.61661 0.12303
3.61733 0.12315
3.61741 0.12316
3.61813 0.12328
3.6182 0.12329
3.61827 0.1233
3.619 0.12342
3.61907 0.12343
3.61987 0.12357
3.61994 0.12358
3.62066 0.1237
3.62074 0.12371
3.62153 0.12384
3.6216 0.12385
3.62233 0.12398
3.6224 0.12399
3.6232 0.12412
3.62327 0.12413
3.624 0.12425
3.62407 0.12427
3.62487 0.1244
3.62494 0.12441
3.62566 0.12453
3.62574 0.12454
3.62653 0.12468
3.62661 0.12469
3.62733 0.12481
3.6274 0.12482
3.6282 0.12495
3.62827 0.12497
3.629 0.12509
3.62907 0.1251
3.62987 0.12523
3.62994 0.12524
3.63067 0.12537
3.63074 0.12538
3.63081 0.12539
3.63154 0.12551
3.63161 0.12552
3.63234 0.12565
3.63241 0.12566
3.63249 0.12567
3.63321 0.12579
3.63328 0.1258
3.63401 0.12593
3.63408 0.12594
3.63416 0.12595
3.63488 0.12607
3.63496 0.12609
3.63568 0.12621
3.63576 0.12622
3.63583 0.12623
3.63648 0.12634
3.63656 0.12635
3.63663 0.12637
3.63736 0.12649
3.63743 0.1265
3.6375 0.12651
3.63816 0.12662
3.63823 0.12664
3.6383 0.12665
3.63903 0.12677
3.6391 0.12678
3.63918 0.1268
3.63983 0.1269
3.6399 0.12692
3.63998 0.12693
3.6407 0.12705
3.64078 0.12706
3.64085 0.12708
3.64151 0.12719
3.64158 0.1272
3.64165 0.12721
3.64238 0.12733
3.64245 0.12735
3.64252 0.12736
3.64318 0.12747
3.64325 0.12748
3.64333 0.12749
3.64398 0.1276
3.64405 0.12762
3.64413 0.12763
3.6442 0.12764
3.64486 0.12775
3.64493 0.12777
3.645 0.12778
3.64566 0.12789
3.64573 0.1279
3.6458 0.12791
3.64588 0.12793
3.64653 0.12804
3.64668 0.12806
3.64734 0.12817
3.64741 0.12818
3.64748 0.1282
3.64755 0.12821
3.64821 0.12832
3.64836 0.12835
3.64901 0.12846
3.64909 0.12847
3.64916 0.12848
3.64923 0.12849
3.64982 0.12859
3.64989 0.12861
3.65004 0.12863
3.65069 0.12874
3.65084 0.12877
3.65091 0.12878
3.6515 0.12888
3.65157 0.12889
3.65172 0.12892
3.65237 0.12903
3.65252 0.12905
3.65259 0.12906
3.65318 0.12916
3.65325 0.12918
3.65332 0.12919
3.6534 0.1292
3.65398 0.1293
3.65405 0.12931
3.6542 0.12934
3.65427 0.12935
3.65486 0.12945
3.65493 0.12946
3.655 0.12947
3.65508 0.12949
3.65566 0.12959
3.65573 0.1296
3.65588 0.12962
3.65595 0.12964
3.65654 0.12974
3.65668 0.12976
3.65676 0.12977
3.65734 0.12987
3.65742 0.12989
3.65756 0.12991
3.65815 0.13001
3.65822 0.13002
3.65837 0.13005
3.65844 0.13006
3.65903 0.13016
3.65925 0.1302
3.65983 0.1303
3.6599 0.13031
3.66005 0.13034
3.66012 0.13035
3.66071 0.13045
3.66093 0.13049
3.66151 0.13059
3.66159 0.1306
3.66173 0.13062
3.66181 0.13064
3.66232 0.13072
3.66239 0.13074
3.66254 0.13076
3.66261 0.13077
3.6632 0.13087
3.66342 0.13091
3.66349 0.13092
3.66401 0.13101
3.66408 0.13103
3.66423 0.13105
3.6643 0.13106
3.66481 0.13115
3.66489 0.13116
3.6651 0.1312
3.66569 0.1313
3.66591 0.13134
3.66598 0.13135
3.6665 0.13144
3.66657 0.13145
3.66679 0.13149
3.6673 0.13158
3.66738 0.13159
3.6676 0.13163
3.66767 0.13164
3.66818 0.13173
3.66826 0.13174
3.66841 0.13177
3.66848 0.13178
3.66899 0.13187
3.66907 0.13188
3.66929 0.13192
3.66936 0.13193
3.6698 0.13201
3.66987 0.13202
3.67009 0.13206
3.67017 0.13207
3.67068 0.13216
3.67075 0.13217
3.67097 0.13221
3.67149 0.1323
3.67156 0.13231
3.67178 0.13235
3.67185 0.13236
3.67237 0.13245
3.67266 0.1325
3.67318 0.13259
3.67325 0.1326
3.67347 0.13264
3.67354 0.13265
3.67399 0.13273
3.67406 0.13274
3.67428 0.13278
3.67435 0.13279
3.67487 0.13288
3.67516 0.13293
3.67568 0.13302
3.67575 0.13303
3.67597 0.13307
3.67604 0.13308
3.67648 0.13316
3.67656 0.13317
3.67685 0.13322
3.67737 0.13331
3.67766 0.13336
3.67773 0.13338
3.67818 0.13345
3.67825 0.13347
3.67847 0.13351
3.67854 0.13352
3.67899 0.1336
3.67906 0.13361
3.67935 0.13366
3.67987 0.13375
3.68016 0.1338
3.68024 0.13381
3.68068 0.13389
3.68105 0.13395
3.68149 0.13403
3.68156 0.13404
3.68186 0.13409
3.68193 0.13411
3.68237 0.13418
3.68267 0.13423
3.68274 0.13425
3.68318 0.13432
3.68355 0.13439
3.68399 0.13446
3.68407 0.13448
3.68436 0.13453
3.68443 0.13454
3.6848 0.1346
3.68488 0.13462
3.68517 0.13467
3.68524 0.13468
3.68569 0.13476
3.68606 0.13482
3.6865 0.1349
3.68657 0.13491
3.68687 0.13496
3.68694 0.13498
3.68731 0.13504
3.68738 0.13505
3.68768 0.13511
3.68775 0.13512
3.68819 0.13519
3.68856 0.13526
3.68864 0.13527
3.68901 0.13534
3.68908 0.13535
3.68937 0.1354
3.68945 0.13541
3.68982 0.13548
3.68989 0.13549
3.69026 0.13556
3.69063 0.13562
3.6907 0.13563
3.69107 0.1357
3.69115 0.13571
3.69151 0.13577
3.69188 0.13584
3.69196 0.13585
3.69233 0.13592
3.6924 0.13593
3.69277 0.13599
3.69314 0.13606
3.69321 0.13607
3.69358 0.13614
3.69366 0.13615
3.69403 0.13621
3.6944 0.13628
3.69447 0.13629
3.69484 0.13636
3.69528 0.13643
3.69565 0.1365
3.69573 0.13651
3.69609 0.13657
3.69617 0.13659
3.69646 0.13664
3.69654 0.13665
3.69691 0.13672
3.69698 0.13673
3.69735 0.1368
3.6978 0.13687
3.69817 0.13694
3.69824 0.13695
3.69861 0.13702
3.69868 0.13703
3.69898 0.13708
3.69905 0.13709
3.69942 0.13716
3.6995 0.13717
3.69979 0.13722
3.69987 0.13724
3.70031 0.13732
3.70068 0.13738
3.70113 0.13746
3.7012 0.13747
3.7015 0.13752
3.70157 0.13754
3.70194 0.1376
3.70201 0.13761
3.70231 0.13767
3.70238 0.13768
3.70283 0.13776
3.70364 0.1379
3.70372 0.13792
3.70446 0.13805
3.70453 0.13806
3.70535 0.1382
3.70616 0.13835
3.70624 0.13836
3.70698 0.13849
3.70705 0.1385
3.70779 0.13863
3.70787 0.13865
3.70868 0.13879
3.7095 0.13894
3.70957 0.13895
3.71032 0.13908
3.71039 0.13909
3.71121 0.13924
3.71202 0.13938
3.7121 0.1394
3.71284 0.13953
3.71291 0.13954
3.71366 0.13967
3.71373 0.13968
3.71455 0.13983
3.71536 0.13997
3.71544 0.13999
3.71618 0.14012
3.71626 0.14013
3.71707 0.14028
3.71789 0.14042
3.71797 0.14044
3.71871 0.14057
3.71878 0.14058
3.71953 0.14071
3.7196 0.14073
3.72042 0.14087
3.72124 0.14102
3.72131 0.14103
3.72206 0.14117
3.72213 0.14118
3.72288 0.14131
3.72295 0.14132
3.72377 0.14147
3.72459 0.14162
3.72466 0.14163
3.72541 0.14176
3.72548 0.14178
3.72623 0.14191
3.7263 0.14192
3.72712 0.14207
3.72794 0.14222
3.72802 0.14223
3.72876 0.14236
3.72884 0.14238
3.72958 0.14251
3.72966 0.14252
3.73048 0.14267
3.7313 0.14282
3.73137 0.14283
3.73212 0.14296
3.7322 0.14298
3.73294 0.14311
3.73302 0.14313
3.73384 0.14327
3.73466 0.14342
3.73548 0.14357
3.73556 0.14358
3.7363 0.14371
3.73638 0.14373
3.73713 0.14386
3.7372 0.14388
3.73802 0.14402
3.73885 0.14417
3.73967 0.14432
3.73974 0.14433
3.74049 0.14447
3.74057 0.14448
3.74131 0.14462
3.74139 0.14463
3.74221 0.14478
3.74303 0.14493
3.74386 0.14508
3.74393 0.14509
3.74468 0.14523
3.74476 0.14524
3.74551 0.14538
3.74558 0.14539
3.74641 0.14554
3.74723 0.14569
3.74805 0.14584
3.74813 0.14585
3.74888 0.14599
3.74895 0.146
3.7497 0.14613
3.74978 0.14615
3.75053 0.14629
3.7506 0.1463
3.75143 0.14645
3.75225 0.1466
3.75308 0.14675
3.75315 0.14676
3.75391 0.1469
3.75398 0.14691
3.75473 0.14705
3.75481 0.14706
3.75556 0.1472
3.75563 0.14721
3.75646 0.14736
3.75729 0.14751
3.75811 0.14766
3.75819 0.14768
3.75894 0.14781
3.75901 0.14783
3.75977 0.14797
3.75984 0.14798
3.76059 0.14812
3.76067 0.14813
3.7615 0.14828
3.76232 0.14843
3.76315 0.14858
3.76398 0.14873
3.76405 0.14875
3.76481 0.14889
3.76488 0.1489
3.76564 0.14904
3.76571 0.14905
3.76646 0.14919
3.76654 0.1492
3.76729 0.14934
3.76737 0.14936
3.7682 0.14951
3.76903 0.14966
3.76986 0.14981
3.77068 0.14996
3.77151 0.15011
3.77159 0.15013
3.77234 0.15027
3.77242 0.15028
3.77317 0.15042
3.77325 0.15043
3.774 0.15057
3.77408 0.15059
3.77483 0.15072
3.77491 0.15074
3.77567 0.15088
3.77574 0.15089
3.77657 0.15105
3.7774 0.1512
3.77823 0.15135
3.77907 0.15151
3.7799 0.15166
3.77997 0.15167
3.78073 0.15181
3.7808 0.15182
3.78156 0.15197
3.78164 0.15198
3.78239 0.15212
3.78247 0.15213
3.78322 0.15227
3.7833 0.15229
3.78406 0.15243
3.78413 0.15244
3.78489 0.15258
3.78497 0.1526
3.7858 0.15275
3.78663 0.1529
3.78746 0.15306
3.7883 0.15321
3.78913 0.15337
3.78996 0.15352
3.7908 0.15368
3.79087 0.15369
3.79163 0.15383
3.79171 0.15385
3.79247 0.15399
3.79254 0.154
3.7933 0.15414
3.79338 0.15416
3.79414 0.1543
3.79421 0.15431
3.79497 0.15445
3.79505 0.15447
3.79581 0.15461
3.79588 0.15462
3.79664 0.15476
3.79672 0.15478
3.79748 0.15492
3.79755 0.15493
3.79831 0.15507
3.79839 0.15509
3.79915 0.15523
3.79922 0.15524
3.79998 0.15538
3.80006 0.1554
3.80082 0.15554
3.8009 0.15556
3.80166 0.1557
3.80173 0.15571
3.80249 0.15585
3.80257 0.15587
3.80333 0.15601
3.8034 0.15602
3.80417 0.15617
3.80424 0.15618
3.805 0.15632
3.80508 0.15634
3.80584 0.15648
3.80592 0.15649
3.80668 0.15664
3.80675 0.15665
3.80751 0.15679
3.80759 0.15681
3.80835 0.15695
3.80843 0.15696
3.80919 0.15711
3.80927 0.15712
3.81003 0.15726
3.8101 0.15728
3.81087 0.15742
3.81094 0.15743
3.8117 0.15758
3.81178 0.15759
3.81254 0.15774
3.81262 0.15775
3.81338 0.15789
3.81346 0.15791
3.81422 0.15805
3.8143 0.15807
3.81506 0.15821
3.81514 0.15822
3.8159 0.15837
3.81598 0.15838
3.81674 0.15852
3.81682 0.15854
3.81758 0.15868
3.81766 0.1587
3.81842 0.15884
3.8185 0.15886
3.81926 0.159
3.81934 0.15901
3.8201 0.15916
3.82018 0.15917
3.82094 0.15932
3.82102 0.15933
3.82178 0.15947
3.82186 0.15949
3.82262 0.15963
3.8227 0.15965
3.82346 0.15979
3.82354 0.15981
3.8243 0.15995
3.82438 0.15997
3.82515 0.16011
3.82522 0.16012
3.82599 0.16027
3.82606 0.16028
3.82683 0.16043
3.82691 0.16044
3.82767 0.16059
3.82775 0.1606
3.82851 0.16075
3.82859 0.16076
3.82936 0.16091
3.8302 0.16107
3.83104 0.16123
3.83188 0.16138
3.83273 0.16155
3.83349 0.16169
3.83357 0.16171
3.83434 0.16185
3.83441 0.16186
3.83518 0.16201
3.83526 0.16203
3.83602 0.16217
3.8361 0.16219
3.83687 0.16233
3.83695 0.16235
3.83771 0.16249
3.83779 0.16251
3.83856 0.16265
3.83863 0.16267
3.8394 0.16281
3.83948 0.16283
3.84025 0.16297
3.84109 0.16313
3.84194 0.1633
3.8427 0.16344
3.84278 0.16346
3.84355 0.1636
3.84363 0.16362
3.8444 0.16377
3.84447 0.16378
3.84524 0.16393
3.84532 0.16394
3.84609 0.16409
3.84616 0.1641
3.84693 0.16425
3.84701 0.16426
3.84778 0.16441
3.84786 0.16443
3.84863 0.16457
3.84947 0.16473
3.85024 0.16488
3.85032 0.1649
3.85109 0.16504
3.85117 0.16506
3.85194 0.16521
3.85202 0.16522
3.85279 0.16537
3.85286 0.16538
3.85363 0.16553
3.85371 0.16555
3.85448 0.16569
3.85456 0.16571
3.85533 0.16586
3.85618 0.16602
3.85703 0.16618
3.8578 0.16633
3.85787 0.16634
3.85865 0.16649
3.85872 0.16651
3.8595 0.16666
3.85957 0.16667
3.86034 0.16682
3.86042 0.16683
3.86119 0.16698
3.86204 0.16714
3.86282 0.16729
3.86289 0.16731
3.86367 0.16746
3.86374 0.16747
3.86452 0.16762
3.86459 0.16764
3.86537 0.16779
3.86544 0.1678
3.86622 0.16795
3.86629 0.16796
3.86707 0.16811
3.86792 0.16828
3.86869 0.16843
3.86877 0.16844
3.86954 0.16859
3.86962 0.1686
3.87039 0.16875
3.87047 0.16877
3.87125 0.16892
3.8721 0.16908
3.87287 0.16923
3.87295 0.16925
3.87372 0.1694
3.8738 0.16941
3.87458 0.16956
3.87465 0.16958
3.87543 0.16973
3.87551 0.16974
3.87628 0.16989
3.87713 0.17006
3.87791 0.17021
3.87799 0.17022
3.87876 0.17037
3.87884 0.17039
3.87962 0.17054
3.87969 0.17055
3.88047 0.1707
3.88132 0.17087
3.8821 0.17102
3.88218 0.17103
3.88295 0.17118
3.88303 0.1712
3.88381 0.17135
3.88389 0.17137
3.88466 0.17152
3.88552 0.17168
3.8863 0.17183
3.88637 0.17185
3.88715 0.172
3.88723 0.17202
3.88801 0.17217
3.88886 0.17233
3.88964 0.17248
3.88972 0.1725
3.89049 0.17265
3.89057 0.17266
3.89135 0.17282
3.89143 0.17283
3.89221 0.17298
3.89299 0.17314
3.89306 0.17315
3.89384 0.1733
3.89392 0.17332
3.8947 0.17347
3.89478 0.17348
3.89556 0.17364
3.89633 0.17379
3.89641 0.1738
3.89719 0.17396
3.89727 0.17397
3.89805 0.17412
3.89813 0.17414
3.89891 0.17429
3.89977 0.17446
3.90055 0.17461
3.90062 0.17462
3.9014 0.17478
3.90148 0.17479
3.90226 0.17495
3.90304 0.1751
3.90312 0.17511
3.9039 0.17527
3.90398 0.17528
3.90476 0.17543
3.90484 0.17545
3.90562 0.1756
3.9064 0.17576
3.90648 0.17577
3.90726 0.17592
3.90734 0.17594
3.90812 0.17609
3.9082 0.17611
3.9089 0.17625
3.90898 0.17626
3.90976 0.17641
3.90984 0.17643
3.91062 0.17658
3.9107 0.1766
3.91148 0.17675
3.91226 0.1769
3.91234 0.17692
3.91313 0.17708
3.9132 0.17709
3.91399 0.17724
3.91485 0.17741
3.91563 0.17757
3.91571 0.17758
3.91649 0.17774
3.91657 0.17775
3.91735 0.1779
3.91814 0.17806
3.91822 0.17808
3.919 0.17823
3.91908 0.17825
3.91986 0.1784
3.92065 0.17855
3.92072 0.17857
3.92151 0.17872
3.92159 0.17874
3.92237 0.17889
3.92316 0.17905
3.92323 0.17906
3.92402 0.17922
3.9241 0.17923
3.92488 0.17939
3.92496 0.1794
3.92567 0.17954
3.92575 0.17956
3.92653 0.17971
3.92661 0.17973
3.92739 0.17988
3.92826 0.18005
3.92904 0.18021
3.92912 0.18022
3.92991 0.18038
3.9307 0.18054
3.93077 0.18055
3.93156 0.18071
3.93164 0.18072
3.93243 0.18088
3.93321 0.18103
3.93329 0.18105
3.93408 0.18121
3.93416 0.18122
3.93494 0.18138
3.93573 0.18153
3.93581 0.18155
3.9366 0.1817
3.93667 0.18172
3.93746 0.18187
3.93825 0.18203
3.93833 0.18205
3.93912 0.1822
3.93919 0.18222
3.93998 0.18237
3.94077 0.18253
3.94085 0.18255
3.94164 0.1827
3.94172 0.18272
3.94243 0.18286
3.9425 0.18287
3.94329 0.18303
3.94337 0.18305
3.94416 0.1832
3.94495 0.18336
3.94503 0.18338
3.94582 0.18353
3.9459 0.18355
3.94669 0.18371
3.94748 0.18386
3.94755 0.18388
3.94834 0.18403
3.94913 0.18419
3.94921 0.18421
3.95 0.18436
3.95008 0.18438
3.95087 0.18454
3.95166 0.18469
3.95174 0.18471
3.95253 0.18487
3.95261 0.18488
3.95332 0.18502
3.9534 0.18504
3.95419 0.1852
3.95427 0.18521
3.95506 0.18537
3.95585 0.18553
3.95593 0.18554
3.95672 0.1857
3.95751 0.18586
3.95759 0.18587
3.95839 0.18603
3.95846 0.18605
3.95926 0.18621
3.96005 0.18637
3.96013 0.18638
3.96092 0.18654
3.96171 0.1867
3.96179 0.18671
3.96258 0.18687
3.96266 0.18689
3.96338 0.18703
3.96346 0.18705
3.96425 0.1872
3.96433 0.18722
3.96512 0.18738
3.96591 0.18754
3.96599 0.18755
3.96679 0.18771
3.96758 0.18787
3.96766 0.18788
3.96845 0.18804
3.96853 0.18806
3.96925 0.1882
3.96933 0.18822
3.97012 0.18838
3.9702 0.18839
3.97099 0.18855
3.97179 0.18871
3.97187 0.18873
3.97266 0.18889
3.97346 0.18905
3.97354 0.18906
3.97433 0.18922
3.97512 0.18938
3.9752 0.18939
3.976 0.18955
3.97679 0.18971
3.97687 0.18973
3.97767 0.18989
3.97775 0.18991
3.97847 0.19005
3.97854 0.19006
3.97934 0.19022
3.97942 0.19024
3.98014 0.19038
3.98022 0.1904
3.98101 0.19056
3.98109 0.19058
3.98189 0.19074
3.98268 0.19089
3.98276 0.19091
3.98356 0.19107
3.98436 0.19123
3.98444 0.19125
3.98523 0.19141
3.98603 0.19157
3.98611 0.19158
3.98691 0.19174
3.98771 0.19191
3.98779 0.19192
3.98858 0.19208
3.98938 0.19224
3.98946 0.19226
3.99026 0.19242
3.99106 0.19258
3.99114 0.19259
3.99194 0.19276
3.99273 0.19292
3.99281 0.19293
3.99361 0.19309
3.99441 0.19325
3.99449 0.19327
3.99529 0.19343
3.99609 0.19359
3.99617 0.19361
3.99697 0.19377
3.99777 0.19393
3.99785 0.19395
3.99865 0.19411
3.99945 0.19427
3.99953 0.19429
4.00033 0.19445
4.00113 0.19461
4.00121 0.19462
4.00193 0.19477
4.00201 0.19479
4.00281 0.19495
4.00289 0.19496
4.00361 0.19511
4.00369 0.19512
4.00449 0.19529
4.00457 0.1953
4.00529 0.19545
4.00537 0.19546
4.00617 0.19562
4.00697 0.19579
4.00705 0.1958
4.00785 0.19596
4.00866 0.19613
4.00874 0.19614
4.00954 0.19631
4.01034 0.19647
4.01042 0.19648
4.01114 0.19663
4.01122 0.19665
4.01202 0.19681
4.0121 0.19682
4.01283 0.19697
4.01291 0.19699
4.01371 0.19715
4.01451 0.19731
4.01459 0.19733
4.0154 0.19749
4.0162 0.19765
4.01628 0.19767
4.01708 0.19783
4.01789 0.19799
4.01797 0.19801
4.01869 0.19816
4.01877 0.19817
4.01957 0.19834
4.02038 0.1985
4.02046 0.19852
4.02126 0.19868
4.02207 0.19884
4.02215 0.19886
4.02287 0.199
4.02295 0.19902
4.02376 0.19918
4.02384 0.1992
4.02456 0.19935
4.02464 0.19936
4.02545 0.19953
4.02625 0.19969
4.02633 0.19971
4.02714 0.19987
4.02794 0.20003
4.02802 0.20005
4.02875 0.2002
4.02883 0.20021
4.02964 0.20038
4.03044 0.20054
4.03052 0.20056
4.03133 0.20072
4.03214 0.20088
4.03222 0.2009
4.03294 0.20105
4.03302 0.20106
4.03383 0.20123
4.03464 0.20139
4.03472 0.20141
4.03544 0.20155
4.03552 0.20157
4.03633 0.20174
4.03641 0.20175
4.03714 0.2019
4.03722 0.20192
4.03803 0.20208
4.03883 0.20224
4.03891 0.20226
4.03964 0.20241
4.03972 0.20242
4.04053 0.20259
4.04134 0.20275
4.04142 0.20277
4.04223 0.20293
4.04304 0.2031
4.04385 0.20326
4.04393 0.20328
4.04473 0.20344
4.04554 0.20361
4.04562 0.20362
4.04635 0.20377
4.04643 0.20379
4.04724 0.20395
4.04805 0.20412
4.04813 0.20414
4.04886 0.20428
4.04894 0.2043
4.04975 0.20447
4.05056 0.20463
4.05064 0.20465
4.05137 0.2048
4.05145 0.20481
4.05226 0.20498
4.05308 0.20514
4.05316 0.20516
4.05389 0.20531
4.05397 0.20533
4.05478 0.20549
4.05559 0.20566
4.05567 0.20567
4.0564 0.20582
4.05648 0.20584
4.05729 0.206
4.0581 0.20617
4.05819 0.20619
4.05892 0.20633
4.059 0.20635
4.05981 0.20652
4.06062 0.20668
4.0607 0.2067
4.06143 0.20685
4.06151 0.20686
4.06233 0.20703
4.06314 0.2072
4.06322 0.20721
4.06395 0.20736
4.06403 0.20738
4.06485 0.20754
4.06566 0.20771
4.06574 0.20773
4.06647 0.20787
4.06655 0.20789
4.06737 0.20806
4.06818 0.20822
4.06899 0.20839
4.06908 0.20841
4.06981 0.20856
4.06989 0.20857
4.0707 0.20874
4.07152 0.20891
4.0716 0.20892
4.07233 0.20907
4.07241 0.20909
4.07323 0.20926
4.07404 0.20942
4.07486 0.20959
4.07494 0.20961
4.07567 0.20975
4.07575 0.20977
4.07657 0.20994
4.07739 0.21011
4.07747 0.21012
4.0782 0.21027
4.07828 0.21029
4.0791 0.21046
4.07991 0.21062
4.08073 0.21079
4.08081 0.2108
4.08155 0.21096
4.08163 0.21097
4.08244 0.21114
4.08326 0.21131
4.08334 0.21132
4.08408 0.21147
4.08416 0.21149
4.08489 0.21164
4.08498 0.21166
4.08579 0.21182
4.08661 0.21199
4.08669 0.21201
4.08743 0.21216
4.08751 0.21218
4.08825 0.21233
4.08833 0.21234
4.08914 0.21251
4.08996 0.21268
4.09078 0.21284
4.09086 0.21286
4.0916 0.21301
4.09168 0.21303
4.0925 0.2132
4.09332 0.21336
4.09414 0.21353
4.09422 0.21355
4.09496 0.2137
4.09504 0.21372
4.09586 0.21388
4.09668 0.21405
4.0975 0.21422
4.09758 0.21424
4.09831 0.21439
4.0984 0.21441
4.09913 0.21455
4.09922 0.21457
4.10004 0.21474
4.10086 0.21491
4.10094 0.21493
4.10168 0.21508
4.10176 0.21509
4.1025 0.21525
4.10258 0.21526
4.10332 0.21541
4.1034 0.21543
4.10422 0.2156
4.10504 0.21577
4.10512 0.21578
4.10586 0.21593
4.10594 0.21595
4.10668 0.2161
4.10677 0.21612
4.10759 0.21629
4.10841 0.21646
4.10923 0.21662
4.10931 0.21664
4.11005 0.21679
4.11013 0.21681
4.11087 0.21696
4.11096 0.21698
4.11178 0.21715
4.1126 0.21732
4.11342 0.21748
4.11351 0.2175
4.11425 0.21765
4.11433 0.21767
4.11507 0.21782
4.11515 0.21784
4.11589 0.21799
4.11598 0.21801
4.1168 0.21818
4.11762 0.21835
4.1177 0.21836
4.11845 0.21852
4.11853 0.21853
4.11927 0.21868
4.11935 0.2187
4.12009 0.21885
4.12018 0.21887
4.12092 0.21902
4.121 0.21904
4.12182 0.21921
4.12265 0.21938
4.12347 0.21955
4.12356 0.21956
4.1243 0.21972
4.12438 0.21973
4.12512 0.21988
4.12521 0.2199
4.12595 0.22005
4.12603 0.22007
4.12686 0.22024
4.12768 0.22041
4.12851 0.22058
4.12859 0.2206
4.12933 0.22075
4.12942 0.22077
4.13016 0.22092
4.13024 0.22094
4.13098 0.22109
4.13107 0.22111
4.13181 0.22126
4.13189 0.22127
4.13272 0.22144
4.13355 0.22161
4.13437 0.22178
4.13446 0.2218
4.1352 0.22195
4.13528 0.22197
4.13603 0.22212
4.13611 0.22214
4.13685 0.22229
4.13694 0.22231
4.13768 0.22246
4.13776 0.22248
4.13859 0.22265
4.13942 0.22282
4.14025 0.22299
4.14108 0.22316
4.14116 0.22318
4.1419 0.22333
4.14199 0.22335
4.14273 0.2235
4.14282 0.22352
4.14356 0.22367
4.14364 0.22369
4.14439 0.22384
4.14447 0.22386
4.14522 0.22401
4.1453 0.22403
4.14613 0.2242
4.14696 0.22437
4.14779 0.22454
4.14862 0.22471
4.1487 0.22473
4.14945 0.22488
4.14953 0.2249
4.62287 0.32032
4.62296 0.32033
4.62305 0.32035
4.62314 0.32037
4.62323 0.32038
4.62333 0.3204
4.62342 0.32042
4.62351 0.32044
4.62388 0.32051
4.62397 0.32053
4.62407 0.32055
4.62416 0.32056
4.62425 0.32058
4.62434 0.3206
4.62444 0.32062
4.62453 0.32064
4.62462 0.32065
4.62471 0.32067
4.62481 0.32069
4.6249 0.32071
4.62499 0.32072
4.62508 0.32074
4.62518 0.32076
4.62527 0.32078
4.62675 0.32106
4.62684 0.32108
4.62694 0.3211
4.62703 0.32112
4.62712 0.32114
4.62721 0.32115
4.62731 0.32117
4.6274 0.32119
4.62749 0.32121
4.62758 0.32122
4.62768 0.32124
4.62777 0.32126
4.62786 0.32128
4.62795 0.3213
4.62805 0.32131
4.62814 0.32133
4.62823 0.32135
4.62832 0.32137
4.62842 0.32139
4.62851 0.3214
4.6286 0.32142
4.62869 0.32144
4.62879 0.32146
4.62888 0.32147
4.62897 0.32149
4.62906 0.32151
4.62916 0.32153
4.62925 0.32155
4.62934 0.32156
4.62943 0.32158
4.62953 0.3216
4.62962 0.32162
4.62971 0.32163
4.6298 0.32165
4.6299 0.32167
4.62999 0.32169
4.63008 0.32171
4.63017 0.32172
4.63027 0.32174
4.63036 0.32176
4.63045 0.32178
4.63055 0.3218
4.63064 0.32181
4.63073 0.32183
4.63082 0.32185
4.63092 0.32187
4.63101 0.32188
4.6311 0.3219
4.63119 0.32192
4.63129 0.32194
4.63138 0.32196
4.63147 0.32197
4.63156 0.32199
4.63166 0.32201
4.63175 0.32203
4.63184 0.32204
4.63193 0.32206
4.63203 0.32208
4.63212 0.3221
4.63221 0.32212
4.63231 0.32214
4.6324 0.32215
4.63249 0.32217
4.63258 0.32219
4.63268 0.32221
4.63277 0.32222
4.63286 0.32224
4.63295 0.32226
4.63305 0.32228
4.63314 0.3223
4.63323 0.32231
4.63388 0.32244
4.63397 0.32245
4.63407 0.32247
4.63416 0.32249
4.63425 0.32251
4.63434 0.32253
4.63444 0.32255
4.63453 0.32256
4.63462 0.32258
4.63471 0.3226
4.63481 0.32262
4.6349 0.32263
4.63499 0.32265
4.63509 0.32267
4.63518 0.32269
4.63527 0.3227
4.63536 0.32272
4.63546 0.32274
4.63555 0.32276
4.63564 0.32278
4.63573 0.32279
4.63583 0.32281
4.63592 0.32283
4.63601 0.32285
4.63611 0.32287
4.6362 0.32288
4.63629 0.3229
4.63638 0.32292
4.63648 0.32294
4.63657 0.32296
4.63666 0.32297
4.63675 0.32299
4.63685 0.32301
4.63694 0.32303
4.63703 0.32304
4.63759 0.32315
4.63768 0.32317
4.63777 0.32319
4.63787 0.32321
4.63796 0.32322
4.63805 0.32324
4.63815 0.32326
4.63824 0.32328
4.63833 0.32329
4.63842 0.32331
4.63852 0.32333
4.63861 0.32335
4.6387 0.32336
4.63879 0.32338
4.63889 0.3234
4.63898 0.32342
4.63907 0.32344
4.63917 0.32346
4.63926 0.32347
4.63935 0.32349
4.63944 0.32351
4.63954 0.32353
4.63963 0.32354
4.63972 0.32356
4.63982 0.32358
4.63991 0.3236
4.64 0.32361
4.64009 0.32363
4.64019 0.32365
4.64028 0.32367
4.64037 0.32369
4.64047 0.3237
4.64056 0.32372
4.64065 0.32374
4.64074 0.32376
4.64084 0.32378
4.64093 0.32379
4.64102 0.32381
4.64111 0.32383
4.64121 0.32385
4.64186 0.32397
4.64195 0.32399
4.64204 0.32401
4.64214 0.32403
4.64223 0.32404
4.64232 0.32406
4.64241 0.32408
4.64251 0.3241
4.6426 0.32411
4.64269 0.32413
4.64279 0.32415
4.64288 0.32417
4.64297 0.32419
4.64306 0.3242
4.64316 0.32422
4.64325 0.32424
4.64334 0.32426
4.64344 0.32428
4.64353 0.32429
4.64362 0.32431
4.64371 0.32433
4.64381 0.32435
4.6439 0.32436
4.64399 0.32438
4.64409 0.3244
4.64418 0.32442
4.64427 0.32443
4.64436 0.32445
4.64446 0.32447
4.64455 0.32449
4.64464 0.32451
4.64474 0.32452
4.64483 0.32454
4.64492 0.32456
4.64501 0.32458
4.64511 0.3246
4.6452 0.32461
4.64529 0.32463
4.64539 0.32465
4.64548 0.32467
4.64557 0.32468
4.64567 0.3247
4.64632 0.32483
4.64641 0.32485
4.6465 0.32486
4.64659 0.32488
4.64669 0.3249
4.64678 0.32492
4.64687 0.32493
4.64697 0.32495
4.64706 0.32497
4.64715 0.32499
4.64724 0.325
4.64734 0.32502
4.64743 0.32504
4.64752 0.32506
4.64762 0.32508
4.64771 0.32509
4.6478 0.32511
4.6479 0.32513
4.64799 0.32515
4.64808 0.32517
4.64817 0.32518
4.64827 0.3252
4.64836 0.32522
4.64845 0.32524
4.64855 0.32526
4.64864 0.32527
4.64873 0.32529
4.64883 0.32531
4.64892 0.32533
4.64901 0.32534
4.6491 0.32536
4.6492 0.32538
4.64929 0.3254
4.64938 0.32542
4.64948 0.32543
4.64985 0.32551
4.64994 0.32552
4.65003 0.32554
4.65013 0.32556
4.65022 0.32558
4.65031 0.32559
4.65041 0.32561
4.6505 0.32563
4.65059 0.32565
4.65069 0.32567
4.65078 0.32568
4.65087 0.3257
4.65096 0.32572
4.65106 0.32574
4.65115 0.32575
4.65124 0.32577
4.65134 0.32579
4.65143 0.32581
4.65152 0.32583
4.65162 0.32584
4.65171 0.32586
4.6518 0.32588
4.65189 0.3259
4.65199 0.32592
4.65208 0.32593
4.65217 0.32595
4.65227 0.32597
4.65236 0.32599
4.65245 0.326
4.65255 0.32602
4.65264 0.32604
4.65273 0.32606
4.65282 0.32607
4.65292 0.32609
4.65301 0.32611
4.6531 0.32613
4.6532 0.32615
4.65329 0.32616
4.65338 0.32618
4.65348 0.3262
4.65357 0.32622
4.65366 0.32624
4.65376 0.32625
4.65385 0.32627
4.65394 0.32629
4.65404 0.32631
4.65413 0.32633
4.65422 0.32634
4.65431 0.32636
4.65441 0.32638
4.6545 0.3264
4.65459 0.32641
4.65469 0.32643
4.65478 0.32645
4.65487 0.32647
4.65497 0.32649
4.65506 0.3265
4.65515 0.32652
4.65525 0.32654
4.65534 0.32656
4.65543 0.32657
4.65552 0.32659
4.65562 0.32661
4.65571 0.32663
4.6558 0.32664
4.6559 0.32666
4.65599 0.32668
4.65608 0.3267
4.65618 0.32672
4.65627 0.32673
4.65636 0.32675
4.65646 0.32677
4.65655 0.32679
4.65664 0.32681
4.65673 0.32682
4.65683 0.32684
4.65692 0.32686
4.65729 0.32693
4.65739 0.32695
4.65748 0.32697
4.65757 0.32698
4.65767 0.327
4.65795 0.32706
4.65804 0.32707
4.65813 0.32709
4.65823 0.32711
4.65832 0.32713
4.65841 0.32714
4.6585 0.32716
4.6586 0.32718
4.65869 0.3272
4.65878 0.32722
4.65888 0.32723
4.65897 0.32725
4.65906 0.32727
4.65916 0.32729
4.65925 0.3273
4.65934 0.32732
4.65944 0.32734
4.65953 0.32736
4.65962 0.32738
4.65972 0.32739
4.65981 0.32741
4.6599 0.32743
4.66 0.32745
4.66009 0.32747
4.66018 0.32748
4.66028 0.3275
4.66037 0.32752
4.66046 0.32754
4.66055 0.32755
4.66065 0.32757
4.66074 0.32759
4.66083 0.32761
4.66093 0.32763
4.66102 0.32764
4.66158 0.32775
4.66167 0.32777
4.66177 0.32779
4.66186 0.3278
4.66195 0.32782
4.66205 0.32784
4.66214 0.32786
4.66223 0.32787
4.66233 0.32789
4.66242 0.32791
4.66251 0.32793
4.66261 0.32795
4.6627 0.32796
4.66279 0.32798
4.66289 0.328
4.66298 0.32802
4.66307 0.32803
4.66317 0.32805
4.66326 0.32807
4.66335 0.32809
4.66345 0.32811
4.66354 0.32812
4.66363 0.32814
4.66373 0.32816
4.66382 0.32818
4.66391 0.3282
4.66401 0.32821
4.6641 0.32823
4.66419 0.32825
4.66429 0.32827
4.66438 0.32829
4.66447 0.3283
4.66457 0.32832
4.66466 0.32834
4.66475 0.32836
4.66484 0.32837
4.66494 0.32839
4.66503 0.32841
4.66512 0.32843
4.66522 0.32845
4.66531 0.32846
4.6654 0.32848
4.6655 0.3285
4.66559 0.32852
4.66568 0.32853
4.66578 0.32855
4.66587 0.32857
4.66596 0.32859
4.66606 0.32861
4.66615 0.32862
4.66624 0.32864
4.66634 0.32866
4.66643 0.32868
4.66652 0.32869
4.66662 0.32871
4.66671 0.32873
4.6668 0.32875
4.6669 0.32877
4.66699 0.32878
4.66708 0.3288
4.66718 0.32882
4.66727 0.32884
4.66736 0.32885
4.66746 0.32887
4.66755 0.32889
4.66764 0.32891
4.66774 0.32893
4.66783 0.32894
4.66792 0.32896
4.66802 0.32898
4.66811 0.329
4.6682 0.32901
4.6683 0.32903
4.66839 0.32905
4.66848 0.32907
4.66858 0.32909
4.66867 0.3291
4.66876 0.32912
4.66886 0.32914
4.66895 0.32916
4.66904 0.32917
4.66914 0.32919
4.66923 0.32921
4.66932 0.32923
4.66942 0.32925
4.66951 0.32926
4.66961 0.32928
4.6697 0.3293
4.66979 0.32932
4.66989 0.32934
4.66998 0.32935
4.67007 0.32937
4.67017 0.32939
4.67026 0.32941
4.67035 0.32942
4.67045 0.32944
4.67054 0.32946
4.67063 0.32948
4.67073 0.3295
4.67082 0.32951
4.67091 0.32953
4.67101 0.32955
4.6711 0.32957
4.67119 0.32958
4.67129 0.3296
4.67138 0.32962
4.67147 0.32964
4.67157 0.32966
4.67166 0.32967
4.67175 0.32969
4.67185 0.32971
4.67194 0.32973
4.67203 0.32974
4.67213 0.32976
4.67222 0.32978
4.67231 0.3298
4.67241 0.32982
4.6725 0.32983
4.67259 0.32985
4.67269 0.32987
4.67278 0.32989
4.67287 0.3299
4.67297 0.32992
4.67306 0.32994
4.67316 0.32996
4.67325 0.32998
4.67334 0.32999
4.67344 0.33001
4.67353 0.33003
4.67362 0.33005
4.67372 0.33007
4.67381 0.33008
4.6739 0.3301
4.674 0.33012
4.67409 0.33014
4.67418 0.33015
4.67493 0.3303
4.67502 0.33031
4.67512 0.33033
4.67521 0.33035
4.67531 0.33037
4.6754 0.33039
4.67549 0.3304
4.67559 0.33042
4.67568 0.33044
4.67577 0.33046
4.67587 0.33048
4.67596 0.33049
4.67605 0.33051
4.67615 0.33053
4.67624 0.33055
4.67633 0.33056
4.67643 0.33058
4.67652 0.3306
4.67661 0.33062
4.67671 0.33064
4.6768 0.33065
4.6769 0.33067
4.67699 0.33069
4.67736 0.33076
4.67746 0.33078
4.67755 0.3308
4.67764 0.33081
4.67774 0.33083
4.67783 0.33085
4.67792 0.33087
4.67802 0.33088
4.67811 0.3309
4.67821 0.33092
4.6783 0.33094
4.67839 0.33096
4.67849 0.33097
4.67858 0.33099
4.67867 0.33101
4.67877 0.33103
4.67886 0.33104
4.67952 0.33117
4.67961 0.33119
4.6797 0.3312
4.6798 0.33122
4.67989 0.33124
4.67998 0.33126
4.68008 0.33128
4.68017 0.33129
4.68026 0.33131
4.68036 0.33133
4.68045 0.33135
4.68054 0.33136
4.68064 0.33138
4.68073 0.3314
4.68083 0.33142
4.68092 0.33144
4.68101 0.33145
4.68111 0.33147
4.6812 0.33149
4.68129 0.33151
4.68204 0.33165
4.68214 0.33167
4.68223 0.33169
4.68232 0.3317
4.68242 0.33172
4.68251 0.33174
4.6826 0.33176
4.6827 0.33177
4.68279 0.33179
4.68307 0.33185
4.68317 0.33186
4.68326 0.33188
4.68335 0.3319
4.68345 0.33192
4.68354 0.33193
4.68363 0.33195
4.68373 0.33197
4.68382 0.33199
4.68392 0.33201
4.68401 0.33202
4.6841 0.33204
4.6842 0.33206
4.68429 0.33208
4.68438 0.33209
4.68448 0.33211
4.68457 0.33213
4.68467 0.33215
4.68476 0.33217
4.68485 0.33218
4.68495 0.3322
4.68504 0.33222
4.68513 0.33224
4.68523 0.33226
4.68532 0.33227
4.68542 0.33229
4.68551 0.33231
4.6856 0.33233
4.6857 0.33234
4.68579 0.33236
4.68588 0.33238
4.68598 0.3324
4.68607 0.33241
4.68616 0.33243
4.68626 0.33245
4.68635 0.33247
4.68645 0.33249
4.68654 0.3325
4.68663 0.33252
4.68673 0.33254
4.68682 0.33256
4.68691 0.33257
4.68701 0.33259
4.6871 0.33261
4.6872 0.33263
4.68729 0.33265
4.68738 0.33266
4.68748 0.33268
4.68757 0.3327
4.68766 0.33272
4.68776 0.33274
4.68785 0.33275
4.68795 0.33277
4.68804 0.33279
4.68813 0.33281
4.68823 0.33282
4.68832 0.33284
4.68841 0.33286
4.68851 0.33288
4.6886 0.3329
4.6887 0.33291
4.68879 0.33293
4.68888 0.33295
4.68898 0.33297
4.68907 0.33298
4.68916 0.333
4.68926 0.33302
4.68935 0.33304
4.68945 0.33306
4.68954 0.33307
4.68963 0.33309
4.68973 0.33311
4.68982 0.33313
4.68992 0.33315
4.69001 0.33316
4.6901 0.33318
4.6902 0.3332
4.69029 0.33322
4.69038 0.33323
4.69048 0.33325
4.69057 0.33327
4.69067 0.33329
4.69076 0.3333
4.69085 0.33332
4.69095 0.33334
4.69104 0.33336
4.69113 0.33337
4.69123 0.33339
4.69132 0.33341
4.6917 0.33348
4.69179 0.3335
4.69189 0.33352
4.69198 0.33354
4.69207 0.33355
4.69217 0.33357
4.69226 0.33359
4.69235 0.33361
4.69245 0.33363
4.69254 0.33364
4.69264 0.33366
4.69273 0.33368
4.69282 0.3337
4.69292 0.33371
4.69301 0.33373
4.69311 0.33375
4.6932 0.33377
4.69329 0.33378
4.69339 0.3338
4.69348 0.33382
4.69357 0.33384
4.69367 0.33386
4.69376 0.33387
4.69386 0.33389
4.69395 0.33391
4.69404 0.33393
4.69414 0.33395
4.69423 0.33396
4.69433 0.33398
4.69442 0.334
4.69451 0.33402
4.69461 0.33403
4.6947 0.33405
4.6948 0.33407
4.69489 0.33409
4.69498 0.3341
4.69508 0.33412
4.69517 0.33414
4.69526 0.33416
4.69536 0.33418
4.69545 0.33419
4.69555 0.33421
4.69564 0.33423
4.9283 0.3769
4.9284 0.37692
4.9285 0.37694
4.9286 0.37696
4.92869 0.37697
4.92879 0.37699
4.92889 0.37701
4.92899 0.37703
4.92909 0.37704
4.92919 0.37706
4.92929 0.37708
4.92938 0.3771
4.92948 0.37711
4.92958 0.37713
4.92968 0.37715
4.92978 0.37717
4.92988 0.37718
4.92998 0.3772
4.93007 0.37722
4.93017 0.37724
4.93027 0.37725
4.93037 0.37727
4.93047 0.37729
4.93057 0.37731
4.93067 0.37732
4.93076 0.37734
4.93086 0.37736
4.93096 0.37738
4.93106 0.37739
4.93116 0.37741
4.93126 0.37743
4.93136 0.37745
4.93145 0.37746
4.93155 0.37748
4.93165 0.3775
4.93175 0.37752
4.93185 0.37753
4.93195 0.37755
4.93205 0.37757
4.93215 0.37759
4.93224 0.3776
4.93234 0.37762
4.93244 0.37764
4.93254 0.37766
4.93264 0.37767
4.93274 0.37769
4.93284 0.37771
4.9356 0.3782
4.9357 0.37822
4.93589 0.37825
4.93599 0.37827
4.93609 0.37829
4.93619 0.3783
4.93629 0.37832
4.93639 0.37834
4.93649 0.37836
4.93659 0.37838
4.93668 0.37839
4.93678 0.37841
4.93688 0.37843
4.93698 0.37845
4.93708 0.37846
4.93718 0.37848
4.93728 0.3785
4.93738 0.37852
4.93747 0.37853
4.93757 0.37855
4.93767 0.37857
4.93777 0.37859
4.93787 0.3786
4.93797 0.37862
4.93807 0.37864
4.93817 0.37866
4.93826 0.37867
4.93836 0.37869
4.93846 0.37871
4.93856 0.37873
4.93866 0.37874
4.93876 0.37876
4.93886 0.37878
4.93896 0.3788
4.93905 0.37881
4.93915 0.37883
4.93925 0.37885
4.93935 0.37887
4.93945 0.37888
4.93955 0.3789
4.93965 0.37892
4.93975 0.37894
4.93985 0.37895
4.93994 0.37897
4.94004 0.37899
4.94014 0.37901
4.94024 0.37902
4.94034 0.37904
4.94044 0.37906
4.94054 0.37908
4.94064 0.37909
4.94073 0.37911
4.94083 0.37913
4.94093 0.37915
4.94103 0.37916
4.94113 0.37918
4.94123 0.3792
4.94133 0.37922
4.94143 0.37923
4.94152 0.37925
4.94162 0.37927
4.94172 0.37929
4.94182 0.3793
4.94192 0.37932
4.94202 0.37934
4.94212 0.37936
4.94222 0.37937
4.94232 0.37939
4.94241 0.37941
4.94251 0.37943
4.94429 0.37974
4.94439 0.37976
4.94449 0.37978
4.94459 0.37979
4.94469 0.37981
4.94479 0.37983
4.94489 0.37985
4.94499 0.37986
4.94508 0.37988
4.94518 0.3799
4.94528 0.37992
4.94538 0.37993
4.94548 0.37995
4.94558 0.37997
4.94568 0.37999
4.94578 0.38
4.94588 0.38002
4.94597 0.38004
4.94607 0.38006
4.94617 0.38007
4.94627 0.38009
4.94637 0.38011
4.94647 0.38013
4.94657 0.38014
4.94667 0.38016
4.94677 0.38018
4.94686 0.3802
4.94696 0.38021
4.94706 0.38023
4.94716 0.38025
4.94726 0.38027
4.94736 0.38028
4.94746 0.3803
4.94756 0.38032
4.94766 0.38034
4.94776 0.38035
4.94785 0.38037
4.94795 0.38039
4.94805 0.38041
4.94815 0.38042
4.94825 0.38044
4.94835 0.38046
4.94845 0.38048
4.94855 0.38049
4.94865 0.38051
4.94874 0.38053
4.94884 0.38055
4.94894 0.38056
4.94904 0.38058
4.94914 0.3806
4.94924 0.38062
4.94934 0.38063
4.94944 0.38065
4.94954 0.38067
4.94964 0.38069
4.94973 0.3807
4.94983 0.38072
4.94993 0.38074
4.95003 0.38076
4.95013 0.38077
4.95023 0.38079
4.95033 0.38081
4.95043 0.38083
4.95053 0.38084
4.95063 0.38086
4.95072 0.38088
4.95082 0.3809
4.95092 0.38091
4.95102 0.38093
4.95112 0.38095
4.95122 0.38097
4.95132 0.38098
4.95142 0.381
4.95152 0.38102
4.95162 0.38104
4.95171 0.38105
4.96123 0.38273
4.96133 0.38275
4.96143 0.38277
4.96153 0.38279
4.96163 0.3828
4.96173 0.38282
4.96183 0.38284
4.96193 0.38286
4.96203 0.38287
4.96212 0.38289
4.96222 0.38291
4.96232 0.38293
4.96242 0.38294
4.96252 0.38296
4.96262 0.38298
4.96272 0.383
4.96282 0.38301
4.96292 0.38303
4.96302 0.38305
4.96312 0.38307
4.96322 0.38308
4.96332 0.3831
4.96341 0.38312
4.96351 0.38314
4.96361 0.38315
4.96371 0.38317
4.96381 0.38319
4.96391 0.38321
4.96401 0.38322
4.96411 0.38324
4.96421 0.38326
4.96431 0.38328
4.96441 0.38329
4.96451 0.38331
4.96461 0.38333
4.96471 0.38335
4.9648 0.38336
4.9649 0.38338
4.965 0.3834
4.9651 0.38342
4.9652 0.38343
4.9653 0.38345
4.9654 0.38347
4.9655 0.38349
4.9656 0.3835
4.9657 0.38352
4.9658 0.38354
4.9659 0.38356
4.966 0.38357
4.9661 0.38359
4.96619 0.38361
4.96629 0.38363
4.96639 0.38364
4.96649 0.38366
4.96659 0.38368
4.96669 0.3837
4.96679 0.38371
4.96689 0.38373
4.96699 0.38375
4.96709 0.38377
4.96719 0.38378
4.96729 0.3838
4.96739 0.38382
4.96749 0.38384
4.96759 0.38385
4.96768 0.38387
4.96778 0.38389
4.96788 0.38391
4.96798 0.38392
4.96808 0.38394
4.96818 0.38396
4.96828 0.38398
4.96838 0.38399
4.96848 0.38401
4.96858 0.38403
4.96868 0.38405
4.96878 0.38406
4.96888 0.38408
4.96898 0.3841
4.96908 0.38412
4.96918 0.38413
4.96927 0.38415
4.96937 0.38417
4.96947 0.38419
4.96957 0.3842
4.96967 0.38422
4.96977 0.38424
4.96987 0.38426
4.96997 0.38427
4.97007 0.38429
4.97017 0.38431
4.97027 0.38433
4.97037 0.38434
4.97047 0.38436
4.97057 0.38438
4.97067 0.3844
4.97077 0.38441
4.97087 0.38443
4.97096 0.38445
4.97106 0.38447
4.97116 0.38448
4.97126 0.3845
4.97136 0.38452
4.97146 0.38454
4.97156 0.38455
4.97166 0.38457
4.97176 0.38459
4.97186 0.38461
4.97196 0.38462
4.97206 0.38464
4.97216 0.38466
4.97226 0.38468
4.97236 0.38469
4.97246 0.38471
4.97256 0.38473
4.97265 0.38475
4.97275 0.38476
4.97285 0.38478
4.97295 0.3848
4.97305 0.38482
4.97315 0.38483
4.97325 0.38485
4.97335 0.38487
4.97345 0.38489
4.97355 0.3849
4.97365 0.38492
4.97375 0.38494
4.97385 0.38496
4.97395 0.38497
4.97405 0.38499
4.97415 0.38501
4.97425 0.38503
4.97435 0.38504
4.97445 0.38506
4.97455 0.38508
4.97464 0.38509
4.97474 0.38511
4.97484 0.38513
4.97494 0.38515
4.97504 0.38517
4.97514 0.38518
4.97524 0.3852
4.97534 0.38522
4.97544 0.38524
4.97554 0.38525
4.97564 0.38527
4.97574 0.38529
4.97584 0.38531
4.97594 0.38532
4.97604 0.38534
4.97614 0.38536
4.97624 0.38538
4.97634 0.38539
4.97644 0.38541
4.97654 0.38543
4.97783 0.38566
4.97793 0.38567
4.97803 0.38569
4.97813 0.38571
4.97823 0.38573
4.97833 0.38574
4.97843 0.38576
4.97853 0.38578
4.97863 0.3858
4.97873 0.38581
4.97883 0.38583
4.97892 0.38585
4.97902 0.38586
4.97912 0.38588
4.97922 0.3859
4.97932 0.38592
4.97942 0.38593
4.97952 0.38595
4.97962 0.38597
4.97972 0.38599
4.97982 0.386
4.97992 0.38602
4.98002 0.38604
4.98012 0.38606
4.98022 0.38608
4.98191 0.38637
4.98201 0.38639
4.98211 0.38641
4.98221 0.38642
4.98231 0.38644
4.98241 0.38646
4.98251 0.38648
4.98261 0.38649
4.98271 0.38651
4.98281 0.38653
4.98291 0.38655
4.98301 0.38656
4.98311 0.38658
4.98321 0.3866
4.98331 0.38662
4.98341 0.38664
4.98351 0.38665
4.98361 0.38667
4.98371 0.38669
4.98381 0.38671
4.98391 0.38672
4.98401 0.38674
4.98411 0.38676
4.9842 0.38677
4.9843 0.38679
4.9844 0.38681
4.9845 0.38683
4.9846 0.38684
4.9847 0.38686
4.9848 0.38688
4.9849 0.3869
4.985 0.38691
4.9851 0.38693
4.9852 0.38695
4.9853 0.38697
4.9854 0.38698
4.9855 0.387
4.9856 0.38702
4.9857 0.38704
4.9858 0.38705
4.9859 0.38707
4.986 0.38709
4.9861 0.38711
4.9862 0.38712
4.9863 0.38714
4.9864 0.38716
4.9865 0.38718
4.9866 0.38719
4.9867 0.38721
4.9868 0.38723
4.9869 0.38725
4.987 0.38726
4.9871 0.38728
4.9872 0.3873
4.9873 0.38732
4.9874 0.38733
4.9875 0.38735
4.9876 0.38737
4.9877 0.38739
4.98779 0.3874
4.98789 0.38742
4.98799 0.38744
4.98809 0.38746
4.98819 0.38747
4.98829 0.38749
4.98839 0.38751
4.98849 0.38753
4.98859 0.38754
4.98869 0.38756
4.98879 0.38758
4.98889 0.3876
4.98899 0.38761
4.98909 0.38763
4.98919 0.38765
4.98929 0.38767
4.98939 0.38768
4.98949 0.3877
4.98959 0.38772
4.98969 0.38774
4.98979 0.38775
4.98989 0.38777
4.98999 0.38779
4.99009 0.38781
4.99019 0.38782
4.99029 0.38784
4.99039 0.38786
4.99049 0.38788
4.99059 0.38789
4.99069 0.38791
4.99079 0.38793
4.99089 0.38795
4.99099 0.38796
4.99109 0.38798
4.99119 0.388
4.99129 0.38802
4.99139 0.38803
4.99149 0.38805
4.99159 0.38807
4.99169 0.38809
4.99179 0.3881
4.99189 0.38812
4.99199 0.38814
4.99209 0.38816
4.99219 0.38817
4.99229 0.38819
4.99239 0.38821
4.99249 0.38823
4.99259 0.38824
4.99269 0.38826
4.99278 0.38828
4.99288 0.38829
4.99298 0.38831
4.99308 0.38833
4.99318 0.38835
4.99328 0.38836
4.99338 0.38838
4.99348 0.3884
4.99358 0.38842
4.99368 0.38843
4.99378 0.38845
4.99388 0.38847
4.99398 0.38849
4.99408 0.3885
4.99418 0.38852
4.99428 0.38854
4.99438 0.38856
4.99448 0.38857
4.99458 0.38859
4.99468 0.38861
4.99478 0.38863
4.99488 0.38864
4.99498 0.38866
4.99508 0.38868
4.99518 0.3887
4.99528 0.38871
4.99538 0.38873
4.99548 0.38875
4.99558 0.38877
4.99568 0.38878
4.99578 0.3888
4.99588 0.38882
4.99598 0.38884
4.99608 0.38885
4.99618 0.38887
4.99628 0.38889
4.99638 0.38891
4.99648 0.38892
4.99658 0.38894
4.99668 0.38896
4.99678 0.38898
4.99688 0.38899
4.99698 0.38901
4.99708 0.38903
4.99718 0.38905
4.99728 0.38906
4.99738 0.38908
4.99748 0.3891
4.99758 0.38912
4.99768 0.38913
4.99778 0.38915
4.99788 0.38917
4.99798 0.38919
4.99808 0.3892
4.99818 0.38922
4.99828 0.38924
4.99838 0.38926
4.99848 0.38927
4.99858 0.38929
4.99868 0.38931
4.99878 0.38933
4.99888 0.38934
4.99898 0.38936
4.99908 0.38938
4.99918 0.3894
4.99928 0.38941
4.99938 0.38943
4.99948 0.38945
4.99958 0.38947
4.99968 0.38948
4.99978 0.3895
4.99988 0.38952
4.99998 0.38954
5.00008 0.38955
5.00018 0.38957
5.00028 0.38959
5.00038 0.38961
5.00048 0.38962
5.00058 0.38964
5.00068 0.38966
5.00078 0.38968
5.00088 0.38969
5.00098 0.38971
5.00108 0.38973
5.00118 0.38975
5.00128 0.38976
5.00138 0.38978
5.00148 0.3898
5.00158 0.38982
5.00168 0.38983
5.00178 0.38985
5.00188 0.38987
5.00428 0.39029
5.00438 0.39031
5.00448 0.39032
5.00458 0.39034
5.00468 0.39036
5.00478 0.39038
5.00488 0.39039
5.00498 0.39041
5.00508 0.39043
5.00518 0.39045
5.00528 0.39046
5.00538 0.39048
5.00548 0.3905
5.00558 0.39051
5.00568 0.39053
5.00578 0.39055
5.00588 0.39057
5.00598 0.39058
5.00608 0.3906
5.00618 0.39062
5.26412 0.43477
5.29513 0.44002
5.32613 0.44529
5.35713 0.45056
5.38814 0.45586
5.41915 0.46119
5.45015 0.46655
5.48116 0.47196
5.51217 0.47742
5.54318 0.48294
5.57419 0.48851
5.60521 0.49414
5.63622 0.49983
5.66723 0.50557
5.69824 0.51137
5.72926 0.51724
5.76027 0.52315
5.79129 0.52913
5.8223 0.53516
5.85332 0.54125
5.88434 0.5474
5.91535 0.55361
5.94637 0.55987
5.97739 0.56619
6.00841 0.57257
6.03943 0.579
6.07045 0.58549
6.10147 0.59204
6.13249 0.59864
6.16351 0.6053
6.19453 0.61201
6.22556 0.61878
6.25658 0.62561
6.28761 0.63249
6.31863 0.63942
6.34966 0.64641
6.38069 0.65345
6.41172 0.66054
6.44274 0.66768
6.47377 0.67488
6.5048 0.68212
6.53583 0.68942
6.56686 0.69677
6.59789 0.70416
6.62892 0.7116
6.65996 0.71909
6.69099 0.72663
6.72202 0.73421
6.75306 0.74183
6.78409 0.7495
6.81513 0.75721
6.84617 0.76496
6.8772 0.77275
6.90824 0.78058
6.93928 0.78845
6.97032 0.79636
7.00136 0.8043
7.03239 0.81227
7.06344 0.82028
7.09448 0.82832
7.12552 0.83639
7.15656 0.84448
7.1876 0.8526
7.21865 0.86075
7.24969 0.86892
7.28074 0.87712
7.31179 0.88533
7.34283 0.89356
7.37388 0.90181
7.40493 0.91008
7.43598 0.91835
7.46703 0.92664
7.49808 0.93493
7.52913 0.94323
7.55568 0.95033
7.56018 0.95154
7.5881 0.959
7.6175 0.96687
7.67932 0.9834
7.74114 0.9999
7.80295 1.01635
7.86477 1.03275
7.92661 1.0491
7.98845 1.06538
8.05029 1.08159
8.11214 1.09772
8.174 1.11378
8.23586 1.12975
8.29772 1.14562
8.35959 1.16141
8.42147 1.17709
8.48334 1.19267
8.54522 1.20815
8.60711 1.22351
8.669 1.23876
8.73089 1.25389
8.79278 1.2689
8.85468 1.28379
8.91659 1.29855
8.9785 1.31318
9.04041 1.32768
9.10233 1.34205
9.16425 1.35628
9.22618 1.37038
9.28811 1.38434
9.35005 1.39817
9.41199 1.41185
9.47393 1.42539
9.53588 1.4388
9.59783 1.45206
9.65979 1.46518
9.72174 1.47816
9.78371 1.491
9.84568 1.5037
9.90765 1.51625
9.90913 1.51655
9.91675 1.51809
9.92439 1.51962
9.93202 1.52115
9.93967 1.52269
9.94731 1.52422
9.95497 1.52575
9.96263 1.52728
9.96963 1.52867
9.9703 1.52881
9.97797 1.53034
9.98565 1.53186
9.99333 1.53339
10.001 1.53491
10.0087 1.53643
10.0164 1.53796
10.0241 1.53948
10.0316 1.54096
10.0318 1.54099
10.0396 1.54253
10.0473 1.54405
10.055 1.54556
10.0628 1.54709
10.0705 1.54859
10.0782 1.5501
10.086 1.55162
10.0936 1.55311
10.0938 1.55314
10.1015 1.55464
10.1093 1.55616
10.1171 1.55768
10.1249 1.55919
10.1327 1.5607
10.1405 1.56221
10.1483 1.56371
10.1556 1.56512
10.1561 1.56522
10.1639 1.56672
10.1717 1.56822
10.1795 1.56972
10.1874 1.57123
10.1952 1.57272
10.2031 1.57423
10.2109 1.57572
10.2176 1.577
10.2188 1.57723
10.2266 1.57871
10.2345 1.58022
10.2424 1.58172
10.2503 1.58321
10.2581 1.58469
10.266 1.58618
10.2739 1.58767
10.2796 1.58875
10.2818 1.58916
10.2898 1.59067
10.2977 1.59215
10.3056 1.59364
10.3135 1.59512
10.3215 1.59661
10.3294 1.59809
10.3374 1.59958
10.3416 1.60037
10.3453 1.60106
10.3533 1.60255
10.3612 1.60401
10.3692 1.6055
10.3772 1.60698
10.3852 1.60846
10.3932 1.60994
10.4012 1.61142
10.4036 1.61186
10.4092 1.61289
10.4172 1.61436
10.4252 1.61583
10.4332 1.6173
10.4412 1.61876
10.4493 1.62025
10.4573 1.62171
10.4654 1.62319
10.4656 1.62322
10.4734 1.62464
10.4815 1.62612
10.4895 1.62757
10.4976 1.62904
10.5057 1.63051
10.5138 1.63197
10.5219 1.63344
10.5276 1.63447
10.53 1.6349
10.5381 1.63636
10.5462 1.63781
10.5543 1.63927
10.5624 1.64072
10.5705 1.64217
10.5787 1.64364
10.5868 1.64509
10.5896 1.64559
10.595 1.64655
10.6031 1.64799
10.6113 1.64945
10.6194 1.65089
10.6276 1.65235
10.6358 1.6538
10.644 1.65525
10.6516 1.65659
10.6522 1.6567
10.6604 1.65815
10.6686 1.65959
10.6768 1.66103
10.685 1.66247
10.6932 1.66391
10.7015 1.66537
10.7097 1.6668
10.7137 1.6675
10.7179 1.66823
10.7262 1.66968
10.7344 1.67111
10.7427 1.67256
10.751 1.674
10.7592 1.67542
10.7675 1.67686
10.7757 1.67828
10.7758 1.6783
10.7841 1.67973
10.7924 1.68117
10.8007 1.6826
10.809 1.68403
10.8173 1.68545
10.8257 1.6869
10.834 1.68832
10.8377 1.68895
10.8423 1.68974
10.8507 1.69118
10.859 1.69259
10.8674 1.69403
10.8757 1.69544
10.8841 1.69687
10.8925 1.6983
10.8998 1.69954
10.9009 1.69972
10.9092 1.70113
10.9176 1.70255
10.926 1.70397
10.9345 1.70541
10.9429 1.70682
10.9513 1.70824
10.9597 1.70965
10.9618 1.71
10.9681 1.71106
10.9766 1.71249
10.985 1.7139
10.9935 1.71532
11.0019 1.71672
11.0104 1.71814
11.0189 1.71956
11.0239 1.72039
11.0274 1.72097
11.0358 1.72237
11.0443 1.72378
11.0528 1.72519
11.0613 1.7266
11.0699 1.72803
11.0784 1.72943
11.0859 1.73067
11.0869 1.73083
11.0954 1.73224
11.104 1.73365
11.1125 1.73505
11.1211 1.73646
11.1296 1.73786
11.1382 1.73927
11.1468 1.74068
11.148 1.74087
11.1553 1.74207
11.1639 1.74347
11.1725 1.74488
11.1811 1.74628
11.1897 1.74768
11.1983 1.74908
11.2069 1.75048
11.21 1.75098
11.2156 1.75189
11.2242 1.75328
11.2328 1.75467
11.2415 1.75608
11.2501 1.75747
11.2588 1.75888
11.2675 1.76028
11.2721 1.76102
11.2761 1.76166
11.2848 1.76306
11.2935 1.76446
11.3022 1.76586
11.3109 1.76725
11.3196 1.76865
11.3283 1.77004
11.3342 1.77098
11.337 1.77143
11.3457 1.77282
11.3545 1.77423
11.3632 1.77561
11.3719 1.777
11.3807 1.7784
11.3895 1.7798
11.3962 1.78086
11.3982 1.78118
11.407 1.78258
11.4158 1.78397
11.4246 1.78536
11.4333 1.78674
11.4421 1.78813
11.4509 1.78952
11.4583 1.79069
11.4598 1.79093
11.4686 1.79231
11.4774 1.7937
11.4862 1.79508
11.4951 1.79648
11.5039 1.79787
11.5128 1.79926
11.5204 1.80046
11.5216 1.80064
11.5305 1.80204
11.5394 1.80343
11.5482 1.80481
11.5571 1.8062
11.566 1.80759
11.5749 1.80898
11.5825 1.81017
11.5838 1.81037
11.5927 1.81176
11.6017 1.81316
11.6106 1.81454
11.6195 1.81593
11.6285 1.81732
11.6374 1.81871
11.6446 1.81982
11.6464 1.8201
11.6553 1.82148
11.6643 1.82288
11.6733 1.82427
11.6823 1.82567
11.6912 1.82704
11.7002 1.82843
11.7066 1.82942
11.7093 1.82984
11.7183 1.83123
11.7273 1.83262
11.7363 1.834
11.7453 1.83539
11.7544 1.83679
11.7634 1.83818
11.7687 1.83899
11.7725 1.83958
11.7815 1.84096
11.7906 1.84236
11.7997 1.84376
11.8088 1.84516
11.8178 1.84654
11.8269 1.84793
11.8308 1.84853
11.836 1.84933
11.8451 1.85072
11.8543 1.85213
11.8634 1.85353
11.8725 1.85492
11.8816 1.85631
11.8908 1.85772
11.893 1.85805
11.8999 1.85911
11.9091 1.86052
11.9183 1.86192
11.9274 1.86331
11.9366 1.86472
11.9458 1.86612
11.955 1.86753
11.9551 1.86754
11.9642 1.86893
11.9734 1.87033
11.9826 1.87173
11.9918 1.87314
12.0011 1.87455
12.0103 1.87596
12.0172 1.87701
12.0195 1.87736
12.0288 1.87877
12.038 1.88018
12.0473 1.88159
12.0566 1.88301
12.0659 1.88442
12.0751 1.88582
12.0793 1.88646
12.0844 1.88724
12.0937 1.88865
12.103 1.89007
12.1124 1.8915
12.1217 1.89291
12.131 1.89432
12.1403 1.89574
12.1414 1.8959
12.1497 1.89716
12.159 1.89858
12.1684 1.9
12.1777 1.90142
12.1871 1.90284
12.1965 1.90427
12.2035 1.90533
12.2059 1.9057
12.2153 1.90712
12.2247 1.90855
12.2341 1.90997
12.2435 1.9114
12.2529 1.91282
12.2624 1.91426
12.2657 1.91476
12.2718 1.91569
12.2812 1.91711
12.2907 1.91855
12.3001 1.91997
12.3096 1.92141
12.3191 1.92285
12.3278 1.92416
12.3286 1.92428
12.338 1.92571
12.3475 1.92714
12.357 1.92858
12.3666 1.93003
12.3761 1.93147
12.3856 1.9329
12.3899 1.93355
12.3951 1.93434
12.4047 1.93579
12.4142 1.93722
12.4237 1.93866
12.4333 1.94011
12.4429 1.94155
12.4521 1.94294
12.4525 1.943
12.462 1.94444
12.4716 1.94588
12.4812 1.94733
12.4908 1.94878
12.5004 1.95022
12.5101 1.95169
12.5142 1.9523
12.5197 1.95313
12.5293 1.95458
12.539 1.95604
12.5486 1.95748
12.5583 1.95894
12.5679 1.96039
12.5764 1.96167
12.5776 1.96185
12.5873 1.96331
12.597 1.96477
12.6067 1.96622
12.6164 1.96768
12.6261 1.96914
12.6358 1.9706
12.6385 1.971
12.6455 1.97205
12.6552 1.97351
12.665 1.97498
12.6747 1.97644
12.6845 1.97791
12.6943 1.97938
12.7007 1.98034
12.704 1.98084
12.7138 1.9823
12.7236 1.98377
12.7334 1.98524
12.7432 1.98671
12.753 1.98818
12.7628 1.98965
12.7629 1.98966
12.7726 1.99112
12.7824 1.99258
12.7923 1.99407
12.8021 1.99553
12.812 1.99701
12.8218 1.99848
12.825 1.99896
12.8317 1.99996
12.8416 2.00144
12.8514 2.00291
12.8613 2.00439
12.8712 2.00587
12.8811 2.00734
12.8872 2.00826
12.8911 2.00884
12.901 2.01032
12.9109 2.01179
12.9208 2.01327
12.9308 2.01476
12.9407 2.01624
12.9494 2.01754
12.9507 2.01773
12.9607 2.01922
12.9706 2.0207
12.9806 2.02219
12.9906 2.02368
13.0006 2.02517
13.0106 2.02666
13.0115 2.02679
13.0206 2.02815
13.0306 2.02964
13.0407 2.03114
13.0507 2.03263
13.0607 2.03412
13.0708 2.03562
13.0737 2.03605
13.0808 2.03711
13.0909 2.03861
13.101 2.04011
13.1111 2.04161
13.1212 2.04311
13.1313 2.04461
13.1359 2.04529
13.1414 2.04611
13.1515 2.04761
13.1616 2.04911
13.1717 2.05061
13.1819 2.05212
13.192 2.05362
13.1981 2.05452
13.2022 2.05513
13.2123 2.05663
13.2225 2.05814
13.2326 2.05963
13.2428 2.06115
13.253 2.06266
13.2603 2.06374
13.2632 2.06417
13.2734 2.06568
13.2836 2.06719
13.2939 2.06871
13.3041 2.07022
13.3143 2.07173
13.3225 2.07294
13.3246 2.07325
13.3348 2.07476
13.3451 2.07628
13.3554 2.0778
13.3656 2.07931
13.3759 2.08083
13.3847 2.08213
13.3862 2.08235
13.3965 2.08387
13.4068 2.08539
13.4171 2.08691
13.4275 2.08844
13.4378 2.08996
13.4469 2.0913
13.4481 2.09148
13.4585 2.09301
13.4689 2.09454
13.4792 2.09606
13.4896 2.09759
13.5 2.09912
13.5091 2.10046
13.5104 2.10065
13.5208 2.10218
13.5312 2.10371
13.5416 2.10524
13.552 2.10677
13.5624 2.1083
13.5714 2.10962
13.5729 2.10985
13.5833 2.11137
13.5938 2.11292
13.6042 2.11444
13.6147 2.11598
13.6252 2.11753
13.6336 2.11876
13.6356 2.11905
13.6461 2.12059
13.6566 2.12213
13.6671 2.12367
13.6777 2.12523
13.6882 2.12676
13.6958 2.12788
13.6987 2.1283
13.7093 2.12986
13.7198 2.13139
13.7304 2.13295
13.7409 2.13448
13.7515 2.13603
13.758 2.13698
13.7621 2.13758
13.7727 2.13914
13.7833 2.14069
13.7939 2.14224
13.8045 2.14378
13.8151 2.14533
13.8203 2.14609
13.8258 2.1469
13.8364 2.14844
13.847 2.14999
13.8577 2.15155
13.8684 2.15311
13.879 2.15466
13.8825 2.15517
13.8897 2.15622
13.9004 2.15778
13.9111 2.15934
13.9218 2.1609
13.9325 2.16246
13.9432 2.16402
13.9447 2.16424
13.954 2.16559
13.9647 2.16715
13.9755 2.16872
13.9862 2.17028
13.997 2.17185
14.007 2.1733
14.0077 2.1734
14.0185 2.17498
14.0293 2.17654
14.0401 2.17811
14.0509 2.17968
14.0617 2.18125
14.0693 2.18236
14.0725 2.18282
14.0834 2.1844
14.0942 2.18597
14.1051 2.18755
14.1159 2.18912
14.1268 2.1907
14.1315 2.19138
14.1376 2.19226
14.1485 2.19384
14.1594 2.19542
14.1703 2.197
14.1812 2.19858
14.1921 2.20016
14.1938 2.2004
14.203 2.20174
14.214 2.20333
14.2249 2.2049
14.2359 2.2065
14.2468 2.20807
14.2578 2.20966
14.2688 2.21125
14.2797 2.21283
14.2907 2.21441
14.3017 2.216
14.3127 2.21759
14.3237 2.21918
14.3348 2.22078
14.3458 2.22237
14.3568 2.22395
14.3679 2.22555
14.3789 2.22714
14.39 2.22874
14.4011 2.23034
14.4122 2.23193
14.4232 2.23352
14.4343 2.23511
14.4454 2.23671
14.4566 2.23832
14.4677 2.23992
14.4788 2.24151
14.49 2.24312
14.5011 2.24472
14.5123 2.24633
14.5234 2.24792
14.5346 2.24953
14.5458 2.25114
14.557 2.25274
14.5682 2.25435
14.5794 2.25596
14.5906 2.25756
14.6019 2.25918
14.6131 2.26079
14.6243 2.26239
14.6356 2.26401
14.6469 2.26563
14.6581 2.26723
14.6694 2.26885
14.6807 2.27046
14.692 2.27208
14.7033 2.2737
14.7146 2.27531
14.7259 2.27693
14.7373 2.27855
14.7486 2.28017
14.76 2.28179
14.7713 2.28341
14.7827 2.28503
14.7941 2.28666
14.8054 2.28827
14.8168 2.2899
14.8282 2.29152
14.8397 2.29316
14.8511 2.29478
14.8625 2.29641
14.8739 2.29803
14.8854 2.29967
14.8968 2.30129
14.9083 2.30293
14.9198 2.30456
14.9312 2.30618
14.9427 2.30782
14.9542 2.30945
14.9657 2.31108
14.9773 2.31273
14.9888 2.31436
15.0003 2.31599
15.0119 2.31764
15.0234 2.31927
15.035 2.32092
15.0465 2.32255
15.0581 2.32419
15.0697 2.32583
15.0813 2.32748
15.0929 2.32912
15.1045 2.33076
15.1162 2.33242
15.1278 2.33406
15.1394 2.3357
15.1511 2.33735
15.1627 2.33899
15.1744 2.34065
15.1861 2.3423
15.1978 2.34395
15.2095 2.3456
15.2212 2.34725
15.2329 2.3489
15.2446 2.35056
15.2563 2.3522
15.2681 2.35387
15.2798 2.35552
15.2916 2.35718
15.3034 2.35884
15.3151 2.36049
15.3269 2.36215
15.3387 2.36381
15.3505 2.36547
15.3623 2.36713
15.3742 2.3688
15.386 2.37046
15.3978 2.37212
15.4097 2.37379
15.4215 2.37545
15.4334 2.37712
15.4453 2.37879
15.4572 2.38046
15.4691 2.38213
15.481 2.3838
15.4929 2.38547
15.5048 2.38713
15.5167 2.3888
15.5287 2.39048
15.5406 2.39215
15.5526 2.39383
15.5645 2.39549
15.5765 2.39717
15.5885 2.39885
15.6005 2.40053
15.6125 2.4022
15.6245 2.40388
15.6365 2.40556
15.6486 2.40725
15.6606 2.40892
15.6727 2.41061
15.6847 2.41228
15.6968 2.41397
15.7089 2.41566
15.721 2.41735
15.7331 2.41903
15.7452 2.42072
15.7573 2.4224
15.7694 2.42409
15.7815 2.42577
15.7937 2.42747
15.8058 2.42915
15.818 2.43085
15.8302 2.43254
15.8424 2.43424
15.8546 2.43593
15.8667 2.43761
15.879 2.43932
15.8912 2.44102
15.9034 2.44271
15.9157 2.44441
15.9279 2.44611
15.9402 2.44781
15.9524 2.4495
15.9647 2.45121
15.977 2.45291
15.9893 2.45461
16.0016 2.45631
16.0139 2.45802
16.0262 2.45972
16.0385 2.46142
16.0509 2.46313
16.0632 2.46483
16.0756 2.46655
16.088 2.46826
16.1003 2.46996
16.1127 2.47167
16.1251 2.47338
16.1376 2.4751
16.15 2.47681
16.1624 2.47852
16.1748 2.48023
16.1873 2.48195
16.1997 2.48366
16.2122 2.48538
16.2247 2.4871
16.2372 2.48882
16.2497 2.49054
16.2622 2.49226
16.2747 2.49398
16.2872 2.4957
16.2997 2.49741
16.3123 2.49914
16.3248 2.50086
16.3374 2.50259
16.35 2.50432
16.3626 2.50605
16.3751 2.50776
16.3877 2.50949
16.4004 2.51123
16.413 2.51295
16.4256 2.51468
16.4382 2.5164
16.4509 2.51814
16.4636 2.51988
16.4762 2.5216
16.4889 2.52334
16.5016 2.52507
16.5143 2.52681
16.527 2.52854
16.5397 2.53028
16.5524 2.53201
16.5652 2.53376
16.5779 2.53549
16.5907 2.53724
16.6035 2.53898
16.6162 2.54071
16.629 2.54246
16.6418 2.5442
16.6546 2.54594
16.6674 2.54768
16.6803 2.54944
16.6931 2.55118
16.7059 2.55292
16.7188 2.55468
16.7317 2.55643
16.7445 2.55817
16.7574 2.55992
16.7703 2.56167
16.7832 2.56342
16.7961 2.56517
16.8091 2.56693
16.822 2.56868
16.8349 2.57043
16.8479 2.57219
16.8609 2.57395
16.8738 2.5757
16.8868 2.57746
16.8998 2.57922
16.9128 2.58098
16.9258 2.58274
16.9389 2.58451
16.9519 2.58626
16.9649 2.58802
16.978 2.58979
16.9911 2.59156
17.0041 2.59331
17.0172 2.59508
17.0303 2.59685
17.0434 2.59861
17.0565 2.60038
17.0697 2.60216
17.0828 2.60392
17.0959 2.60569
17.1091 2.60746
17.1223 2.60924
17.1354 2.611
17.1486 2.61278
17.1618 2.61455
17.175 2.61632
17.1882 2.6181
17.2015 2.61988
17.2147 2.62166
17.228 2.62344
17.2412 2.62521
17.2545 2.627
17.2678 2.62878
17.281 2.63055
17.2943 2.63233
17.3076 2.63411
17.321 2.63591
17.3343 2.63769
17.3476 2.63947
17.361 2.64126
17.3743 2.64304
17.3877 2.64483
17.4011 2.64662
17.4145 2.64841
17.4279 2.6502
17.4413 2.65199
17.4547 2.65378
17.4682 2.65558
17.4816 2.65736
17.4951 2.65916
17.5085 2.66095
17.522 2.66275
17.5355 2.66455
17.549 2.66634
17.5625 2.66814
17.576 2.66994
17.5895 2.67173
17.603 2.67353
17.6166 2.67533
17.6301 2.67713
17.6437 2.67893
17.6573 2.68074
17.6709 2.68254
17.6845 2.68435
17.6981 2.68615
17.7117 2.68796
17.7253 2.68976
17.739 2.69157
17.7526 2.69338
17.7663 2.69519
17.78 2.697
17.7936 2.6988
17.8073 2.70062
17.821 2.70243
17.8347 2.70424
17.8485 2.70606
17.8622 2.70787
17.8759 2.70968
17.8897 2.7115
17.9035 2.71332
17.9172 2.71513
17.931 2.71695
17.9448 2.71877
17.9587 2.7206
17.9725 2.72242
17.9863 2.72424
18.0001 2.72605
18.014 2.72788
18.0278 2.7297
18.0417 2.73153
18.0556 2.73335
18.0695 2.73518
18.0834 2.73701
18.0973 2.73883
18.1112 2.74066
18.1252 2.74249
18.1391 2.74432
18.1531 2.74615
18.1671 2.74799
18.181 2.74981
18.195 2.75164
18.209 2.75348
18.223 2.75531
18.2371 2.75716
18.2511 2.75899
18.2652 2.76083
18.2792 2.76266
18.2933 2.7645
18.3074 2.76635
18.3214 2.76818
18.3355 2.77002
18.3496 2.77186
18.3638 2.77371
18.3779 2.77555
18.392 2.77739
18.4062 2.77924
18.4204 2.78109
18.4345 2.78292
18.4487 2.78477
18.4629 2.78662
18.4771 2.78847
18.4913 2.79031
18.5056 2.79217
18.5198 2.79402
18.5341 2.79588
18.5483 2.79772
18.5626 2.79958
18.5769 2.80143
18.5912 2.80329
18.6055 2.80514
18.6198 2.807
18.6341 2.80885
18.6485 2.81072
18.6628 2.81257
18.6772 2.81443
18.6916 2.81629
18.7059 2.81814
18.7203 2.82001
18.7347 2.82187
18.7492 2.82374
18.7636 2.8256
18.778 2.82746
18.7925 2.82933
18.8069 2.83119
18.8214 2.83306
18.8359 2.83493
18.8504 2.8368
18.8649 2.83867
18.8794 2.84054
18.8939 2.84241
18.9085 2.84429
18.923 2.84615
18.9376 2.84803
18.9522 2.84991
18.9667 2.85177
18.9813 2.85365
18.996 2.85553
19.0106 2.85741
19.0252 2.85928
19.0398 2.86116
19.0545 2.86304
19.0692 2.86493
19.0838 2.8668
19.0985 2.86868
19.1132 2.87056
19.1279 2.87245
19.1426 2.87433
19.1574 2.87622
19.1721 2.8781
19.1869 2.87999
19.2016 2.88187
19.2164 2.88376
19.2312 2.88565
19.246 2.88754
19.2608 2.88943
19.2756 2.89132
19.2904 2.89321
19.3053 2.89511
19.3202 2.89701
19.335 2.89889
19.3499 2.90079
19.3648 2.90269
19.3797 2.90458
19.3946 2.90648
19.4095 2.90837
19.4245 2.91028
19.4394 2.91217
19.4544 2.91408
19.4693 2.91597
19.4843 2.91787
19.4993 2.91978
19.5143 2.92168
19.5293 2.92358
19.5326 2.924
19.5444 2.9255
19.5489 2.92607
19.5652 2.92813
19.5815 2.9302
19.5978 2.93226
19.6142 2.93434
19.6305 2.9364
19.6469 2.93847
19.6633 2.94054
19.6797 2.94262
19.6961 2.94469
19.7125 2.94676
19.7289 2.94883
19.7454 2.95091
19.7618 2.95298
19.7783 2.95506
19.7948 2.95714
19.8113 2.95921
19.8278 2.96129
19.8444 2.96338
19.8609 2.96546
19.8775 2.96754
19.894 2.96962
19.9106 2.9717
19.9272 2.97379
19.9438 2.97587
19.9604 2.97795
19.9771 2.98005
19.9937 2.98213
20.0104 2.98422
20.0271 2.98632
20.0438 2.98841
20.0605 2.9905
20.0772 2.99259
20.094 2.99469
20.1107 2.99678
20.1275 2.99888
20.1443 3.00098
20.1611 3.00308
20.1779 3.00517
20.1947 3.00727
20.2115 3.00937
20.2284 3.01147
20.2452 3.01357
20.2621 3.01567
20.279 3.01778
20.2959 3.01988
20.3128 3.02199
20.3298 3.0241
20.3467 3.0262
20.3637 3.02832
20.3806 3.03042
20.3976 3.03253
20.4146 3.03464
20.4317 3.03676
20.4487 3.03887
20.4657 3.04098
20.4828 3.0431
20.4999 3.04522
20.517 3.04734
20.5341 3.04945
20.5512 3.05157
20.5683 3.05368
20.5855 3.05581
20.6026 3.05793
20.6198 3.06005
20.637 3.06218
20.6542 3.0643
20.6714 3.06642
20.6887 3.06856
20.7059 3.07068
20.7232 3.07281
20.7404 3.07493
20.7577 3.07706
20.775 3.07919
20.7924 3.08133
20.8097 3.08346
20.827 3.08559
20.8444 3.08773
20.8618 3.08986
20.8792 3.092
20.8966 3.09414
20.914 3.09627
20.9314 3.09841
20.9489 3.10055
20.9664 3.1027
20.9838 3.10483
21.0013 3.10697
21.0188 3.10912
21.0364 3.11127
21.0539 3.11341
21.0714 3.11555
21.089 3.1177
21.1066 3.11985
21.1242 3.122
21.1418 3.12415
21.1594 3.1263
21.1771 3.12846
21.1947 3.13061
21.2124 3.13276
21.2301 3.13492
21.2478 3.13708
21.2655 3.13923
21.2832 3.14138
21.301 3.14355
21.3187 3.1457
21.3365 3.14787
21.3543 3.15003
21.3721 3.15219
21.3899 3.15435
21.4077 3.15651
21.4256 3.15868
21.4435 3.16085
21.4613 3.16301
21.4792 3.16518
21.4971 3.16735
21.515 3.16951
21.533 3.17169
21.5509 3.17386
21.5689 3.17603
21.5869 3.17821
21.6049 3.18039
21.6229 3.18256
21.6409 3.18473
21.659 3.18692
21.677 3.18909
21.6951 3.19127
21.7132 3.19345
21.7313 3.19563
21.7494 3.19781
21.7675 3.19999
21.7857 3.20218
21.8038 3.20436
21.822 3.20655
21.8402 3.20874
21.8584 3.21092
21.8766 3.21311
21.8949 3.2153
21.9131 3.21749
21.9314 3.21968
21.9497 3.22188
21.968 3.22407
21.9863 3.22626
22.0046 3.22846
22.023 3.23066
22.0413 3.23285
22.0597 3.23505
22.0781 3.23725
22.0965 3.23945
22.1149 3.24165
22.1334 3.24386
22.1518 3.24605
22.1703 3.24826
22.1888 3.25047
22.2073 3.25267
22.2258 3.25488
22.2443 3.25708
22.2628 3.25929
22.2814 3.2615
22.3 3.26371
22.3186 3.26593
22.3372 3.26814
22.3558 3.27035
22.3744 3.27256
22.3931 3.27478
22.4118 3.277
22.4304 3.27921
22.4491 3.28143
22.4679 3.28366
22.4866 3.28587
22.5053 3.28809
22.5241 3.29031
22.5429 3.29254
22.5617 3.29476
22.5805 3.29699
22.5993 3.29921
22.6181 3.30143
22.637 3.30367
22.6559 3.3059
22.6748 3.30813
22.6937 3.31036
22.7126 3.31259
22.7315 3.31482
22.7505 3.31706
22.7694 3.31929
22.7884 3.32152
22.8074 3.32376
22.8264 3.326
22.8455 3.32824
22.8645 3.33048
22.8836 3.33272
22.9027 3.33497
22.9217 3.3372
22.9408 3.33944
22.96 3.3417
22.9791 3.34394
22.9983 3.34619
23.0175 3.34844
23.0366 3.35068
23.0558 3.35293
23.0751 3.35519
23.0943 3.35743
23.1136 3.35969
23.1328 3.36194
23.1521 3.36419
23.1714 3.36645
23.1907 3.3687
23.2101 3.37097
23.2294 3.37322
23.2488 3.37549
23.2682 3.37775
23.2875 3.38
23.307 3.38227
23.3264 3.38453
23.3458 3.38679
23.3653 3.38906
23.3848 3.39133
23.4043 3.3936
23.4238 3.39586
23.4433 3.39813
23.4629 3.40041
23.4824 3.40267
23.502 3.40495
23.5216 3.40722
23.5412 3.4095
23.5608 3.41177
23.5805 3.41405
23.6001 3.41633
23.6198 3.41861
23.6395 3.42089
23.6592 3.42317
23.6789 3.42545
23.6987 3.42774
23.7184 3.43002
23.7382 3.4323
23.758 3.43459
23.7778 3.43688
23.7976 3.43916
23.8175 3.44146
23.8373 3.44374
23.8572 3.44604
23.8771 3.44833
23.897 3.45062
23.9169 3.45292
23.9368 3.45521
23.9568 3.45751
23.9768 3.45981
23.9968 3.46211
24.0168 3.46441
24.0368 3.46671
24.0568 3.46901
24.0769 3.47131
24.097 3.47362
24.1171 3.47593
24.1372 3.47823
24.1573 3.48054
24.1774 3.48284
24.1976 3.48516
24.2178 3.48747
24.2379 3.48977
24.2581 3.49208
24.2784 3.4944
24.2986 3.49671
24.3189 3.49904
24.3391 3.50134
24.3594 3.50366
24.3797 3.50598
24.4001 3.50831
24.4204 3.51063
24.4408 3.51295
24.4611 3.51527
24.4815 3.51759
24.5019 3.51992
24.5224 3.52225
24.5428 3.52458
24.5633 3.52691
24.5837 3.52923
24.6042 3.53156
24.6248 3.5339
24.6453 3.53623
24.6658 3.53856
24.6864 3.5409
24.707 3.54324
24.7276 3.54558
24.7482 3.54792
24.7688 3.55025
24.7895 3.5526
24.8101 3.55494
24.8308 3.55728
24.8515 3.55963
24.8722 3.56197
24.893 3.56432
24.9137 3.56667
24.9345 3.56902
24.9553 3.57137
24.9761 3.57372
24.9969 3.57607
25.0177 3.57842
25.0386 3.58078
25.0595 3.58314
25.0804 3.5855
25.1013 3.58785
25.1222 3.59021
25.1432 3.59258
25.1641 3.59493
25.1851 3.5973
25.2061 3.59966
25.2271 3.60203
25.2481 3.60439
25.2692 3.60676
25.2903 3.60913
25.3113 3.61149
25.3324 3.61387
25.3536 3.61625
25.3747 3.61862
25.3958 3.62098
25.417 3.62336
25.4382 3.62574
25.4594 3.62812
25.4806 3.6305
25.5019 3.63288
25.5231 3.63526
25.5444 3.63764
25.5657 3.64003
25.587 3.64241
25.6084 3.64481
25.6297 3.64719
25.6511 3.64958
25.6725 3.65197
25.6939 3.65437
25.7153 3.65676
25.7367 3.65915
25.7582 3.66155
25.7797 3.66395
25.8011 3.66633
25.8227 3.66874
25.8442 3.67114
25.8657 3.67353
25.8873 3.67594
25.9089 3.67835
25.9305 3.68075
25.9521 3.68316
25.9737 3.68556
25.9954 3.68797
26.0171 3.69039
26.0387 3.69279
26.0605 3.69521
26.0822 3.69762
26.1039 3.70003
26.1257 3.70245
26.1475 3.70487
26.1693 3.70729
26.1911 3.70971
26.2129 3.71212
26.2348 3.71455
26.2567 3.71698
26.2785 3.71939
26.3004 3.72181
26.3224 3.72425
26.3443 3.72667
26.3663 3.7291
26.3883 3.73154
26.4103 3.73397
26.4323 3.7364
26.4543 3.73883
26.4764 3.74127
26.4984 3.7437
26.5205 3.74614
26.5426 3.74857
26.5648 3.75102
26.5869 3.75346
26.6091 3.7559
26.6313 3.75835
26.6535 3.76079
26.6757 3.76323
26.6979 3.76568
26.7202 3.76813
26.7425 3.77058
26.7647 3.77302
26.7871 3.77548
26.8094 3.77793
26.8318 3.78039
26.8541 3.78284
26.8765 3.78529
26.8989 3.78775
26.9213 3.7902
26.9438 3.79267
26.9662 3.79512
26.9887 3.79759
27.0112 3.80005
27.0337 3.80251
27.0563 3.80499
27.0788 3.80745
27.1014 3.80992
27.124 3.81238
27.1466 3.81485
27.1693 3.81733
27.1919 3.8198
27.2146 3.82227
27.2373 3.82475
27.26 3.82722
27.2827 3.8297
27.3054 3.83217
27.3282 3.83465
27.351 3.83714
27.3738 3.83962
27.3966 3.8421
27.4195 3.84459
27.4423 3.84706
27.4652 3.84955
27.4881 3.85204
27.511 3.85452
27.5339 3.85701
27.5569 3.8595
27.5799 3.862
27.6028 3.86448
27.6259 3.86698
27.6489 3.86947
27.6719 3.87197
27.695 3.87446
27.7181 3.87696
27.7412 3.87946
27.7643 3.88196
27.7875 3.88447
27.8106 3.88696
27.8338 3.88947
27.857 3.89197
27.8803 3.89448
27.9035 3.89698
27.9268 3.8995
27.9501 3.90201
27.9734 3.90452
27.9967 3.90702
28.02 3.90953
28.0434 3.91205
28.0667 3.91455
28.0902 3.91708
28.1136 3.9196
28.137 3.92211
28.1605 3.92463
28.1839 3.92714
28.2074 3.92966
28.231 3.93219
28.2545 3.93471
28.278 3.93723
28.3016 3.93976
28.3252 3.94228
28.3488 3.94481
28.3725 3.94734
28.3961 3.94987
28.4198 3.9524
28.4435 3.95493
28.4672 3.95746
28.4909 3.95999
28.5147 3.96253
28.5385 3.96507
28.5623 3.9676
28.5861 3.97014
28.6099 3.97267
28.6337 3.97521
28.6576 3.97775
28.6815 3.98029
28.7054 3.98283
28.7293 3.98537
28.7533 3.98792
28.7773 3.99047
28.8013 3.99302
28.8253 3.99556
28.8493 3.99811
28.8734 4.00066
28.8974 4.00321
28.9215 4.00576
28.9456 4.00831
28.9698 4.01087
28.9939 4.01342
29.0181 4.01598
29.0423 4.01853
29.0665 4.02109
29.0907 4.02364
29.115 4.02621
29.1392 4.02876
29.1635 4.03132
29.1879 4.03389
29.2122 4.03645
29.2365 4.03901
29.2609 4.04158
29.2853 4.04414
29.3097 4.04671
29.3342 4.04928
29.3586 4.05185
29.3831 4.05442
29.4076 4.05699
29.4321 4.05956
29.4566 4.06213
29.4812 4.0647
29.5058 4.06728
29.5304 4.06986
29.555 4.07243
29.5796 4.075
29.6043 4.07759
29.629 4.08017
29.6537 4.08275
29.6784 4.08532
29.7031 4.0879
29.7279 4.09049
29.7527 4.09307
29.7775 4.09566
29.8023 4.09824
29.8272 4.10083
29.852 4.10341
29.8769 4.106
29.9018 4.10859
29.9267 4.11117
29.9517 4.11377
29.9767 4.11636
30.0016 4.11894
30.0267 4.12155
30.0517 4.12414
30.0767 4.12673
30.1018 4.12932
30.1269 4.13192
30.152 4.13452
30.1772 4.13712
30.2023 4.13971
30.2275 4.14232
30.2527 4.14492
30.2779 4.14752
30.3032 4.15012
30.3284 4.15272
30.3537 4.15533
30.379 4.15793
30.4044 4.16054
30.4297 4.16314
30.4551 4.16575
30.4805 4.16836
30.5059 4.17097
30.5313 4.17358
30.5568 4.17619
30.5822 4.1788
30.6077 4.18141
30.6332 4.18402
30.6588 4.18664
30.6843 4.18925
30.7099 4.19186
30.7355 4.19448
30.7612 4.1971
30.7868 4.19971
30.8125 4.20234
30.8382 4.20496
30.8639 4.20757
30.8896 4.21019
30.9153 4.21281
30.9411 4.21543
30.9669 4.21805
30.9927 4.22067
31.0186 4.2233
31.0444 4.22592
31.0703 4.22855
31.0962 4.23118
31.1221 4.2338
31.1481 4.23643
31.174 4.23905
31.2 4.24168
31.226 4.24431
31.2521 4.24695
31.2781 4.24957
31.3042 4.25221
31.3303 4.25484
31.3564 4.25747
31.3826 4.26011
31.4087 4.26274
31.4349 4.26537
31.4611 4.26801
31.4874 4.27065
31.5136 4.27328
31.5399 4.27592
31.5662 4.27856
31.5925 4.2812
31.6188 4.28383
31.6452 4.28648
31.6716 4.28912
31.698 4.29176
31.7244 4.2944
31.7508 4.29704
31.7773 4.29968
31.8038 4.30232
31.8303 4.30497
31.8568 4.30761
31.8834 4.31026
31.91 4.3129
31.9366 4.31555
31.9632 4.31819
31.9899 4.32085
32.0165 4.32349
32.0432 4.32614
32.0699 4.32878
32.0967 4.33144
32.1234 4.33408
32.1502 4.33673
32.177 4.33938
32.2038 4.34203
32.2307 4.34469
32.2576 4.34734
32.2845 4.35
32.3114 4.35265
32.3383 4.3553
32.3653 4.35796
32.3923 4.36061
32.4193 4.36327
32.4463 4.36592
32.4733 4.36857
32.5004 4.37123
32.5275 4.37389
32.5546 4.37654
32.5817 4.3792
32.6089 4.38186
32.6361 4.38452
32.6633 4.38718
32.6905 4.38983
32.7178 4.3925
32.7451 4.39516
32.7724 4.39782
32.7997 4.40048
32.827 4.40313
32.8544 4.4058
32.8818 4.40846
32.9092 4.41112
32.9366 4.41378
32.9641 4.41645
32.9916 4.41911
33.0191 4.42178
33.0466 4.42444
33.0742 4.42711
33.1017 4.42976
33.1293 4.43243
33.157 4.4351
33.1846 4.43776
33.2123 4.44043
33.2399 4.44309
33.2677 4.44576
33.2954 4.44842
33.3232 4.45109
33.3509 4.45375
33.3787 4.45642
33.4066 4.45909
33.4344 4.46176
33.4623 4.46443
33.4902 4.46709
33.5181 4.46976
33.5461 4.47243
33.574 4.47509
33.602 4.47776
33.63 4.48043
33.6581 4.4831
33.6861 4.48577
33.7142 4.48844
33.7423 4.49111
33.7704 4.49377
33.7986 4.49644
33.8268 4.49912
33.855 4.50179
33.8832 4.50445
33.9114 4.50712
33.9397 4.50979
33.968 4.51246
34.0247 4.5178
34.053 4.52047
34.0814 4.52314
34.1098 4.5258
34.1383 4.52848
34.1667 4.53114
34.1952 4.53381
34.2237 4.53648
34.2523 4.53916
34.2808 4.54182
34.3094 4.54449
34.338 4.54716
34.3666 4.54983
34.3953 4.5525
34.424 4.55518
34.4526 4.55783
34.4814 4.56051
34.5101 4.56317
34.5389 4.56585
34.5677 4.56851
34.5965 4.57118
34.6253 4.57385
34.6542 4.57652
34.6831 4.57918
34.712 4.58185
34.741 4.58452
34.7699 4.58719
34.7989 4.58985
34.8279 4.59252
34.8569 4.59518
34.886 4.59785
34.9151 4.60052
34.9442 4.60318
34.9733 4.60585
35.0025 4.60851
35.0317 4.61118
35.0609 4.61384
35.0901 4.61651
35.1194 4.61917
35.1486 4.62183
35.1779 4.62449
35.2073 4.62716
35.2366 4.62982
35.266 4.63248
35.2954 4.63514
35.3248 4.6378
35.3543 4.64047
35.3837 4.64312
35.4132 4.64578
35.4428 4.64844
35.4723 4.6511
35.5019 4.65376
35.5315 4.65642
35.5611 4.65907
35.5908 4.66173
35.6204 4.66438
35.6501 4.66704
35.6798 4.66969
35.7096 4.67235
35.7393 4.675
35.7691 4.67765
35.799 4.68031
35.8288 4.68296
35.8587 4.68561
35.8886 4.68826
35.9185 4.69091
35.9484 4.69355
35.9784 4.6962
36.0084 4.69885
36.0384 4.70149
36.0685 4.70415
36.0985 4.70678
36.1286 4.70943
36.1588 4.71208
36.1889 4.71472
