2.4 0.08186
2.85569 0.12037
2.91779 0.12694
3.31978 0.17844
3.39195 0.18655
3.77717 0.25365
3.87115 0.26646
4.06071 0.30327
4.33738 0.36888
4.43171 0.39216
5.0734 0.5702
5.24784 0.62448
5.89808 0.906
6.02636 0.96783
6.85697 1.51794
7.00611 1.62674
7.47341 2.06428
7.94746 2.63754
8.12032 2.82387
9.21144 4.66316
9.41183 5.02478
10.57846 8.01226
10.79187 8.40282
11.96292 12.79348
12.26068 13.65876
13.69568 20.36584
14.14489 22.38186
16.06931 32.88268
16.41863 34.31225
18.45251 47.13441
18.85359 48.93137
21.31939 65.91763
21.78284 68.73921
24.70729 91.23232
25.24426 94.16428
28.54564 124.55074
29.21087 129.02181
31.59093 146.7263
32.32696 150.2816
