 640.01008     0.00219
 640.07034     0.00194
 640.1306      0.00154
 640.19087    -5.3146E-4
 640.25113    -4.44599E-5
 640.3114      0.00118
 640.37166     0.00139
 640.43193     6.2654E-4
 640.49219     2.2954E-4
 640.55246     0.00255
 640.61272     0.00142
 640.67299     0.00142
 640.73325    -4.4046E-4
 640.79352    -2.2946E-4
 640.85378     0.00209
 640.91404     0.00233
 640.97431     0.00134
 641.03457     0.00159
 641.09484     0.00251
 641.1551      0.00214
 641.21537     0.00144
 641.27563     0.00193
 641.3359      0.00317
 641.39616     0.00331
 641.45643     0.00304
 641.51669     0.0018
 641.57696     0.00213
 641.63722     0.00191
 641.69749    -2.4746E-4
 641.75775    -4.0546E-4
 641.81801     5.15401E-5
 641.87828    -1.1146E-4
 641.93854     3.4754E-4
 641.99881     3.0954E-4
 642.05907     1.7154E-4
 642.11934    -8.8246E-4
 642.1796     -0.00112
 642.23987     8.0954E-4
 642.30013     0.00151
 642.3604      0.00102
 642.42066     4.0654E-4
 642.48092    -5.64599E-5
 642.54119     1.8654E-4
 642.60145    -4.4246E-4
 642.66172    -4.1746E-4
 642.72198     7.4854E-4
 642.78225     0.0012
 642.84251    -9.64599E-5
 642.90278    -5.7446E-4
 642.96304     2.3754E-4
 643.02331     9.6454E-4
 643.08357     6.05401E-5
 643.14384    -4.3346E-4
 643.2041     -3.0946E-4
 643.26437     5.6454E-4
 643.32463     0.00123
 643.38489     0.00105
 643.44516     9.2254E-4
 643.50542     4.3954E-4
 643.56569     4.0054E-4
 643.62595     3.9854E-4
 643.68622     8.3054E-4
 643.74648     8.1454E-4
 643.80675     2.2654E-4
 643.86701     1.7054E-4
 643.92728     4.1654E-4
 643.98754     9.3054E-4
 644.04781     0.00148
 644.10807     0.00259
 644.16833     0.00223
 644.2286      0.00401
 644.28886     0.00457
 644.34913     0.00845
 644.40939     0.00293
 644.46966     8.2654E-4
 644.52992    -0.00448
 644.59019    -0.00712
 644.65045     0.01096
 644.71072     0.0082
 644.77098     0.00693
 644.83124     0.00938
 644.89151    -8.7746E-4
 644.95177    -0.00207
 645.01204    -3.9246E-4
 645.0723      2.4354E-4
 645.13257     5.1254E-4
 645.19283     3.3854E-4
 645.2531     -5.0646E-4
 645.31336    -6.8646E-4
 645.37363    -4.4846E-4
 645.43389    -1.0546E-4
 645.49415    -2.0446E-4
 645.55442     1.1754E-4
 645.61468     5.45401E-5
 645.67495     3.9554E-4
 645.73521     8.5754E-4
 645.79548     7.3954E-4
 645.85574     7.4054E-4
 645.91601     7.6254E-4
 645.97627     9.0354E-4
 646.03654     4.8654E-4
 646.0968      2.65401E-5
 646.15707     4.85401E-5
 646.21733     4.7554E-4
 646.2776      9.1054E-4
 646.33786     8.2854E-4
 646.39812     9.1354E-4
 646.45839     3.6254E-4
 646.51865     2.1254E-4
 646.57892     8.0654E-4
 646.63918     7.3754E-4
 646.69945     5.6554E-4
 646.75971     4.9154E-4
 646.81998     6.9954E-4
 646.88024     5.6254E-4
 646.94051     8.5154E-4
 647.00077     0.00105
 647.06103     0.00117
 647.1213      0.00118
 647.18156     0.00102
 647.24183     0.00116
 647.30209     0.00119
 647.36236     0.00113
 647.42262     8.3254E-4
 647.48289     8.8554E-4
 647.54315     0.00111
 647.60342     7.1854E-4
 647.66368     0.00102
 647.72394     0.00154
 647.78421     0.00143
 647.84447     0.00149
 647.90474     0.00191
 647.965       0.00201
 648.02527     0.00184
 648.08553     0.00224
 648.1458      0.00175
 648.20606     0.00139
 648.26633     0.00186
 648.32659     0.00238
 648.38686     0.00211
 648.44712     0.00147
 648.50739     0.00163
 648.56765     0.00236
 648.62791     0.00232
 648.68818     0.00253
 648.74844     0.00233
 648.80871     0.00228
 648.86897     0.00312
 648.92924     0.0032
 648.9895      0.00285
 649.04977     0.00292
 649.11003     0.00327
 649.1703      0.00335
 649.23056     0.003
 649.29083     0.0028
 649.35109     0.00309
 649.41135     0.00307
 649.47162     0.00268
 649.53188     0.00296
 649.59215     0.00376
 649.65241     0.0037
 649.71268     0.00329
 649.77294     0.00389
 649.83321     0.00434
 649.89347     0.00409
 649.95374     0.00522
 650.014       0.00569
 650.07426     0.0054
 650.13453     0.00552
 650.19479     0.00568
 650.25506     0.00573
 650.31532     0.00625
 650.37559     0.00649
 650.43585     0.00651
 650.49612     0.00736
 650.55638     0.00684
 650.61665     0.00705
 650.67691     0.00817
 650.73717     0.00871
 650.79744     0.01045
 650.85771     0.00966
 650.91797     0.00377
 650.97823     0.00629
 651.0385      0.01388
 651.09876     0.01254
 651.15903     0.01342
 651.21929     0.01501
 651.27956     0.01488
 651.33982     0.01326
 651.40009     0.01331
 651.46035     0.01358
 651.52062     0.01394
 651.58088     0.01379
 651.64114     0.01393
 651.70141     0.01511
 651.76167     0.01614
 651.82194     0.01671
 651.8822      0.0176
 651.94247     0.01818
 652.00273     0.01895
 652.063       0.01982
 652.12326     0.02056
 652.18353     0.02197
 652.24379     0.02348
 652.30405     0.0248
 652.36432     0.02618
 652.42458     0.02761
 652.48485     0.02929
 652.54511     0.03217
 652.60538     0.03525
 652.66564     0.03758
 652.72591     0.0408
 652.78617     0.04417
 652.84644     0.04728
 652.9067      0.05012
 652.96697     0.05388
 653.02723     0.05803
 653.08749     0.06208
 653.14776     0.06506
 653.20802     0.06803
 653.26829     0.07064
 653.32855     0.07409
 653.38882     0.07717
 653.44908     0.07979
 653.50935     0.08303
 653.56961     0.08648
 653.62988     0.09047
 653.69014     0.0953
 653.75041     0.10023
 653.81067     0.1056
 653.87094     0.11216
 653.9312      0.11968
 653.99146     0.12914
 654.05173     0.13892
 654.11199     0.14702
 654.17226     0.15601
 654.23252     0.16536
 654.29279     0.17312
 654.35305     0.17868
 654.41332     0.18205
 654.47358     0.18409
 654.53385     0.18479
 654.59411     0.18437
 654.65437     0.18337
 654.71464     0.18058
 654.7749      0.17612
 654.83517     0.17111
 654.89543     0.16618
 654.9557      0.16064
 655.01596     0.15424
 655.07623     0.14846
 655.13649     0.14325
 655.19676     0.13706
 655.25702     0.13129
 655.31728     0.12498
 655.37755     0.12027
 655.43781     0.11557
 655.49808     0.11022
 655.55834     0.10606
 655.61861     0.1016
 655.67887     0.0967
 655.73914     0.09247
 655.7994      0.08847
 655.85967     0.08441
 655.91993     0.081
 655.9802      0.07813
 656.04046     0.07387
 656.10073     0.07134
 656.16099     0.06915
 656.22125     0.06649
 656.28152     0.06388
 656.34178     0.0612
 656.40205     0.05902
 656.46231     0.05829
 656.52258     0.05694
 656.58284     0.05611
 656.64311     0.05551
 656.70337     0.05443
 656.76364     0.05346
 656.8239      0.05315
 656.88417     0.05084
 656.94443     0.04815
 657.00469     0.04506
 657.06496     0.04754
 657.12522     0.04694
 657.18549     0.04901
 657.24575     0.05242
 657.30602     0.05204
 657.36628     0.05311
 657.42655     0.05457
 657.48681     0.05264
 657.54707     0.05963
 657.60734     0.06127
 657.6676      0.06096
 657.72787     0.06096
 657.78813     0.06238
 657.8484      0.06331
 657.90866     0.0654
 657.96893     0.0671
 658.02919     0.07009
 658.08946     0.07226
 658.14972     0.07412
 658.20999     0.07705
 658.27025     0.08015
 658.33051     0.08328
 658.39078     0.08648
 658.45105     0.08949
 658.51131     0.09292
 658.57157     0.09787
 658.63184     0.1022
 658.6921      0.10576
 658.75237     0.11049
 658.81263     0.11748
 658.8729      0.12327
 658.93316     0.12737
 658.99343     0.13296
 659.05369     0.13897
 659.11396     0.14479
 659.17422     0.14925
 659.23448     0.15343
 659.29475     0.15733
 659.35501     0.16132
 659.41528     0.16469
 659.47554     0.16688
 659.53581     0.16781
 659.59607     0.16947
 659.65634     0.17053
 659.7166      0.17079
 659.77687     0.17026
 659.83713     0.16867
 659.89739     0.16893
 659.95766     0.1685
 660.01792     0.16689
 660.07819     0.16521
 660.13845     0.1634
 660.19872     0.16132
 660.25898     0.15874
 660.31925     0.15798
 660.37951     0.15802
 660.43978     0.15504
 660.50004     0.15082
 660.56031     0.14926
 660.62057     0.14781
 660.68084     0.14585
 660.7411      0.14332
 660.80136     0.1414
 660.86163     0.13964
 660.92189     0.1371
 660.98216     0.13547
 661.04242     0.13421
 661.10269     0.1324
 661.16295     0.13016
 661.22322     0.12816
 661.28348     0.12688
 661.34375     0.12533
 661.40401     0.124
 661.46428     0.12172
 661.52454     0.12043
 661.5848      0.11987
 661.64507     0.1192
 661.70533     0.11817
 661.7656      0.11788
 661.82586     0.11502
 661.88613     0.11272
 661.94639     0.11174
 662.00666     0.11152
 662.06692     0.11022
 662.12719     0.10856
 662.18745     0.10744
 662.24771     0.10641
 662.30798     0.10608
 662.36824     0.10485
 662.42851     0.10378
 662.48877     0.10311
 662.54904     0.10191
 662.6093      0.10057
 662.66957     0.09893
 662.72983     0.09792
 662.7901      0.0971
 662.85036     0.09613
 662.91062     0.09543
 662.97089     0.09349
 663.03115     0.09195
 663.09142     0.09076
 663.15168     0.0916
 663.21195     0.09142
 663.27221     0.08895
 663.33248     0.08808
 663.39274     0.08876
 663.45301     0.08582
 663.51327     0.08437
 663.57354     0.08598
 663.6338      0.08651
 663.69407     0.08659
 663.75433     0.08516
 663.81459     0.08404
 663.87486     0.08446
 663.93512     0.08007
 663.99539     0.07795
 664.05565     0.07866
 664.11592     0.07869
 664.17618     0.07782
 664.23645     0.07761
 664.29671     0.07526
 664.35698     0.076
 664.41724     0.07606
 664.4775      0.07406
 664.53777     0.07437
 664.59803     0.0738
 664.6583      0.07302
 664.71856     0.0723
 664.77883     0.07276
 664.83909     0.07271
 664.89936     0.07066
 664.95962     0.07061
 665.01989     0.06992
 665.08015     0.06833
 665.14041     0.06761
 665.20068     0.06713
 665.26094     0.06668
 665.32121     0.0656
 665.38147     0.06563
 665.44174     0.06479
 665.502       0.06405
 665.56227     0.06376
 665.62253     0.06391
 665.6828      0.06352
 665.74306     0.06254
 665.80333     0.06239
 665.86359     0.06162
 665.92386     0.06114
 665.98412     0.06106
 666.04438     0.06002
 666.10465     0.05845
 666.16491     0.05819
 666.22518     0.05844
 666.28544     0.05835
 666.34571     0.05797
 666.40597     0.05818
 666.46624     0.05874
 666.5265      0.05715
 666.58677     0.05733
 666.64703     0.05827
 666.7073      0.05792
 666.76756     0.05623
 666.82782     0.05471
 666.88809     0.05471
 666.94835     0.05202
 667.00862     0.05211
 667.06888     0.05238
 667.12915     0.05217
 667.18941     0.05352
 667.24968     0.0542
 667.30994     0.05491
 667.37021     0.05479
 667.43047     0.05512
 667.49073     0.05543
 667.551       0.05512
 667.61126     0.05361
 667.67153     0.05195
 667.73179     0.05174
 667.79206     0.05282
 667.85232     0.05312
 667.91259     0.04976
 667.97285     0.04983
 668.03312     0.04955
 668.09338     0.04812
 668.15364     0.04816
 668.21391     0.0474
 668.27418     0.04733
 668.33444     0.04748
 668.3947      0.04514
 668.45497     0.04336
 668.51523     0.04535
 668.5755      0.04493
 668.63576     0.04436
 668.69603     0.04506
 668.75629     0.04491
 668.81656     0.04293
 668.87682     0.04223
 668.93709     0.04336
 668.99735     0.04277
 669.05762     0.04141
 669.11788     0.04033
 669.17814     0.041
 669.23841     0.04034
 669.29867     0.03932
 669.35894     0.03979
 669.4192      0.04008
 669.47947     0.03989
 669.53973     0.03888
 669.6         0.03997
 669.66026     0.04234
 669.72052     0.03321
 669.78079     0.0334
 669.84105     0.04147
 669.90132     0.03414
 669.96158     0.03421
 670.02185     0.03691
 670.08211     0.03676
 670.14238     0.03198
 670.20264     0.03387
 670.26291     0.03755
 670.32317     0.03506
 670.38344     0.03472
 670.4437      0.03383
 670.50396     0.0352
 670.56423     0.03522
 670.62449     0.03509
 670.68476     0.03522
 670.74502     0.03467
 670.80529     0.03367
 670.86555     0.03392
 670.92582     0.03358
 670.98608     0.03305
 671.04635     0.03289
 671.10661     0.03248
 671.16688     0.03258
 671.22714     0.03275
 671.28741     0.03317
 671.34767     0.03309
 671.40793     0.03277
 671.4682      0.03106
 671.52846     0.03069
 671.58873     0.0305
 671.64899     0.03072
 671.70926     0.03097
 671.76952     0.03029
 671.82979     0.03053
 671.89005     0.02987
 671.95032     0.02957
 672.01058     0.02992
 672.07084     0.02934
 672.13111     0.02893
 672.19137     0.02889
 672.25164     0.02875
 672.3119      0.02821
 672.37217     0.02757
 672.43243     0.02726
 672.4927      0.02731
 672.55296     0.02732
 672.61323     0.02716
 672.67349     0.0267
 672.73375     0.02596
 672.79402     0.02617
 672.85428     0.02684
 672.91455     0.02594
 672.97481     0.02557
 673.03508     0.02579
 673.09534     0.0249
 673.15561     0.02444
 673.21587     0.0235
 673.27614     0.0231
 673.3364      0.02316
 673.39667     0.02342
 673.45693     0.02287
 673.5172      0.02252
 673.57746     0.02226
 673.63772     0.02295
 673.69799     0.02256
 673.75825     0.02209
 673.81852     0.02173
 673.87878     0.02139
 673.93905     0.0211
 673.99931     0.02025
 674.05958     0.01914
 674.11984     0.01917
 674.18011     0.02008
 674.24037     0.01942
 674.30064     0.01832
 674.3609      0.01885
 674.42116     0.01953
 674.48143     0.01908
 674.54169     0.01884
 674.60196     0.01783
 674.66222     0.01746
 674.72249     0.01743
 674.78275     0.01778
 674.84302     0.01801
 674.90328     0.01633
 674.96355     0.01586
 675.02381     0.01642
 675.08407     0.01606
 675.14434     0.01552
 675.2046      0.01523
 675.26487     0.01507
 675.32513     0.01432
 675.3854      0.01343
 675.44566     0.01292
 675.50593     0.01298
 675.56619     0.0125
 675.62646     0.01161
 675.68672     0.01261
 675.74699     0.0129
 675.80725     0.0102
 675.86752     0.01158
 675.92778     0.01485
 675.98804     0.01631
 676.04831     0.00862
 676.10857     0.01619
 676.16884     0.01607
 676.2291      0.0133
 676.28937     0.01412
 676.34963     0.00646
 676.4099      0.00733
 676.47016     0.00882
 676.53043     0.00919
 676.59069     0.00911
 676.65095     0.00885
 676.71122     0.00817
 676.77148     0.0075
 676.83175     0.00757
 676.89201     0.00683
 676.95228     0.00681
 677.01254     0.0072
 677.07281     0.00686
 677.13307     0.00603
 677.19334     0.00465
 677.2536      0.00426
 677.31386     0.00477
 677.37413     0.00497
 677.43439     0.005
 677.49466     0.00439
 677.55492     0.00415
 677.61519     0.00461
 677.67545     0.00451
 677.73572     0.00346
 677.79598     0.003
 677.85625     0.00294
 677.91651     0.00311
 677.97678     0.00365
 678.03704     0.00359
 678.09731     0.00285
 678.15757     0.00241
 678.21783     0.00202
 678.2781      0.00141
 678.33836     8.2354E-4
 678.39863     0.00132
 678.45889     0.00134
 678.51916     9.6554E-4
 678.57942     9.6454E-4
 678.63969     9.6454E-4
 678.69995     0.00122
 678.76022     0.00171
 678.82048     0.00152
 678.88075     0.00108
 678.94101     0.00107
 679.00127     8.2654E-4
 679.06154     1.3654E-4
 679.1218      6.5254E-4
 679.18207     0.00103
 679.24233     1.4054E-4
 679.3026      6.8454E-4
 679.36286     9.6854E-4
 679.42313     5.9454E-4
 679.48339     5.3854E-4
 679.54365     0.0015
 679.60392     0.00156
 679.66418     0.00125
 679.72445     0.00104
 679.78471     7.2054E-4
 679.84498     0.00155
 679.90524     0.00127
 679.96551     6.1354E-4
 680.02577     3.1354E-4
 680.08604    -3.6446E-4
 680.1463     -5.14599E-5
 680.20657     5.4354E-4
 680.26683     7.2654E-4
 680.32709     4.2854E-4
 680.38736     8.85401E-5
 680.44762     2.6254E-4
 680.50789     7.3254E-4
 680.56815     6.2854E-4
 680.62842     5.1454E-4
 680.68868     6.3254E-4
 680.74895     0.00102
 680.80921     0.00107
 680.86948     8.3554E-4
 680.92974     7.4354E-4
 680.99001     5.2054E-4
 681.05027     7.6554E-4
 681.11054     5.8554E-4
 681.1708      9.2654E-4
 681.23106     2.7154E-4
 681.29133    -7.24599E-5
 681.35159     2.5554E-4
 681.41186     6.9454E-4
 681.47212     8.6654E-4
 681.53239     6.8454E-4
 681.59265     8.0954E-4
 681.65292     0.00107
 681.71318     8.0054E-4
 681.77345     6.9054E-4
 681.83371     6.9754E-4
 681.89397     4.2554E-4
 681.95424     6.6454E-4
 682.0145      3.6554E-4
 682.07477     4.5254E-4
 682.13503    -4.5992E-7
 682.1953     -2.1046E-4
 682.25556    -7.3246E-4
 682.31583    -0.00106
 682.37609    -9.5046E-4
 682.43636    -0.00107
 682.49662     4.8354E-4
 682.55688     0.00202
 682.61715     0.00178
 682.67742    -7.5446E-4
 682.73768    -0.00166
 682.79794     1.3454E-4
 682.85821     2.6354E-4
 682.91847     7.4354E-4
 682.97874     6.8854E-4
 683.039       8.54008E-6
 683.09927    -3.14599E-5
 683.15953     1.9854E-4
 683.2198      7.0954E-4
 683.28006     1.5554E-4
 683.34033    -1.3846E-4
 683.40059     1.4254E-4
 683.46085    -1.8746E-4
 683.52112     5.2854E-4
 683.58138     6.3254E-4
 683.64165     1.1654E-4
 683.70191     4.0854E-4
 683.76218     5.0254E-4
 683.82244     4.6854E-4
 683.88271     7.2654E-4
 683.94297     7.2654E-4
 684.00324     6.4354E-4
 684.0635      5.3054E-4
 684.12377     2.2254E-4
 684.18403    -1.0146E-4
 684.24429    -1.0646E-4
 684.30456     5.35401E-5
 684.36482    -3.2346E-4
 684.42509    -1.6446E-4
 684.48535     1.25401E-5
 684.54562    -6.1846E-4
 684.60588    -3.2946E-4
 684.66615     2.2654E-4
 684.72641    -1.04599E-5
 684.78668    -1.7646E-4
 684.84694    -3.7146E-4
 684.9072     -2.3946E-4
 684.96747     2.0554E-4
 685.02773    -1.7846E-4
 685.088      -4.3646E-4
 685.14826    -2.9446E-4
 685.20853     2.1154E-4
 685.26879     2.1354E-4
 685.32906    -1.2446E-4
 685.38932     9.55401E-5
 685.44959     1.05401E-5
 685.50985    -2.0546E-4
 685.57012     6.5954E-4
 685.63038     2.3454E-4
 685.69065    -4.9846E-4
 685.75091     6.1554E-4
 685.81117     6.0054E-4
 685.87144     4.6054E-4
 685.9317      7.65401E-5
 685.99197     2.8154E-4
 686.05223     1.3554E-4
 686.1125     -4.1846E-4
 686.17276    -5.1046E-4
 686.23303    -2.1346E-4
 686.29329    -1.9446E-4
 686.35356     3.55401E-5
 686.41382    -2.3146E-4
 686.47408    -3.0446E-4
 686.53435    -4.3346E-4
 686.59461    -4.3346E-4
 686.65488    -0.0011
 686.71514    -0.00135
 686.77541    -4.5846E-4
 686.83567    -7.04599E-5
 686.89594    -2.2446E-4
 686.9562     -6.04599E-5
 687.01647    -1.14599E-5
 687.07673    -5.8546E-4
 687.13699     1.4854E-4
 687.19726     4.6554E-4
 687.25752     1.4354E-4
 687.31779     3.6154E-4
 687.37805     2.8254E-4
 687.43832     1.6454E-4
 687.49858     1.8654E-4
 687.55885    -1.1846E-4
 687.61911     2.35401E-5
 687.67938    -1.6346E-4
 687.73964    -3.2946E-4
 687.79991    -3.8646E-4
 687.86017    -3.5546E-4
 687.92044    -3.9846E-4
 687.9807     -4.0946E-4
 688.04096    -2.1746E-4
 688.10123    -3.1746E-4
 688.16149    -3.0146E-4
 688.22176    -2.9346E-4
 688.28202    -5.0646E-4
 688.34229    -5.9246E-4
 688.40255    -2.1846E-4
 688.46282    -0.00265
 688.52308    -0.00162
 688.58335    -7.2646E-4
 688.64361     5.3354E-4
 688.70388     4.3754E-4
 688.76414    -0.00177
 688.8244      7.2454E-4
 688.88467     0.00143
 688.94493    -0.00133
 689.0052     -7.3746E-4
 689.06546    -8.6746E-4
 689.12573    -0.0044
 689.18599    -4.7846E-4
 689.24626     0.00197
 689.30652     2.6554E-4
 689.36679     5.4354E-4
 689.42705     7.4854E-4
 689.48731     3.6454E-4
 689.54758     4.9354E-4
 689.60784     3.8554E-4
 689.66811     4.1454E-4
 689.72837     9.2454E-4
 689.78864     7.1154E-4
 689.8489      6.65401E-5
 689.90917    -2.8046E-4
 689.96943    -1.0246E-4
 690.0297     -8.24599E-5
 690.08996    -2.1146E-4
 690.15022    -2.1846E-4
 690.21049    -5.7346E-4
 690.27076    -1.7846E-4
 690.33102     2.6754E-4
 690.39128     2.5054E-4
 690.45155    -2.3446E-4
 690.51181    -4.0346E-4
 690.57208     2.2954E-4
 690.63234     3.6154E-4
 690.69261     1.4854E-4
 690.75287    -2.2446E-4
 690.81314    -2.6046E-4
 690.8734     -8.14599E-5
 690.93367    -2.5446E-4
 690.99393    -1.5746E-4
 691.05419    -5.0246E-4
 691.11446    -3.7146E-4
 691.17472    -2.6146E-4
 691.23499    -3.2046E-4
 691.29525    -3.5946E-4
 691.35552    -3.0746E-4
 691.41578    -1.5246E-4
 691.47605    -3.74599E-5
 691.53631     6.35401E-5
 691.59658     2.05401E-5
 691.65684     3.55401E-5
 691.7171     -6.94599E-5
 691.77737    -1.6146E-4
 691.83763     5.45401E-5
 691.8979      5.4054E-4
 691.95816    -1.2446E-4
 692.01843    -3.6746E-4
 692.07869     2.2554E-4
 692.13896     4.1954E-4
 692.19922     4.0054E-4
 692.25949     7.15401E-5
 692.31975    -7.34599E-5
 692.38002    -6.5446E-4
 692.44028    -2.5446E-4
 692.50054     1.3354E-4
 692.56081    -1.1846E-4
 692.62107    -1.1446E-4
 692.68134    -2.3646E-4
 692.7416     -2.2646E-4
 692.80187    -1.9046E-4
 692.86213    -2.3146E-4
 692.9224     -1.0546E-4
 692.98266    -2.0046E-4
 693.04293    -4.9046E-4
 693.10319    -5.1346E-4
 693.16346     1.1354E-4
 693.22372     8.95401E-5
 693.28399    -3.9046E-4
 693.34425    -6.3746E-4
 693.40451    -6.9646E-4
 693.46478     1.25401E-5
 693.52504     5.6754E-4
 693.58531    -1.44599E-5
 693.64557    -5.1646E-4
 693.70584    -2.7246E-4
 693.7661      3.9454E-4
 693.82637    -1.5346E-4
 693.88663    -3.8746E-4
 693.9469     -2.4546E-4
 694.00716    -4.14599E-5
 694.06742    -2.9246E-4
 694.12769    -5.7346E-4
 694.18795    -6.1146E-4
 694.24822    -4.0546E-4
 694.30848    -1.64599E-5
 694.36875    -4.7246E-4
 694.42901    -7.1746E-4
 694.48928    -2.7646E-4
 694.54954    -2.8046E-4
 694.60981    -6.7546E-4
 694.67007    -0.00117
 694.73033    -0.00134
 694.7906     -0.00205
 694.85086    -0.00195
 694.91113    -0.0023
 694.97139    -0.00413
 695.03166     0.00213
 695.09192     0.00398
 695.15219     0.00398
 695.21245     0.00621
 695.27272     0.00134
 695.33298    -0.00531
 695.39325    -4.2746E-4
 695.45351     0.00246
 695.51378     3.7254E-4
 695.57404     8.75401E-5
 695.6343     -2.6946E-4
 695.69457     2.4154E-4
 695.75483     1.7654E-4
 695.8151     -1.9246E-4
 695.87536     1.4354E-4
 695.93563    -2.9946E-4
 695.99589    -6.2446E-4
 696.05616    -3.3946E-4
 696.11642     2.7054E-4
 696.17669     5.2854E-4
 696.23695    -1.3046E-4
 696.29722    -2.4546E-4
 696.35748     7.55401E-5
 696.41774     7.65401E-5
 696.47801    -4.14599E-5
 696.53827    -7.24599E-5
 696.59854     2.3754E-4
 696.6588      2.4354E-4
 696.71907    -1.1046E-4
 696.77933    -7.14599E-5
 696.8396      1.3354E-4
 696.89986     5.1054E-4
 696.96012     4.7954E-4
 697.02039     3.1554E-4
 697.08065     5.7954E-4
 697.14092     6.7554E-4
 697.20118     4.1554E-4
 697.26145     1.6554E-4
 697.32171    -5.24599E-5
 697.38198    -1.84599E-5
 697.44224     4.85401E-5
 697.50251     1.7954E-4
 697.56277     3.25401E-5
 697.62304    -3.1046E-4
 697.6833      3.0754E-4
 697.74356     4.1854E-4
 697.80383    -2.6546E-4
 697.86409    -5.1246E-4
 697.92436    -5.7846E-4
 697.98462    -3.4046E-4
 698.04489     1.35401E-5
 698.10515     1.3554E-4
 698.16542    -2.54599E-5
 698.22568    -1.4046E-4
 698.28595     5.85401E-5
 698.34621    -5.64599E-5
 698.40648     2.0254E-4
 698.46674     2.9054E-4
 698.52701    -4.94599E-5
 698.58727    -1.3046E-4
 698.64753     1.1254E-4
 698.7078      5.4454E-4
 698.76806     4.6354E-4
 698.82833     4.8454E-4
 698.88859     3.7654E-4
 698.94886     3.0054E-4
 699.00912     2.9954E-4
 699.06939     3.8454E-4
 699.12965     3.3554E-4
 699.18992     8.15401E-5
 699.25018    -2.3346E-4
 699.31044    -2.8146E-4
 699.37071    -4.9546E-4
 699.43097    -7.6046E-4
 699.49124    -5.4146E-4
 699.5515     -1.5646E-4
 699.61177     7.25401E-5
 699.67203    -5.3446E-4
 699.7323     -6.7546E-4
 699.79256    -8.34599E-5
 699.85283     1.3954E-4
 699.91309    -2.9546E-4
 699.97335     1.45401E-5
