 640.01008     0.00304
 640.07034     0.00326
 640.1306      0.0014
 640.19087    -1.57358E-4
 640.25113     0.00148
 640.3114      5.98642E-4
 640.37166     3.50642E-4
 640.43193    -6.43582E-5
 640.49219    -0.00242
 640.55246    -7.68358E-4
 640.61272     0.00154
 640.67299     8.42642E-4
 640.73325    -6.22358E-4
 640.79352     2.40642E-4
 640.85378     0.00194
 640.91404     0.00229
 640.97431     0.00125
 641.03457     2.19642E-4
 641.09484    -1.72358E-4
 641.1551      5.51642E-4
 641.21537     6.46642E-4
 641.27563     0.00122
 641.3359      0.00107
 641.39616     2.84642E-4
 641.45643     0.0019
 641.51669     0.00338
 641.57696     0.00281
 641.63722     8.09642E-4
 641.69749     6.13642E-4
 641.75775     0.00113
 641.81801     0.00112
 641.87828     9.25642E-4
 641.93854     7.20642E-4
 641.99881     0.00118
 642.05907     1.13642E-4
 642.11934    -5.27358E-4
 642.1796     -1.36358E-4
 642.23987     4.74642E-4
 642.30013     0.00121
 642.3604      9.43642E-4
 642.42066     6.41842E-7
 642.48092     2.04642E-4
 642.54119     3.49642E-4
 642.60145    -7.93582E-5
 642.66172    -3.42358E-4
 642.72198     4.76418E-5
 642.78225     1.42642E-4
 642.84251    -8.53582E-5
 642.90278    -4.73358E-4
 642.96304     1.52642E-4
 643.02331     9.25642E-4
 643.08357     0.00107
 643.14384     5.84642E-4
 643.2041      2.28642E-4
 643.26437    -8.03582E-5
 643.32463    -2.31358E-4
 643.38489     1.92642E-4
 643.44516     8.33642E-4
 643.50542     2.92642E-4
 643.56569     2.00642E-4
 643.62595     7.51642E-4
 643.68622     0.00137
 643.74648     2.74642E-4
 643.80675     2.56642E-4
 643.86701     0.00113
 643.92728     0.00131
 643.98754     0.00259
 644.04781     0.00373
 644.10807     0.00203
 644.16833     0.00132
 644.2286      0.00714
 644.28886     0.00722
 644.34913     0.0084
 644.40939     0.01018
 644.46966     0.01103
 644.52992    -2.68358E-4
 644.59019    -0.01095
 644.65045     1.86418E-5
 644.71072     0.00315
 644.77098     0.00297
 644.83124     0.00186
 644.89151    -0.00117
 644.95177    -0.00113
 645.01204    -9.37358E-4
 645.0723     -0.00144
 645.13257    -7.61358E-4
 645.19283    -4.67358E-4
 645.2531     -6.96358E-4
 645.31336    -8.77358E-4
 645.37363    -9.86358E-4
 645.43389    -5.36358E-4
 645.49415    -6.04358E-4
 645.55442    -1.13358E-4
 645.61468    -1.33358E-4
 645.67495    -3.07358E-4
 645.73521     4.56418E-5
 645.79548     4.86418E-5
 645.85574    -3.33358E-4
 645.91601    -1.63358E-4
 645.97627     5.37642E-4
 646.03654     1.95642E-4
 646.0968     -3.93358E-4
 646.15707     7.86418E-5
 646.21733     4.32642E-4
 646.2776      5.04642E-4
 646.33786     6.08642E-4
 646.39812     7.61642E-4
 646.45839     6.21642E-4
 646.51865     3.01642E-4
 646.57892     5.34642E-4
 646.63918     3.81642E-4
 646.69945     1.17642E-4
 646.75971     1.37642E-4
 646.81998     4.05642E-4
 646.88024     3.14642E-4
 646.94051     4.36642E-4
 647.00077     7.02642E-4
 647.06103     8.42642E-4
 647.1213      6.40642E-4
 647.18156     6.25642E-4
 647.24183     8.67642E-4
 647.30209     0.00129
 647.36236     9.47642E-4
 647.42262     2.00642E-4
 647.48289     6.43642E-4
 647.54315     0.00139
 647.60342     0.00102
 647.66368     8.35642E-4
 647.72394     0.00127
 647.78421     0.00111
 647.84447     0.00129
 647.90474     9.64642E-4
 647.965       8.04642E-4
 648.02527     0.00109
 648.08553     0.00185
 648.1458      0.0019
 648.20606     0.00182
 648.26633     0.00184
 648.32659     0.00187
 648.38686     0.00166
 648.44712     0.00147
 648.50739     0.00114
 648.56765     0.00171
 648.62791     0.00186
 648.68818     0.00194
 648.74844     0.002
 648.80871     0.00179
 648.86897     0.00234
 648.92924     0.00263
 648.9895      0.00207
 649.04977     0.00218
 649.11003     0.00271
 649.1703      0.00263
 649.23056     0.0024
 649.29083     0.0023
 649.35109     0.00256
 649.41135     0.00239
 649.47162     0.00201
 649.53188     0.00237
 649.59215     0.00317
 649.65241     0.00348
 649.71268     0.00316
 649.77294     0.00322
 649.83321     0.00373
 649.89347     0.00404
 649.95374     0.00457
 650.014       0.00476
 650.07426     0.00468
 650.13453     0.00487
 650.19479     0.00599
 650.25506     0.00626
 650.31532     0.00592
 650.37559     0.00526
 650.43585     0.00612
 650.49612     0.00854
 650.55638     0.0101
 650.61665     0.00519
 650.67691     0.00688
 650.73717     0.00495
 650.79744     9.66642E-4
 650.85771    -0.00301
 650.91797     0.00381
 650.97823     0.01036
 651.0385      0.01264
 651.09876     0.01668
 651.15903     0.01531
 651.21929     0.01171
 651.27956     0.01157
 651.33982     0.01199
 651.40009     0.01262
 651.46035     0.01267
 651.52062     0.0126
 651.58088     0.01226
 651.64114     0.01289
 651.70141     0.01416
 651.76167     0.01419
 651.82194     0.01379
 651.8822      0.01439
 651.94247     0.01554
 652.00273     0.01693
 652.063       0.01824
 652.12326     0.01881
 652.18353     0.01992
 652.24379     0.02106
 652.30405     0.02256
 652.36432     0.02406
 652.42458     0.02559
 652.48485     0.02795
 652.54511     0.03014
 652.60538     0.03255
 652.66564     0.03556
 652.72591     0.03891
 652.78617     0.04246
 652.84644     0.04558
 652.9067      0.04852
 652.96697     0.05179
 653.02723     0.05598
 653.08749     0.06053
 653.14776     0.06405
 653.20802     0.06737
 653.26829     0.07053
 653.32855     0.07398
 653.38882     0.07682
 653.44908     0.07933
 653.50935     0.08319
 653.56961     0.08735
 653.62988     0.09151
 653.69014     0.09723
 653.75041     0.10256
 653.81067     0.10859
 653.87094     0.11763
 653.9312      0.12622
 653.99146     0.1339
 654.05173     0.14539
 654.11199     0.15689
 654.17226     0.16616
 654.23252     0.17465
 654.29279     0.1818
 654.35305     0.18697
 654.41332     0.19138
 654.47358     0.19341
 654.53385     0.19441
 654.59411     0.19376
 654.65437     0.19285
 654.71464     0.19034
 654.7749      0.18519
 654.83517     0.18006
 654.89543     0.17474
 654.9557      0.16855
 655.01596     0.1611
 655.07623     0.15546
 655.13649     0.14981
 655.19676     0.14363
 655.25702     0.13803
 655.31728     0.13048
 655.37755     0.12457
 655.43781     0.11915
 655.49808     0.11367
 655.55834     0.10868
 655.61861     0.10354
 655.67887     0.09887
 655.73914     0.09478
 655.7994      0.0908
 655.85967     0.08637
 655.91993     0.08201
 655.9802      0.07818
 656.04046     0.0742
 656.10073     0.07167
 656.16099     0.06916
 656.22125     0.06604
 656.28152     0.06265
 656.34178     0.06027
 656.40205     0.05806
 656.46231     0.0574
 656.52258     0.05532
 656.58284     0.05224
 656.64311     0.05278
 656.70337     0.05688
 656.76364     0.05297
 656.8239      0.04998
 656.88417     0.05968
 656.94443     0.05974
 657.00469     0.04762
 657.06496     0.06473
 657.12522     0.07428
 657.18549     0.06097
 657.24575     0.05798
 657.30602     0.04633
 657.36628     0.03547
 657.42655     0.04574
 657.48681     0.05672
 657.54707     0.05691
 657.60734     0.05427
 657.6676      0.05528
 657.72787     0.05579
 657.78813     0.05845
 657.8484      0.06002
 657.90866     0.06117
 657.96893     0.0637
 658.02919     0.06673
 658.08946     0.06842
 658.14972     0.07039
 658.20999     0.07322
 658.27025     0.07639
 658.33051     0.07989
 658.39078     0.08441
 658.45105     0.08754
 658.51131     0.0907
 658.57157     0.0967
 658.63184     0.10341
 658.6921      0.10832
 658.75237     0.11288
 658.81263     0.11918
 658.8729      0.12612
 658.93316     0.13274
 658.99343     0.13905
 659.05369     0.14576
 659.11396     0.15214
 659.17422     0.1581
 659.23448     0.16439
 659.29475     0.16907
 659.35501     0.17253
 659.41528     0.17589
 659.47554     0.17922
 659.53581     0.18097
 659.59607     0.18305
 659.65634     0.18469
 659.7166      0.18578
 659.77687     0.18675
 659.83713     0.18559
 659.89739     0.18478
 659.95766     0.18343
 660.01792     0.1814
 660.07819     0.17917
 660.13845     0.17763
 660.19872     0.17636
 660.25898     0.17468
 660.31925     0.17173
 660.37951     0.16912
 660.43978     0.16727
 660.50004     0.16412
 660.56031     0.16229
 660.62057     0.1603
 660.68084     0.15813
 660.7411      0.15438
 660.80136     0.15126
 660.86163     0.14975
 660.92189     0.14658
 660.98216     0.14526
 661.04242     0.14344
 661.10269     0.1398
 661.16295     0.13703
 661.22322     0.13603
 661.28348     0.13514
 661.34375     0.13224
 661.40401     0.13026
 661.46428     0.12882
 661.52454     0.12691
 661.5848      0.12543
 661.64507     0.12365
 661.70533     0.12143
 661.7656      0.11963
 661.82586     0.11775
 661.88613     0.11581
 661.94639     0.11324
 662.00666     0.11334
 662.06692     0.11268
 662.12719     0.10979
 662.18745     0.10779
 662.24771     0.10785
 662.30798     0.10638
 662.36824     0.10417
 662.42851     0.1029
 662.48877     0.10206
 662.54904     0.09963
 662.6093      0.09786
 662.66957     0.09859
 662.72983     0.09806
 662.7901      0.09587
 662.85036     0.09428
 662.91062     0.09328
 662.97089     0.09079
 663.03115     0.09187
 663.09142     0.09225
 663.15168     0.089
 663.21195     0.08385
 663.27221     0.09725
 663.33248     0.10093
 663.39274     0.08267
 663.45301     0.06526
 663.51327     0.06665
 663.57354     0.08168
 663.6338      0.0869
 663.69407     0.08098
 663.75433     0.08459
 663.81459     0.07924
 663.87486     0.0732
 663.93512     0.07572
 663.99539     0.0763
 664.05565     0.07497
 664.11592     0.07487
 664.17618     0.07432
 664.23645     0.07237
 664.29671     0.06972
 664.35698     0.07118
 664.41724     0.07142
 664.4775      0.06988
 664.53777     0.06905
 664.59803     0.06909
 664.6583      0.06961
 664.71856     0.06947
 664.77883     0.06751
 664.83909     0.06715
 664.89936     0.06639
 664.95962     0.06547
 665.01989     0.06458
 665.08015     0.06351
 665.14041     0.06386
 665.20068     0.06388
 665.26094     0.06395
 665.32121     0.06283
 665.38147     0.06289
 665.44174     0.0626
 665.502       0.06125
 665.56227     0.06119
 665.62253     0.06157
 665.6828      0.06089
 665.74306     0.0606
 665.80333     0.0604
 665.86359     0.05898
 665.92386     0.05815
 665.98412     0.05738
 666.04438     0.05702
 666.10465     0.05691
 666.16491     0.0568
 666.22518     0.05768
 666.28544     0.05815
 666.34571     0.05567
 666.40597     0.05423
 666.46624     0.05666
 666.5265      0.05867
 666.58677     0.05743
 666.64703     0.05674
 666.7073      0.05706
 666.76756     0.05418
 666.82782     0.05282
 666.88809     0.05444
 666.94835     0.05215
 667.00862     0.05104
 667.06888     0.05164
 667.12915     0.05122
 667.18941     0.05122
 667.24968     0.05088
 667.30994     0.05155
 667.37021     0.05009
 667.43047     0.05163
 667.49073     0.05189
 667.551       0.04973
 667.61126     0.05087
 667.67153     0.04971
 667.73179     0.05088
 667.79206     0.05134
 667.85232     0.0489
 667.91259     0.04598
 667.97285     0.04629
 668.03312     0.04661
 668.09338     0.04527
 668.15364     0.04549
 668.21391     0.04362
 668.27418     0.04435
 668.33444     0.04587
 668.3947      0.04484
 668.45497     0.04505
 668.51523     0.04548
 668.5755      0.04502
 668.63576     0.04371
 668.69603     0.04365
 668.75629     0.04386
 668.81656     0.04083
 668.87682     0.04
 668.93709     0.04301
 668.99735     0.0426
 669.05762     0.03972
 669.11788     0.0388
 669.17814     0.04122
 669.23841     0.04127
 669.29867     0.0375
 669.35894     0.03358
 669.4192      0.03734
 669.47947     0.04128
 669.53973     0.03947
 669.6         0.03691
 669.66026     0.0323
 669.72052     0.02048
 669.78079     0.03277
 669.84105     0.03614
 669.90132     0.03089
 669.96158     0.02453
 670.02185     0.03228
 670.08211     0.03913
 670.14238     0.02939
 670.20264     0.03331
 670.26291     0.03808
 670.32317     0.03609
 670.38344     0.03546
 670.4437      0.03398
 670.50396     0.03486
 670.56423     0.03509
 670.62449     0.03448
 670.68476     0.03433
 670.74502     0.03335
 670.80529     0.03303
 670.86555     0.03299
 670.92582     0.03315
 670.98608     0.03312
 671.04635     0.03249
 671.10661     0.03225
 671.16688     0.03195
 671.22714     0.03191
 671.28741     0.0323
 671.34767     0.03224
 671.40793     0.0318
 671.4682      0.03079
 671.52846     0.03036
 671.58873     0.03075
 671.64899     0.03053
 671.70926     0.03078
 671.76952     0.02972
 671.82979     0.02918
 671.89005     0.02885
 671.95032     0.0288
 672.01058     0.02909
 672.07084     0.02856
 672.13111     0.02798
 672.19137     0.0286
 672.25164     0.02913
 672.3119      0.02855
 672.37217     0.02772
 672.43243     0.02661
 672.4927      0.02587
 672.55296     0.02705
 672.61323     0.02757
 672.67349     0.02637
 672.73375     0.02569
 672.79402     0.02584
 672.85428     0.02546
 672.91455     0.02476
 672.97481     0.02461
 673.03508     0.02437
 673.09534     0.0239
 673.15561     0.02346
 673.21587     0.02423
 673.27614     0.02411
 673.3364      0.02248
 673.39667     0.02235
 673.45693     0.02264
 673.5172      0.02213
 673.57746     0.02176
 673.63772     0.02186
 673.69799     0.0216
 673.75825     0.0213
 673.81852     0.02098
 673.87878     0.0205
 673.93905     0.0201
 673.99931     0.02008
 674.05958     0.01963
 674.11984     0.01832
 674.18011     0.01784
 674.24037     0.01853
 674.30064     0.01789
 674.3609      0.01815
 674.42116     0.01933
 674.48143     0.0189
 674.54169     0.01858
 674.60196     0.01776
 674.66222     0.01733
 674.72249     0.01711
 674.78275     0.01739
 674.84302     0.01844
 674.90328     0.01623
 674.96355     0.01468
 675.02381     0.01532
 675.08407     0.01558
 675.14434     0.01535
 675.2046      0.0147
 675.26487     0.01455
 675.32513     0.01328
 675.3854      0.01266
 675.44566     0.01256
 675.50593     0.01288
 675.56619     0.01183
 675.62646     0.01216
 675.68672     0.012
 675.74699     0.00956
 675.80725     0.00825
 675.86752     0.01631
 675.92778     0.00905
 675.98804    -0.00108
 676.04831     0.01087
 676.10857     0.03253
 676.16884     0.0188
 676.2291      0.00954
 676.28937     0.01419
 676.34963     0.01113
 676.4099      0.00651
 676.47016     0.00733
 676.53043     0.01236
 676.59069     0.00987
 676.65095     0.00833
 676.71122     0.00796
 676.77148     0.0079
 676.83175     0.00708
 676.89201     0.00687
 676.95228     0.00657
 677.01254     0.00659
 677.07281     0.00647
 677.13307     0.00596
 677.19334     0.00554
 677.2536      0.00495
 677.31386     0.00411
 677.37413     0.00416
 677.43439     0.00468
 677.49466     0.00441
 677.55492     0.00498
 677.61519     0.005
 677.67545     0.00454
 677.73572     0.00401
 677.79598     0.00343
 677.85625     0.00312
 677.91651     0.00281
 677.97678     0.00331
 678.03704     0.00338
 678.09731     0.00252
 678.15757     0.00258
 678.21783     0.00209
 678.2781      0.00181
 678.33836     0.00102
 678.39863     8.74642E-4
 678.45889     0.00119
 678.51916     9.02642E-4
 678.57942     3.59642E-4
 678.63969     2.96642E-4
 678.69995     5.92642E-4
 678.76022     6.55642E-4
 678.82048     5.47642E-4
 678.88075     6.43642E-4
 678.94101     5.26642E-4
 679.00127     5.48642E-4
 679.06154     4.90642E-4
 679.1218      1.63642E-4
 679.18207     1.44642E-4
 679.24233    -5.83358E-4
 679.3026     -2.79358E-4
 679.36286     9.46418E-5
 679.42313    -2.48358E-4
 679.48339    -1.74358E-4
 679.54365     2.31642E-4
 679.60392     5.12642E-4
 679.66418     7.49642E-4
 679.72445     6.35642E-4
 679.78471     2.66642E-4
 679.84498     4.26642E-4
 679.90524    -6.13582E-5
 679.96551     3.31642E-4
 680.02577     2.42642E-4
 680.08604    -2.05358E-4
 680.1463      6.01642E-4
 680.20657     1.85642E-4
 680.26683     9.86418E-5
 680.32709     3.63642E-4
 680.38736     3.73642E-4
 680.44762     4.89642E-4
 680.50789     8.73642E-4
 680.56815     7.17642E-4
 680.62842    -6.31358E-4
 680.68868    -0.00145
 680.74895    -3.85358E-4
 680.80921     6.78642E-4
 680.86948     5.89642E-4
 680.92974    -8.53582E-5
 680.99001    -4.05358E-4
 681.05027     3.96642E-4
 681.11054     3.97642E-4
 681.1708     -1.46358E-4
 681.23106    -2.46358E-4
 681.29133     1.86418E-5
 681.35159     1.10642E-4
 681.41186     2.68642E-4
 681.47212     1.67642E-4
 681.53239     1.39642E-4
 681.59265     2.06642E-4
 681.65292    -4.44358E-4
 681.71318    -8.13358E-4
 681.77345    -4.57358E-4
 681.83371    -5.92358E-4
 681.89397    -0.00285
 681.95424    -0.00394
 682.0145     -0.00158
 682.07477    -4.42358E-4
 682.13503    -0.00142
 682.1953     -0.00377
 682.25556    -0.00494
 682.31583    -0.00176
 682.37609     0.00582
 682.43636     0.00816
 682.49662     0.00162
 682.55688     4.14642E-4
 682.61715    -0.00466
 682.67742    -0.00231
 682.73768     0.00489
 682.79794     4.85642E-4
 682.85821    -0.00168
 682.91847    -4.93582E-5
 682.97874    -2.70358E-4
 683.039      -7.95358E-4
 683.09927    -5.61358E-4
 683.15953    -2.56358E-4
 683.2198      3.76642E-4
 683.28006     3.14642E-4
 683.34033    -2.11358E-4
 683.40059     1.44642E-4
 683.46085     1.60642E-4
 683.52112     2.80642E-4
 683.58138     4.24642E-4
 683.64165     3.04642E-4
 683.70191     4.75642E-4
 683.76218     8.66418E-5
 683.82244     3.60642E-4
 683.88271     8.92642E-4
 683.94297     9.97642E-4
 684.00324     3.59642E-4
 684.0635      3.76418E-5
 684.12377    -1.33582E-5
 684.18403    -1.59358E-4
 684.24429    -2.57358E-4
 684.30456     2.24642E-4
 684.36482     2.43642E-4
 684.42509    -4.02358E-4
 684.48535    -7.14358E-4
 684.54562    -8.51358E-4
 684.60588    -4.25358E-4
 684.66615     2.06418E-5
 684.72641    -7.33582E-5
 684.78668     5.46418E-5
 684.84694    -2.78358E-4
 684.9072     -4.97358E-4
 684.96747    -3.43358E-4
 685.02773    -3.91358E-4
 685.088      -5.48358E-4
 685.14826    -5.80358E-4
 685.20853    -1.52358E-4
 685.26879     1.84642E-4
 685.32906     1.76642E-4
 685.38932     2.69642E-4
 685.44959    -1.23358E-4
 685.50985    -5.80358E-4
 685.57012    -1.25358E-4
 685.63038    -5.35816E-6
 685.69065    -3.02358E-4
 685.75091     2.64642E-4
 685.81117     5.02642E-4
 685.87144     5.73642E-4
 685.9317      1.29642E-4
 685.99197     4.87642E-4
 686.05223     5.87642E-4
 686.1125     -8.63582E-5
 686.17276    -3.21358E-4
 686.23303    -2.17358E-4
 686.29329    -1.13582E-5
 686.35356    -4.71358E-4
 686.41382    -4.74358E-4
 686.47408    -1.67358E-4
 686.53435    -5.41358E-4
 686.59461    -8.58358E-4
 686.65488    -4.83358E-4
 686.71514    -8.34358E-4
 686.77541    -0.00114
 686.83567    -7.01358E-4
 686.89594    -2.63358E-4
 686.9562     -3.49358E-4
 687.01647    -5.98358E-4
 687.07673    -7.13358E-4
 687.13699    -3.72358E-4
 687.19726     2.26418E-5
 687.25752    -8.20358E-4
 687.31779    -4.12358E-4
 687.37805    -1.52358E-4
 687.43832    -4.77358E-4
 687.49858    -1.73582E-5
 687.55885    -2.24358E-4
 687.61911    -9.73582E-5
 687.67938    -2.41358E-4
 687.73964    -4.82358E-4
 687.79991    -8.51358E-4
 687.86017    -5.86358E-4
 687.92044    -1.55358E-4
 687.9807     -3.08358E-4
 688.04096    -6.60358E-4
 688.10123    -2.77358E-4
 688.16149    -5.00358E-4
 688.22176    -3.73358E-4
 688.28202    -6.49358E-4
 688.34229    -0.00127
 688.40255    -1.13582E-5
 688.46282    -5.47358E-4
 688.52308    -1.71358E-4
 688.58335    -0.00172
 688.64361    -1.86358E-4
 688.70388     0.00587
 688.76414     0.0014
 688.8244     -0.00114
 688.88467    -9.84358E-4
 688.94493     0.00112
 689.0052      6.52642E-4
 689.06546    -0.00139
 689.12573    -0.0019
 689.18599     1.01642E-4
 689.24626     0.00132
 689.30652     4.82642E-4
 689.36679     2.82642E-4
 689.42705     3.24642E-4
 689.48731     6.86418E-5
 689.54758     2.12642E-4
 689.60784    -6.23582E-5
 689.66811    -5.64358E-4
 689.72837     6.66418E-5
 689.78864     3.73642E-4
 689.8489      1.83642E-4
 689.90917    -3.86358E-4
 689.96943    -4.83358E-4
 690.0297      2.62642E-4
 690.08996     3.42642E-4
 690.15022     2.68642E-4
 690.21049    -9.73582E-5
 690.27076    -1.61358E-4
 690.33102     1.95642E-4
 690.39128     1.05642E-4
 690.45155    -1.22358E-4
 690.51181    -2.00358E-4
 690.57208    -1.51358E-4
 690.63234    -4.81358E-4
 690.69261    -7.90358E-4
 690.75287    -0.00104
 690.81314    -4.63358E-4
 690.8734      2.25642E-4
 690.93367     1.26418E-5
 690.99393    -4.55358E-4
 691.05419    -5.97358E-4
 691.11446    -2.63358E-4
 691.17472    -3.93358E-4
 691.23499    -3.23358E-4
 691.29525    -7.43582E-5
 691.35552    -3.05358E-4
 691.41578    -2.21358E-4
 691.47605    -1.43358E-4
 691.53631     1.96642E-4
 691.59658    -1.81358E-4
 691.65684    -5.15358E-4
 691.7171     -6.65358E-4
 691.77737    -0.0011
 691.83763    -4.42358E-4
 691.8979      2.05642E-4
 691.95816    -2.58358E-4
 692.01843    -6.32358E-4
 692.07869     1.45642E-4
 692.13896     7.29642E-4
 692.19922     2.30642E-4
 692.25949    -2.28358E-4
 692.31975    -4.50358E-4
 692.38002    -5.52358E-4
 692.44028     1.36642E-4
 692.50054     4.05642E-4
 692.56081    -1.23582E-5
 692.62107    -1.01358E-4
 692.68134    -2.81358E-4
 692.7416      8.26418E-5
 692.80187    -5.49358E-4
 692.86213    -0.00105
 692.9224     -3.78358E-4
 692.98266    -3.10358E-4
 693.04293    -9.36358E-4
 693.10319    -9.79358E-4
 693.16346    -5.42358E-4
 693.22372    -3.27358E-4
 693.28399    -5.00358E-4
 693.34425    -6.91358E-4
 693.40451    -3.42358E-4
 693.46478     2.26418E-5
 693.52504     1.36418E-5
 693.58531    -7.77358E-4
 693.64557    -9.61358E-4
 693.70584    -8.60358E-4
 693.7661     -2.21358E-4
 693.82637    -1.89358E-4
 693.88663    -7.20358E-4
 693.9469     -4.53358E-4
 694.00716     2.02642E-4
 694.06742     1.96418E-5
 694.12769    -3.37358E-4
 694.18795    -4.78358E-4
 694.24822     7.56418E-5
 694.30848     2.21642E-4
 694.36875    -4.12358E-4
 694.42901    -8.46358E-4
 694.48928    -6.19358E-4
 694.54954    -6.92358E-4
 694.60981    -7.49358E-4
 694.67007    -2.72358E-4
 694.73033     4.66418E-5
 694.7906     -2.49358E-4
 694.85086    -0.00114
 694.91113    -4.49358E-4
 694.97139    -6.48358E-4
 695.03166     8.41642E-4
 695.09192     0.00266
 695.15219     0.00152
 695.21245     0.00308
 695.27272     0.0012
 695.33298    -0.00282
 695.39325    -4.28358E-4
 695.45351     0.00131
 695.51378     0.00105
 695.57404     0.0011
 695.6343      3.58642E-4
 695.69457    -1.23358E-4
 695.75483    -3.24358E-4
 695.8151     -1.98358E-4
 695.87536    -1.32358E-4
 695.93563    -4.40358E-4
 695.99589    -5.12358E-4
 696.05616    -8.38358E-4
 696.11642    -4.36358E-4
 696.17669    -1.27358E-4
 696.23695    -2.34358E-4
 696.29722    -1.46358E-4
 696.35748     3.29642E-4
 696.41774     7.46642E-4
 696.47801     3.52642E-4
 696.53827     1.54642E-4
 696.59854     2.19642E-4
 696.6588      4.78642E-4
 696.71907     4.26418E-5
 696.77933    -7.13582E-5
 696.8396      3.61642E-4
 696.89986     3.36642E-4
 696.96012     2.59642E-4
 697.02039     3.82642E-4
 697.08065     1.68642E-4
 697.14092     2.94642E-4
 697.20118     3.20642E-4
 697.26145     1.06418E-5
 697.32171    -1.03582E-5
 697.38198     6.96418E-5
 697.44224     1.74642E-4
 697.50251     3.46418E-5
 697.56277    -2.63358E-4
 697.62304    -5.73358E-4
 697.6833     -3.03358E-4
 697.74356    -2.50358E-4
 697.80383    -5.03358E-4
 697.86409    -5.83358E-4
 697.92436    -3.99358E-4
 697.98462    -1.66358E-4
 698.04489    -7.83582E-5
 698.10515     1.06642E-4
 698.16542    -2.00358E-4
 698.22568    -2.56358E-4
 698.28595     7.56418E-5
 698.34621     2.15642E-4
 698.40648     3.02642E-4
 698.46674     5.31642E-4
 698.52701     2.35642E-4
 698.58727     2.84642E-4
 698.64753     2.82642E-4
 698.7078     -2.05358E-4
 698.76806     1.47642E-4
 698.82833     2.53642E-4
 698.88859     2.10642E-4
 698.94886     4.06418E-5
 699.00912     3.76418E-5
 699.06939     5.20642E-4
 699.12965    -3.13582E-5
 699.18992    -5.63582E-5
 699.25018     1.07642E-4
 699.31044     2.83642E-4
 699.37071    -7.96358E-4
 699.43097    -9.67358E-4
 699.49124    -5.92358E-4
 699.5515     -5.71358E-4
 699.61177     1.30642E-4
 699.67203    -2.93358E-4
 699.7323     -5.40358E-4
 699.79256    -7.95358E-4
 699.85283    -4.02358E-4
 699.91309    -1.34358E-4
 699.97335     3.76642E-4
