 640.01008     7.60365E-4
 640.07034     0.00134
 640.1306      5.48388E-4
 640.19087     2.67399E-4
 640.25113     5.5641E-4
 640.3114      0.00116
 640.37166     3.74321E-5
 640.43193     4.91443E-4
 640.49219     0.00132
 640.55246     0.00148
 640.61272     0.00108
 640.67299     0.00109
 640.73325     0.00117
 640.79352     8.5351E-4
 640.85378     4.52521E-4
 640.91404     4.34533E-4
 640.97431     1.76544E-4
 641.03457     3.63555E-4
 641.09484     0.00158
 641.1551      7.73577E-4
 641.21537    -0.00169
 641.27563    -4.28401E-4
 641.3359      0.00188
 641.39616     6.19622E-4
 641.45643    -6.93671E-5
 641.51669    -4.30356E-4
 641.57696     6.79655E-4
 641.63722     0.00176
 641.69749     5.96677E-4
 641.75775    -7.83114E-5
 641.81801     2.067E-4
 641.87828     0.00105
 641.93854     5.22722E-4
 641.99881    -7.76267E-4
 642.05907     7.47444E-5
 642.11934     0.00117
 642.1796      6.47767E-4
 642.23987    -3.33222E-4
 642.30013    -6.21098E-6
 642.3604      9.558E-4
 642.42066     0.00164
 642.48092     8.45822E-4
 642.54119     4.08834E-4
 642.60145     0.00106
 642.66172     0.00152
 642.72198     0.00183
 642.78225     0.00135
 642.84251     0.0018
 642.90278     0.00207
 642.96304     9.27912E-4
 643.02331     7.82923E-4
 643.08357     0.00119
 643.14384     0.00105
 643.2041      0.00187
 643.26437     0.0014
 643.32463     7.20979E-4
 643.38489     0.00161
 643.44516     0.00142
 643.50542     8.60012E-4
 643.56569     7.69023E-4
 643.62595     6.03034E-4
 643.68622     7.25046E-4
 643.74648     7.85057E-4
 643.80675     8.52068E-4
 643.86701     8.21079E-4
 643.92728     7.3809E-4
 643.98754     0.00115
 644.04781     9.60112E-4
 644.10807    -0.00372
 644.16833    -5.33865E-4
 644.2286      0.00556
 644.28886    -0.0029
 644.34913    -0.00126
 644.40939     0.00105
 644.46966     8.4919E-4
 644.52992     0.00264
 644.59019     0.00782
 644.65045     8.81224E-4
 644.71072    -0.00208
 644.77098     0.00423
 644.83124     0.00415
 644.89151     0.002
 644.95177     0.00295
 645.01204     0.0037
 645.0723      0.00332
 645.13257     0.00319
 645.19283     0.00335
 645.2531      0.0036
 645.31336     0.0038
 645.37363     0.00294
 645.43389     0.0025
 645.49415     0.00333
 645.55442     0.00362
 645.61468     0.00247
 645.67495     0.00157
 645.73521     0.00202
 645.79548     0.00306
 645.85574     0.00362
 645.91601     0.00254
 645.97627     0.0016
 646.03654     0.00239
 646.0968      0.00318
 646.15707     0.00271
 646.21733     0.00202
 646.2776      0.00232
 646.33786     0.00284
 646.39812     0.0027
 646.45839     0.00236
 646.51865     0.00243
 646.57892     0.00339
 646.63918     0.00375
 646.69945     0.0028
 646.75971     0.00224
 646.81998     0.00309
 646.88024     0.0038
 646.94051     0.00346
 647.00077     0.00292
 647.06103     0.00338
 647.1213      0.00425
 647.18156     0.00426
 647.24183     0.00368
 647.30209     0.00472
 647.36236     0.00555
 647.42262     0.00506
 647.48289     0.00462
 647.54315     0.00423
 647.60342     0.00461
 647.66368     0.00448
 647.72394     0.004
 647.78421     0.0039
 647.84447     0.00371
 647.90474     0.00455
 647.965       0.00413
 648.02527     0.00318
 648.08553     0.00346
 648.1458      0.00427
 648.20606     0.00392
 648.26633     0.00314
 648.32659     0.00302
 648.38686     0.00384
 648.44712     0.00472
 648.50739     0.00519
 648.56765     0.00493
 648.62791     0.00494
 648.68818     0.00571
 648.74844     0.00574
 648.80871     0.00564
 648.86897     0.00576
 648.92924     0.00611
 648.9895      0.00633
 649.04977     0.00594
 649.11003     0.00559
 649.1703      0.00626
 649.23056     0.00709
 649.29083     0.00706
 649.35109     0.00651
 649.41135     0.00619
 649.47162     0.00675
 649.53188     0.00737
 649.59215     0.00706
 649.65241     0.00641
 649.71268     0.00719
 649.77294     0.0079
 649.83321     0.00845
 649.89347     0.00746
 649.95374     0.00749
 650.014       0.00847
 650.07426     0.00845
 650.13453     0.00803
 650.19479     0.00796
 650.25506     0.00867
 650.31532     0.00936
 650.37559     0.00975
 650.43585     0.00922
 650.49612     0.01061
 650.55638     0.0111
 650.61665     0.01357
 650.67691     0.01632
 650.73717     0.01117
 650.79744     0.01363
 650.85771     0.02493
 650.91797     0.01931
 650.97823     0.00724
 651.0385      0.01036
 651.09876     0.0162
 651.15903     0.01542
 651.21929     0.01401
 651.27956     0.01426
 651.33982     0.01559
 651.40009     0.0157
 651.46035     0.01507
 651.52062     0.01542
 651.58088     0.01643
 651.64114     0.01755
 651.70141     0.01651
 651.76167     0.01636
 651.82194     0.01821
 651.8822      0.0195
 651.94247     0.01923
 652.00273     0.01891
 652.063       0.01958
 652.12326     0.02097
 652.18353     0.02198
 652.24379     0.02248
 652.30405     0.02329
 652.36432     0.02501
 652.42458     0.02688
 652.48485     0.02845
 652.54511     0.02983
 652.60538     0.03214
 652.66564     0.03518
 652.72591     0.03831
 652.78617     0.04126
 652.84644     0.04499
 652.9067      0.04928
 652.96697     0.05302
 653.02723     0.05668
 653.08749     0.0604
 653.14776     0.06502
 653.20802     0.07028
 653.26829     0.07414
 653.32855     0.07777
 653.38882     0.08199
 653.44908     0.08636
 653.50935     0.09037
 653.56961     0.09408
 653.62988     0.09915
 653.69014     0.1059
 653.75041     0.11252
 653.81067     0.1204
 653.87094     0.12964
 653.9312      0.13922
 653.99146     0.15107
 654.05173     0.16541
 654.11199     0.17938
 654.17226     0.19425
 654.23252     0.2071
 654.29279     0.21752
 654.35305     0.2254
 654.41332     0.23103
 654.47358     0.23504
 654.53385     0.23602
 654.59411     0.2352
 654.65437     0.23333
 654.71464     0.23022
 654.7749      0.22553
 654.83517     0.21896
 654.89543     0.21078
 654.9557      0.20322
 655.01596     0.19602
 655.07623     0.18731
 655.13649     0.17763
 655.19676     0.16896
 655.25702     0.16209
 655.31728     0.15595
 655.37755     0.14758
 655.43781     0.13868
 655.49808     0.13243
 655.55834     0.12731
 655.61861     0.12139
 655.67887     0.11459
 655.73914     0.1088
 655.7994      0.10416
 655.85967     0.09874
 655.91993     0.09338
 655.9802      0.08921
 656.04046     0.08523
 656.10073     0.0813
 656.16099     0.0772
 656.22125     0.0728
 656.28152     0.06996
 656.34178     0.06804
 656.40205     0.06461
 656.46231     0.06144
 656.52258     0.05915
 656.58284     0.05808
 656.64311     0.05668
 656.70337     0.0567
 656.76364     0.05216
 656.8239      0.04787
 656.88417     0.05721
 656.94443     0.06369
 657.00469     0.04691
 657.06496     0.04001
 657.12522     0.04592
 657.18549     0.04178
 657.24575     0.03611
 657.30602     0.03902
 657.36628     0.0412
 657.42655     0.05106
 657.48681     0.05041
 657.54707     0.0495
 657.60734     0.05091
 657.6676      0.05325
 657.72787     0.05361
 657.78813     0.05442
 657.8484      0.05596
 657.90866     0.05943
 657.96893     0.06275
 658.02919     0.06542
 658.08946     0.06688
 658.14972     0.06944
 658.20999     0.07365
 658.27025     0.07762
 658.33051     0.08149
 658.39078     0.08564
 658.45105     0.09118
 658.51131     0.09805
 658.57157     0.10384
 658.63184     0.10912
 658.6921      0.11697
 658.75237     0.12576
 658.81263     0.13425
 658.8729      0.1423
 658.93316     0.15286
 658.99343     0.16352
 659.05369     0.17382
 659.11396     0.1829
 659.17422     0.19221
 659.23448     0.20151
 659.29475     0.20874
 659.35501     0.21486
 659.41528     0.22105
 659.47554     0.22638
 659.53581     0.23072
 659.59607     0.23184
 659.65634     0.23361
 659.7166      0.23512
 659.77687     0.23473
 659.83713     0.23418
 659.89739     0.23141
 659.95766     0.22833
 660.01792     0.22764
 660.07819     0.22758
 660.13845     0.22346
 660.19872     0.21667
 660.25898     0.21516
 660.31925     0.21409
 660.37951     0.20853
 660.43978     0.20396
 660.50004     0.20104
 660.56031     0.19773
 660.62057     0.19435
 660.68084     0.18975
 660.7411      0.18644
 660.80136     0.184
 660.86163     0.18048
 660.92189     0.17661
 660.98216     0.17405
 661.04242     0.17117
 661.10269     0.16882
 661.16295     0.16572
 661.22322     0.16249
 661.28348     0.16038
 661.34375     0.15771
 661.40401     0.15444
 661.46428     0.15076
 661.52454     0.14886
 661.5848      0.14645
 661.64507     0.144
 661.70533     0.14097
 661.7656      0.13836
 661.82586     0.13594
 661.88613     0.13329
 661.94639     0.13097
 662.00666     0.12761
 662.06692     0.12531
 662.12719     0.12414
 662.18745     0.12282
 662.24771     0.11941
 662.30798     0.11763
 662.36824     0.11579
 662.42851     0.11421
 662.48877     0.11248
 662.54904     0.10904
 662.6093      0.10782
 662.66957     0.10704
 662.72983     0.10442
 662.7901      0.10144
 662.85036     0.09894
 662.91062     0.09738
 662.97089     0.09475
 663.03115     0.09027
 663.09142     0.09445
 663.15168     0.09697
 663.21195     0.09338
 663.27221     0.09582
 663.33248     0.11136
 663.39274     0.07678
 663.45301     0.07422
 663.51327     0.09024
 663.57354     0.08556
 663.6338      0.08153
 663.69407     0.07893
 663.75433     0.08285
 663.81459     0.08236
 663.87486     0.07899
 663.93512     0.07826
 663.99539     0.07776
 664.05565     0.07589
 664.11592     0.07506
 664.17618     0.07412
 664.23645     0.07321
 664.29671     0.0736
 664.35698     0.07236
 664.41724     0.07151
 664.4775      0.07103
 664.53777     0.07025
 664.59803     0.06878
 664.6583      0.0685
 664.71856     0.06815
 664.77883     0.0673
 664.83909     0.06675
 664.89936     0.06593
 664.95962     0.06406
 665.01989     0.06422
 665.08015     0.06394
 665.14041     0.06211
 665.20068     0.06094
 665.26094     0.06062
 665.32121     0.06051
 665.38147     0.05927
 665.44174     0.05825
 665.502       0.05748
 665.56227     0.0584
 665.62253     0.05856
 665.6828      0.05626
 665.74306     0.05567
 665.80333     0.05603
 665.86359     0.05559
 665.92386     0.05488
 665.98412     0.05371
 666.04438     0.05281
 666.10465     0.05353
 666.16491     0.05364
 666.22518     0.05272
 666.28544     0.05204
 666.34571     0.05213
 666.40597     0.05142
 666.46624     0.05213
 666.5265      0.05271
 666.58677     0.05223
 666.64703     0.0525
 666.7073      0.05206
 666.76756     0.05226
 666.82782     0.05108
 666.88809     0.0512
 666.94835     0.05138
 667.00862     0.04917
 667.06888     0.04908
 667.12915     0.05054
 667.18941     0.05109
 667.24968     0.05179
 667.30994     0.05164
 667.37021     0.05312
 667.43047     0.05449
 667.49073     0.05552
 667.551       0.05425
 667.61126     0.05294
 667.67153     0.05533
 667.73179     0.05573
 667.79206     0.05363
 667.85232     0.05183
 667.91259     0.05074
 667.97285     0.04986
 668.03312     0.05029
 668.09338     0.04943
 668.15364     0.04826
 668.21391     0.04667
 668.27418     0.04398
 668.33444     0.04294
 668.3947      0.04366
 668.45497     0.04492
 668.51523     0.04471
 668.5755      0.04539
 668.63576     0.04369
 668.69603     0.04362
 668.75629     0.04572
 668.81656     0.04367
 668.87682     0.04194
 668.93709     0.04138
 668.99735     0.04429
 669.05762     0.04374
 669.11788     0.04293
 669.17814     0.042
 669.23841     0.04396
 669.29867     0.04457
 669.35894     0.04246
 669.4192      0.03966
 669.47947     0.03651
 669.53973     0.02802
 669.6         0.03168
 669.66026     0.04851
 669.72052     0.04557
 669.78079     0.03063
 669.84105     0.03103
 669.90132     0.03494
 669.96158     0.03993
 670.02185     0.04424
 670.08211     0.04323
 670.14238     0.04341
 670.20264     0.04202
 670.26291     0.03991
 670.32317     0.03984
 670.38344     0.0396
 670.4437      0.0391
 670.50396     0.03693
 670.56423     0.03669
 670.62449     0.03771
 670.68476     0.03764
 670.74502     0.03698
 670.80529     0.03659
 670.86555     0.03652
 670.92582     0.03584
 670.98608     0.03483
 671.04635     0.03437
 671.10661     0.03568
 671.16688     0.03632
 671.22714     0.03557
 671.28741     0.0351
 671.34767     0.0357
 671.40793     0.03631
 671.4682      0.03525
 671.52846     0.03374
 671.58873     0.03333
 671.64899     0.03425
 671.70926     0.0342
 671.76952     0.03238
 671.82979     0.03177
 671.89005     0.03298
 671.95032     0.03301
 672.01058     0.03177
 672.07084     0.03089
 672.13111     0.03106
 672.19137     0.03144
 672.25164     0.03085
 672.3119      0.02951
 672.37217     0.02927
 672.43243     0.03054
 672.4927      0.03064
 672.55296     0.02864
 672.61323     0.0283
 672.67349     0.02944
 672.73375     0.02991
 672.79402     0.02921
 672.85428     0.02862
 672.91455     0.02849
 672.97481     0.02858
 673.03508     0.02829
 673.09534     0.02724
 673.15561     0.02614
 673.21587     0.02696
 673.27614     0.0278
 673.3364      0.02699
 673.39667     0.02632
 673.45693     0.0264
 673.5172      0.02638
 673.57746     0.02602
 673.63772     0.025
 673.69799     0.02454
 673.75825     0.02468
 673.81852     0.02497
 673.87878     0.02379
 673.93905     0.02275
 673.99931     0.02312
 674.05958     0.02368
 674.11984     0.02327
 674.18011     0.02189
 674.24037     0.0218
 674.30064     0.02242
 674.3609      0.0216
 674.42116     0.02088
 674.48143     0.02006
 674.54169     0.01993
 674.60196     0.02014
 674.66222     0.01857
 674.72249     0.01741
 674.78275     0.01851
 674.84302     0.01958
 674.90328     0.01861
 674.96355     0.01699
 675.02381     0.01641
 675.08407     0.01704
 675.14434     0.01789
 675.2046      0.01717
 675.26487     0.01606
 675.32513     0.01582
 675.3854      0.01666
 675.44566     0.016
 675.50593     0.01509
 675.56619     0.01305
 675.62646     0.01293
 675.68672     0.01401
 675.74699     0.01297
 675.80725     0.01685
 675.86752     0.02258
 675.92778     0.01977
 675.98804     0.02681
 676.04831     0.02566
 676.10857     0.00581
 676.16884     0.00369
 676.2291      0.01086
 676.28937     0.00448
 676.34963     0.00754
 676.4099      0.0147
 676.47016     0.00818
 676.53043     0.00925
 676.59069     0.00945
 676.65095     0.0091
 676.71122     0.00955
 676.77148     0.00901
 676.83175     0.00802
 676.89201     0.0077
 676.95228     0.00837
 677.01254     0.00763
 677.07281     0.00652
 677.13307     0.0064
 677.19334     0.0073
 677.2536      0.00767
 677.31386     0.00656
 677.37413     0.00559
 677.43439     0.00633
 677.49466     0.00695
 677.55492     0.00626
 677.61519     0.00544
 677.67545     0.00516
 677.73572     0.00568
 677.79598     0.00578
 677.85625     0.00498
 677.91651     0.00462
 677.97678     0.00501
 678.03704     0.00432
 678.09731     0.0032
 678.15757     0.00271
 678.21783     0.00327
 678.2781      0.00245
 678.33836     0.00162
 678.39863     0.00123
 678.45889     7.3048E-4
 678.51916     0.00116
 678.57942     0.00134
 678.63969     3.98514E-4
 678.69995    -4.06475E-4
 678.76022     9.7536E-5
 678.82048     0.00116
 678.88075     7.10558E-4
 678.94101    -5.43431E-4
 679.00127    -2.18419E-4
 679.06154     2.86592E-4
 679.1218      6.50603E-4
 679.18207    -6.26386E-4
 679.24233    -3.23748E-5
 679.3026      0.00163
 679.36286     0.00129
 679.42313     8.04659E-4
 679.48339     1.0867E-4
 679.54365     8.30681E-4
 679.60392     0.00107
 679.66418     8.70703E-4
 679.72445    -1.40286E-4
 679.78471    -1.12274E-4
 679.84498     0.00107
 679.90524     0.00135
 679.96551     6.17759E-4
 680.02577     5.1177E-4
 680.08604     8.48781E-4
 680.1463      8.73792E-4
 680.20657     4.77804E-4
 680.26683     1.31815E-4
 680.32709     4.80826E-4
 680.38736     7.64837E-4
 680.44762     6.34848E-4
 680.50789     3.78594E-5
 680.56815    -1.3713E-4
 680.62842     8.01882E-4
 680.68868     0.00118
 680.74895     5.93904E-4
 680.80921     1.71915E-4
 680.86948    -5.90738E-5
 680.92974    -1.32063E-4
 680.99001    -1.09171E-4
 681.05027    -7.92001E-4
 681.11054    -0.00111
 681.1708     -4.46663E-4
 681.23106    -5.21493E-4
 681.29133    -0.00133
 681.35159    -0.00168
 681.41186    -6.56985E-4
 681.47212     2.21185E-4
 681.53239    -7.22646E-4
 681.59265    -0.00127
 681.65292    -6.19307E-4
 681.71318    -4.60138E-4
 681.77345    -9.01968E-4
 681.83371    -8.40799E-4
 681.89397     3.52371E-4
 681.95424     9.654E-5
 682.0145     -0.00309
 682.07477    -0.00484
 682.13503    -8.75952E-4
 682.1953      0.00124
 682.25556    -0.00298
 682.31583    -0.00423
 682.37609    -0.00242
 682.43636    -0.00211
 682.49662    -0.00368
 682.55688    -0.0024
 682.61715    -3.29596E-4
 682.67742    -0.00153
 682.73768     0.00229
 682.79794     0.00301
 682.85821     0.00209
 682.91847     7.06251E-4
 682.97874     4.8642E-4
 683.039       8.2959E-4
 683.09927     4.92759E-4
 683.15953    -8.51071E-4
 683.2198     -4.43902E-4
 683.28006     4.70268E-4
 683.34033    -1.16563E-4
 683.40059    -0.00124
 683.46085    -8.62224E-4
 683.52112    -4.34055E-4
 683.58138    -1.52885E-4
 683.64165    -1.87716E-4
 683.70191    -5.07546E-4
 683.76218     8.56229E-5
 683.82244     9.23792E-4
 683.88271     0.00154
 683.94297     8.45131E-4
 684.00324     2.77301E-4
 684.0635      7.5547E-4
 684.12377     0.00136
 684.18403     9.30809E-4
 684.24429     1.21978E-4
 684.30456     7.52148E-4
 684.36482     0.00137
 684.42509     7.92487E-4
 684.48535    -1.98344E-4
 684.54562     1.98255E-5
 684.60588     0.00109
 684.66615     0.0012
 684.72641     2.65334E-4
 684.78668    -3.29497E-4
 684.84694     1.14673E-4
 684.9072      9.37842E-4
 684.96747     5.90116E-5
 685.02773    -7.06819E-4
 685.088      -2.3965E-4
 685.14826     2.6152E-4
 685.20853    -2.36311E-4
 685.26879    -7.56141E-4
 685.32906    -8.67972E-4
 685.38932    -6.03802E-4
 685.44959    -3.09633E-4
 685.50985    -2.14464E-4
 685.57012    -8.18294E-4
 685.63038    -5.82125E-4
 685.69065    -2.79552E-5
 685.75091    -1.73786E-4
 685.81117    -8.25616E-4
 685.87144    -7.01447E-4
 685.9317     -6.22775E-5
 685.99197    -7.61081E-5
 686.05223    -7.36939E-4
 686.1125     -9.70769E-4
 686.17276     3.084E-4
 686.23303     5.2757E-4
 686.29329    -1.07261E-4
 686.35356    -3.28092E-4
 686.41382     2.62078E-4
 686.47408     8.90247E-4
 686.53435     5.30417E-4
 686.59461    -1.24138E-5
 686.65488     1.52756E-4
 686.71514     8.77925E-4
 686.77541     0.00112
 686.83567     2.42264E-4
 686.89594    -1.59567E-4
 686.9562      1.18603E-4
 687.01647     0.00113
 687.07673     0.0012
 687.13699     5.71111E-5
 687.19726    -1.90719E-4
 687.25752     1.7945E-4
 687.31779    -5.63806E-5
 687.37805    -0.00132
 687.43832    -0.00142
 687.49858    -4.80872E-4
 687.55885     2.12971E-5
 687.61911    -5.68533E-4
 687.67938    -0.00114
 687.73964    -6.98195E-4
 687.79991    -2.18025E-4
 687.86017    -5.97856E-4
 687.92044    -0.00117
 687.9807     -8.70517E-4
 688.04096    -1.61347E-4
 688.10123     1.94822E-4
 688.16149    -2.90086E-5
 688.22176     2.91609E-5
 688.28202    -6.66968E-6
 688.34229     2.065E-4
 688.40255     1.29669E-4
 688.46282    -0.00174
 688.52308    -0.00417
 688.58335     0.00114
 688.64361    -0.00176
 688.70388    -0.00128
 688.76414    -0.00303
 688.8244     -5.57145E-4
 688.88467     0.00403
 688.94493    -0.00178
 689.0052     -0.00183
 689.06546    -7.44671E-5
 689.12573     6.81702E-4
 689.18599     2.04872E-4
 689.24626    -0.00106
 689.30652    -4.86789E-4
 689.36679     5.1938E-4
 689.42705     4.29549E-4
 689.48731    -5.92281E-4
 689.54758    -7.18112E-4
 689.60784    -5.79422E-5
 689.66811    -3.61773E-4
 689.72837    -9.51603E-4
 689.78864    -0.00127
 689.8489     -0.00126
 689.90917    -7.39095E-4
 689.96943    -7.37926E-4
 690.0297     -0.0011
 690.08996    -9.25587E-4
 690.15022    -2.37417E-4
 690.21049     4.77521E-5
 690.27076    -7.40078E-4
 690.33102    -6.77909E-4
 690.39128     2.5626E-4
 690.45155     5.2343E-4
 690.51181     1.95993E-5
 690.57208    -4.16231E-4
 690.63234    -4.40619E-5
 690.69261     8.89108E-4
 690.75287     7.44277E-4
 690.81314    -2.22554E-4
 690.8734     -4.48384E-4
 690.93367     3.10785E-4
 690.99393     8.75955E-4
 691.05419     5.51241E-5
 691.11446    -5.27706E-4
 691.17472     1.37463E-4
 691.23499     6.08632E-4
 691.29525     3.62802E-4
 691.35552    -3.51029E-4
 691.41578    -4.42859E-4
 691.47605    -5.86898E-5
 691.53631    -1.1252E-4
 691.59658    -4.54351E-4
 691.65684    -3.67182E-4
 691.7171      4.37988E-4
 691.77737     5.24157E-4
 691.83763    -8.16733E-5
 691.8979     -3.68504E-4
 691.95816    -1.03334E-4
 692.01843    -1.87165E-4
 692.07869     3.35004E-4
 692.13896    -3.95826E-4
 692.19922    -7.64657E-4
 692.25949    -1.90487E-4
 692.31975    -4.31779E-6
 692.38002    -4.68148E-4
 692.44028    -0.00111
 692.50054    -4.02809E-4
 692.56081     6.7336E-4
 692.62107     2.67529E-4
 692.68134    -7.27301E-4
 692.7416     -5.08132E-4
 692.80187     2.86038E-4
 692.86213     5.31207E-4
 692.9224     -3.46623E-4
 692.98266    -7.34454E-4
 693.04293     2.17715E-4
 693.10319     0.00103
 693.16346     8.08054E-4
 693.22372     5.82237E-5
 693.28399     3.66393E-4
 693.34425     0.00119
 693.40451     0.00103
 693.46478     6.69014E-5
 693.52504     7.91071E-4
 693.58531     0.0019
 693.64557     0.00152
 693.70584     2.27579E-4
 693.7661     -4.07251E-4
 693.82637     2.33918E-4
 693.88663     7.87087E-4
 693.9469      5.43257E-4
 694.00716    -2.89574E-4
 694.06742    -4.21404E-4
 694.12769     1.99765E-4
 694.18795     1.69935E-4
 694.24822    -4.34896E-4
 694.30848    -5.34727E-4
 694.36875     2.97443E-4
 694.42901     0.00131
 694.48928     5.88782E-4
 694.54954     1.79951E-4
 694.60981     8.94121E-4
 694.67007     0.00202
 694.73033    -0.00119
 694.7906     -0.00177
 694.85086     0.00263
 694.91113     6.21968E-4
 694.97139     0.00298
 695.03166     0.00278
 695.09192    -0.00222
 695.15219    -0.00261
 695.21245    -0.00335
 695.27272    -0.00408
 695.33298    -0.00242
 695.39325    -1.67677E-4
 695.45351     3.63493E-4
 695.51378    -5.61338E-4
 695.57404    -7.30168E-4
 695.6343     -6.73999E-4
 695.69457    -1.8783E-4
 695.75483    -4.16602E-5
 695.8151     -7.93491E-4
 695.87536    -0.00119
 695.93563    -9.06152E-4
 695.99589    -6.26982E-4
 696.05616    -8.83813E-4
 696.11642    -0.00197
 696.17669    -0.00204
 696.23695    -0.001
 696.29722    -6.61135E-4
 696.35748    -0.00161
 696.41774    -0.00204
 696.47801    -0.00129
 696.53827    -9.44458E-4
 696.59854    -0.0014
 696.6588     -0.00197
 696.71907    -0.00106
 696.77933    -9.67799E-5
 696.8396     -2.7361E-4
 696.89986    -0.00125
 696.96012    -0.00133
 697.02039    -4.44102E-4
 697.08065     3.40673E-5
 697.14092    -4.63763E-4
 697.20118    -8.01594E-4
 697.26145    -3.72424E-4
 697.32171     4.96745E-4
 697.38198     1.88914E-4
 697.44224    -5.94916E-4
 697.50251    -1.95747E-4
 697.56277     5.50423E-4
 697.62304     4.38592E-4
 697.6833     -3.36238E-4
 697.74356    -5.57069E-4
 697.80383    -4.98995E-5
 697.86409     3.2227E-4
 697.92436    -5.95607E-5
 697.98462    -9.12391E-4
 698.04489    -8.90222E-4
 698.10515     4.12948E-4
 698.16542     2.85117E-4
 698.22568    -6.36714E-4
 698.28595    -0.00132
 698.34621    -4.51375E-4
 698.40648     6.82795E-4
 698.46674    -1.94036E-4
 698.52701    -0.00117
 698.58727    -0.00108
 698.64753    -3.90528E-4
 698.7078     -9.39358E-4
 698.76806    -0.00198
 698.82833    -0.00117
 698.88859    -6.0185E-4
 698.94886    -4.6968E-4
 699.00912    -8.97511E-4
 699.06939    -0.00113
 699.12965    -8.43172E-4
 699.18992    -1.19003E-4
 699.25018    -3.74833E-4
 699.31044    -4.22664E-4
 699.37071     1.91506E-4
 699.43097     5.17675E-4
 699.49124    -6.01554E-5
 699.5515     -9.30986E-4
 699.61177    -4.93817E-4
 699.67203     5.66353E-4
 699.7323      7.71522E-4
 699.79256     4.69692E-4
 699.85283    -5.51389E-5
 699.91309     1.88031E-4
 699.97335     0.00125
