 640.01008     8.39376E-4
 640.07034     5.74376E-4
 640.1306     -1.89624E-4
 640.19087     7.49376E-4
 640.25113     0.00237
 640.3114      0.00153
 640.37166    -1.84624E-4
 640.43193     7.33758E-5
 640.49219     7.98376E-4
 640.55246     0.00209
 640.61272     0.00127
 640.67299     7.37376E-4
 640.73325     0.00118
 640.79352     0.00132
 640.85378     6.64376E-4
 640.91404    -3.91624E-4
 640.97431    -7.99624E-4
 641.03457     6.32376E-4
 641.09484     0.00207
 641.1551      0.00124
 641.21537    -0.00103
 641.27563    -0.00183
 641.3359     -8.31624E-4
 641.39616    -6.78624E-4
 641.45643    -9.69624E-4
 641.51669    -0.00119
 641.57696    -5.37624E-4
 641.63722     4.01376E-4
 641.69749    -4.16624E-4
 641.75775    -0.00143
 641.81801    -6.65624E-4
 641.87828     3.63376E-4
 641.93854    -7.73624E-4
 641.99881    -0.00211
 642.05907    -6.95624E-4
 642.11934    -4.66242E-5
 642.1796     -7.62624E-4
 642.23987    -0.00147
 642.30013    -8.04624E-4
 642.3604      6.46376E-4
 642.42066     0.0015
 642.48092     3.96376E-4
 642.54119    -9.16242E-5
 642.60145     0.00101
 642.66172     0.00166
 642.72198     0.00118
 642.78225     2.73758E-5
 642.84251     9.59376E-4
 642.90278     0.00182
 642.96304     9.68376E-4
 643.02331     6.19376E-4
 643.08357     8.80376E-4
 643.14384     0.00122
 643.2041      0.00132
 643.26437     2.30376E-4
 643.32463    -3.06624E-4
 643.38489     4.55376E-4
 643.44516     0.00106
 643.50542     3.03376E-4
 643.56569    -1.58624E-4
 643.62595     5.79376E-4
 643.68622     9.99376E-4
 643.74648     3.54376E-4
 643.80675     5.83758E-5
 643.86701     4.30376E-4
 643.92728     0.00185
 643.98754     0.00333
 644.04781     0.00238
 644.10807    -0.00495
 644.16833    -0.00619
 644.2286      6.46376E-4
 644.28886     6.63758E-5
 644.34913    -0.00481
 644.40939    -0.00768
 644.46966    -0.00356
 644.52992     1.68376E-4
 644.59019     7.37578E-6
 644.65045    -0.00378
 644.71072    -0.00487
 644.77098     0.00254
 644.83124     0.00211
 644.89151    -0.00103
 644.95177     2.37578E-6
 645.01204     0.00179
 645.0723      0.00154
 645.13257     5.82376E-4
 645.19283     3.39376E-4
 645.2531      0.00129
 645.31336     0.0019
 645.37363     9.86376E-4
 645.43389     4.19376E-4
 645.49415     0.00101
 645.55442     0.00188
 645.61468     9.20376E-4
 645.67495    -3.76624E-4
 645.73521     1.43376E-4
 645.79548     0.00135
 645.85574     9.25376E-4
 645.91601    -5.46242E-5
 645.97627    -3.51624E-4
 646.03654     6.05376E-4
 646.0968      0.00133
 646.15707     4.28376E-4
 646.21733    -3.93624E-4
 646.2776      2.46376E-4
 646.33786     0.00108
 646.39812     8.54376E-4
 646.45839     5.67376E-4
 646.51865     6.37376E-4
 646.57892     0.0017
 646.63918     0.00192
 646.69945     8.87376E-4
 646.75971     8.65376E-4
 646.81998     0.00192
 646.88024     0.00268
 646.94051     0.00223
 647.00077     0.00124
 647.06103     0.00176
 647.1213      0.00325
 647.18156     0.00314
 647.24183     0.002
 647.30209     0.00218
 647.36236     0.00302
 647.42262     0.0024
 647.48289     0.00153
 647.54315     0.00135
 647.60342     0.00183
 647.66368     0.00244
 647.72394     0.00193
 647.78421     0.00119
 647.84447     0.00173
 647.90474     0.00233
 647.965       0.00176
 648.02527     9.14376E-4
 648.08553     8.66376E-4
 648.1458      0.00196
 648.20606     0.00209
 648.26633     0.00106
 648.32659     7.74376E-4
 648.38686     0.00147
 648.44712     0.00222
 648.50739     0.0026
 648.56765     0.00209
 648.62791     0.00224
 648.68818     0.00313
 648.74844     0.00327
 648.80871     0.00277
 648.86897     0.00236
 648.92924     0.00316
 648.9895      0.00359
 649.04977     0.00358
 649.11003     0.00381
 649.1703      0.0044
 649.23056     0.00542
 649.29083     0.00512
 649.35109     0.00432
 649.41135     0.00462
 649.47162     0.00535
 649.53188     0.00552
 649.59215     0.00496
 649.65241     0.00396
 649.71268     0.00481
 649.77294     0.0058
 649.83321     0.00558
 649.89347     0.00424
 649.95374     0.00431
 650.014       0.00574
 650.07426     0.00581
 650.13453     0.00493
 650.19479     0.00463
 650.25506     0.00497
 650.31532     0.00595
 650.37559     0.00625
 650.43585     0.00532
 650.49612     0.00455
 650.55638     0.00544
 650.61665     0.00977
 650.67691     0.0106
 650.73717     0.00714
 650.79744     0.01215
 650.85771     0.01307
 650.91797     0.01182
 650.97823     0.01248
 651.0385      0.01421
 651.09876     0.01511
 651.15903     0.01384
 651.21929     0.0133
 651.27956     0.01372
 651.33982     0.01503
 651.40009     0.01506
 651.46035     0.01442
 651.52062     0.014
 651.58088     0.01465
 651.64114     0.01478
 651.70141     0.01346
 651.76167     0.01325
 651.82194     0.0149
 651.8822      0.01581
 651.94247     0.01459
 652.00273     0.0139
 652.063       0.01512
 652.12326     0.01671
 652.18353     0.01694
 652.24379     0.01662
 652.30405     0.01715
 652.36432     0.01856
 652.42458     0.01969
 652.48485     0.01985
 652.54511     0.0205
 652.60538     0.02268
 652.66564     0.02552
 652.72591     0.02702
 652.78617     0.02871
 652.84644     0.03189
 652.9067      0.03544
 652.96697     0.0381
 653.02723     0.03987
 653.08749     0.0423
 653.14776     0.04617
 653.20802     0.05079
 653.26829     0.0543
 653.32855     0.0578
 653.38882     0.06167
 653.44908     0.06599
 653.50935     0.07025
 653.56961     0.07267
 653.62988     0.07558
 653.69014     0.08156
 653.75041     0.08789
 653.81067     0.0939
 653.87094     0.10412
 653.9312      0.11545
 653.99146     0.12884
 654.05173     0.14293
 654.11199     0.15693
 654.17226     0.17578
 654.23252     0.19876
 654.29279     0.22188
 654.35305     0.24276
 654.41332     0.25976
 654.47358     0.2708
 654.53385     0.27647
 654.59411     0.27757
 654.65437     0.27537
 654.71464     0.27211
 654.7749      0.26647
 654.83517     0.25643
 654.89543     0.24421
 654.9557      0.23389
 655.01596     0.22464
 655.07623     0.21395
 655.13649     0.20203
 655.19676     0.19042
 655.25702     0.17977
 655.31728     0.1696
 655.37755     0.16013
 655.43781     0.15019
 655.49808     0.1416
 655.55834     0.13417
 655.61861     0.1253
 655.67887     0.11746
 655.73914     0.11073
 655.7994      0.10517
 655.85967     0.09891
 655.91993     0.09129
 655.9802      0.08572
 656.04046     0.08186
 656.10073     0.07752
 656.16099     0.07211
 656.22125     0.06659
 656.28152     0.06226
 656.34178     0.05901
 656.40205     0.05589
 656.46231     0.05186
 656.52258     0.04723
 656.58284     0.0448
 656.64311     0.04431
 656.70337     0.0453
 656.76364     0.04385
 656.8239      0.04363
 656.88417     0.03324
 656.94443     0.02172
 657.00469     0.02023
 657.06496     0.01082
 657.12522     0.02628
 657.18549     0.02386
 657.24575     0.03108
 657.30602     0.03729
 657.36628     0.03808
 657.42655     0.04335
 657.48681     0.03943
 657.54707     0.03754
 657.60734     0.03835
 657.6676      0.03993
 657.72787     0.04027
 657.78813     0.04075
 657.8484      0.04196
 657.90866     0.04516
 657.96893     0.0474
 658.02919     0.04835
 658.08946     0.04996
 658.14972     0.05301
 658.20999     0.05737
 658.27025     0.06011
 658.33051     0.06245
 658.39078     0.06697
 658.45105     0.07248
 658.51131     0.07823
 658.57157     0.0842
 658.63184     0.08974
 658.6921      0.098
 658.75237     0.10859
 658.81263     0.11773
 658.8729      0.12723
 658.93316     0.14051
 658.99343     0.15596
 659.05369     0.17129
 659.11396     0.18665
 659.17422     0.20215
 659.23448     0.21869
 659.29475     0.23489
 659.35501     0.2471
 659.41528     0.25827
 659.47554     0.26811
 659.53581     0.27478
 659.59607     0.27763
 659.65634     0.27778
 659.7166      0.2784
 659.77687     0.28002
 659.83713     0.2768
 659.89739     0.27089
 659.95766     0.26604
 660.01792     0.26238
 660.07819     0.25929
 660.13845     0.25415
 660.19872     0.2466
 660.25898     0.24218
 660.31925     0.2386
 660.37951     0.23443
 660.43978     0.23058
 660.50004     0.22512
 660.56031     0.21918
 660.62057     0.21479
 660.68084     0.20988
 660.7411      0.20498
 660.80136     0.20094
 660.86163     0.1968
 660.92189     0.19066
 660.98216     0.18616
 661.04242     0.18332
 661.10269     0.18009
 661.16295     0.17604
 661.22322     0.17132
 661.28348     0.1679
 661.34375     0.16512
 661.40401     0.16021
 661.46428     0.15643
 661.52454     0.15309
 661.5848      0.14967
 661.64507     0.14731
 661.70533     0.14305
 661.7656      0.13889
 661.82586     0.13642
 661.88613     0.13495
 661.94639     0.13256
 662.00666     0.12859
 662.06692     0.12602
 662.12719     0.12466
 662.18745     0.12294
 662.24771     0.11966
 662.30798     0.11676
 662.36824     0.11503
 662.42851     0.11383
 662.48877     0.11084
 662.54904     0.1082
 662.6093      0.10665
 662.66957     0.10533
 662.72983     0.10342
 662.7901      0.10104
 662.85036     0.0988
 662.91062     0.09949
 662.97089     0.09672
 663.03115     0.09348
 663.09142     0.08702
 663.15168     0.08815
 663.21195     0.07705
 663.27221     0.07114
 663.33248     0.06984
 663.39274     0.08364
 663.45301     0.09297
 663.51327     0.08244
 663.57354     0.08624
 663.6338      0.08673
 663.69407     0.0818
 663.75433     0.07481
 663.81459     0.07474
 663.87486     0.07456
 663.93512     0.07275
 663.99539     0.07295
 664.05565     0.07203
 664.11592     0.07042
 664.17618     0.06887
 664.23645     0.06949
 664.29671     0.07009
 664.35698     0.06875
 664.41724     0.06741
 664.4775      0.06602
 664.53777     0.06644
 664.59803     0.06562
 664.6583      0.06461
 664.71856     0.06373
 664.77883     0.06436
 664.83909     0.06421
 664.89936     0.06283
 664.95962     0.06117
 665.01989     0.06091
 665.08015     0.06181
 665.14041     0.05995
 665.20068     0.05806
 665.26094     0.05829
 665.32121     0.05729
 665.38147     0.05549
 665.44174     0.05487
 665.502       0.05436
 665.56227     0.05531
 665.62253     0.05599
 665.6828      0.054
 665.74306     0.05198
 665.80333     0.05235
 665.86359     0.05177
 665.92386     0.05031
 665.98412     0.04903
 666.04438     0.04877
 666.10465     0.04949
 666.16491     0.04982
 666.22518     0.04971
 666.28544     0.0496
 666.34571     0.04992
 666.40597     0.04845
 666.46624     0.04899
 666.5265      0.04955
 666.58677     0.04827
 666.64703     0.0488
 666.7073      0.04872
 666.76756     0.0464
 666.82782     0.04619
 666.88809     0.04734
 666.94835     0.04759
 667.00862     0.04607
 667.06888     0.04549
 667.12915     0.04644
 667.18941     0.04715
 667.24968     0.04659
 667.30994     0.04528
 667.37021     0.04491
 667.43047     0.04393
 667.49073     0.04331
 667.551       0.04189
 667.61126     0.04068
 667.67153     0.04322
 667.73179     0.04377
 667.79206     0.04222
 667.85232     0.04293
 667.91259     0.0428
 667.97285     0.04322
 668.03312     0.04288
 668.09338     0.04203
 668.15364     0.04185
 668.21391     0.04115
 668.27418     0.04164
 668.33444     0.04109
 668.3947      0.03937
 668.45497     0.04244
 668.51523     0.04191
 668.5755      0.04072
 668.63576     0.03993
 668.69603     0.03984
 668.75629     0.04157
 668.81656     0.04191
 668.87682     0.04066
 668.93709     0.03942
 668.99735     0.04164
 669.05762     0.04206
 669.11788     0.04061
 669.17814     0.04084
 669.23841     0.04252
 669.29867     0.04371
 669.35894     0.04754
 669.4192      0.04171
 669.47947     0.03524
 669.53973     0.03378
 669.6         0.03721
 669.66026     0.0368
 669.72052     0.02708
 669.78079     0.04201
 669.84105     0.05103
 669.90132     0.02803
 669.96158     0.02462
 670.02185     0.03044
 670.08211     0.03507
 670.14238     0.036
 670.20264     0.03605
 670.26291     0.03511
 670.32317     0.03623
 670.38344     0.03597
 670.4437      0.0348
 670.50396     0.03277
 670.56423     0.03419
 670.62449     0.03411
 670.68476     0.0338
 670.74502     0.03298
 670.80529     0.03295
 670.86555     0.03379
 670.92582     0.03307
 670.98608     0.03225
 671.04635     0.03248
 671.10661     0.03357
 671.16688     0.0339
 671.22714     0.03326
 671.28741     0.03301
 671.34767     0.03283
 671.40793     0.03265
 671.4682      0.03216
 671.52846     0.03103
 671.58873     0.03073
 671.64899     0.03249
 671.70926     0.03229
 671.76952     0.02991
 671.82979     0.02902
 671.89005     0.03029
 671.95032     0.03072
 672.01058     0.0298
 672.07084     0.02863
 672.13111     0.02838
 672.19137     0.02875
 672.25164     0.02816
 672.3119      0.02682
 672.37217     0.02684
 672.43243     0.02801
 672.4927      0.02809
 672.55296     0.02682
 672.61323     0.02608
 672.67349     0.02712
 672.73375     0.02899
 672.79402     0.02769
 672.85428     0.02566
 672.91455     0.02599
 672.97481     0.0279
 673.03508     0.02708
 673.09534     0.02646
 673.15561     0.02562
 673.21587     0.02629
 673.27614     0.02722
 673.3364      0.0267
 673.39667     0.02594
 673.45693     0.02667
 673.5172      0.02717
 673.57746     0.02612
 673.63772     0.0252
 673.69799     0.02498
 673.75825     0.02536
 673.81852     0.0265
 673.87878     0.02513
 673.93905     0.02388
 673.99931     0.02439
 674.05958     0.02533
 674.11984     0.0238
 674.18011     0.02216
 674.24037     0.0227
 674.30064     0.02335
 674.3609      0.02293
 674.42116     0.02199
 674.48143     0.02137
 674.54169     0.0215
 674.60196     0.02196
 674.66222     0.02103
 674.72249     0.01986
 674.78275     0.0208
 674.84302     0.02198
 674.90328     0.02135
 674.96355     0.01934
 675.02381     0.01908
 675.08407     0.02069
 675.14434     0.02078
 675.2046      0.01976
 675.26487     0.01929
 675.32513     0.02013
 675.3854      0.02077
 675.44566     0.02113
 675.50593     0.02034
 675.56619     0.0207
 675.62646     0.02555
 675.68672     0.0289
 675.74699     0.02039
 675.80725     0.02609
 675.86752     0.01437
 675.92778     0.00409
 675.98804     0.0162
 676.04831     0.00269
 676.10857    -0.0157
 676.16884     0.0016
 676.2291      0.01954
 676.28937     0.01205
 676.34963     0.01282
 676.4099      0.01146
 676.47016     0.0092
 676.53043     0.00831
 676.59069     0.00795
 676.65095     0.0087
 676.71122     0.00914
 676.77148     0.00789
 676.83175     0.00746
 676.89201     0.00814
 676.95228     0.00875
 677.01254     0.00772
 677.07281     0.00652
 677.13307     0.006
 677.19334     0.00708
 677.2536      0.00774
 677.31386     0.00651
 677.37413     0.00557
 677.43439     0.00604
 677.49466     0.00673
 677.55492     0.00559
 677.61519     0.00426
 677.67545     0.00488
 677.73572     0.00611
 677.79598     0.00576
 677.85625     0.00444
 677.91651     0.00434
 677.97678     0.00488
 678.03704     0.00457
 678.09731     0.00351
 678.15757     0.00259
 678.21783     0.00319
 678.2781      0.00339
 678.33836     0.00212
 678.39863     8.70376E-4
 678.45889     6.18376E-4
 678.51916     0.00111
 678.57942     0.00153
 678.63969     5.49376E-4
 678.69995    -2.34624E-4
 678.76022    -2.37624E-4
 678.82048     3.77376E-4
 678.88075     4.76376E-4
 678.94101    -8.70624E-4
 679.00127    -0.00114
 679.06154     5.73758E-5
 679.1218     -1.26624E-4
 679.18207    -0.00151
 679.24233    -9.99624E-4
 679.3026      0.00111
 679.36286     0.00199
 679.42313     0.00106
 679.48339     0.00101
 679.54365     0.00147
 679.60392     0.00159
 679.66418     0.00154
 679.72445     3.42376E-4
 679.78471     9.06376E-4
 679.84498     0.00217
 679.90524     0.002
 679.96551     0.00101
 680.02577     8.49376E-4
 680.08604     0.00162
 680.1463      0.00258
 680.20657     0.00219
 680.26683     0.00116
 680.32709     0.00114
 680.38736     0.00146
 680.44762     0.00131
 680.50789     1.00376E-4
 680.56815    -5.11624E-4
 680.62842     5.90376E-4
 680.68868     9.03376E-4
 680.74895     2.71376E-4
 680.80921    -3.50624E-4
 680.86948    -6.86242E-5
 680.92974     8.58376E-4
 680.99001     4.75376E-4
 681.05027    -0.00138
 681.11054    -9.93624E-4
 681.1708     -9.96242E-5
 681.23106    -6.85624E-4
 681.29133    -0.00183
 681.35159    -0.00192
 681.41186    -3.05624E-4
 681.47212     5.11376E-4
 681.53239    -5.08624E-4
 681.59265    -0.00106
 681.65292     3.43758E-5
 681.71318     6.24376E-4
 681.77345    -8.18624E-4
 681.83371    -0.00135
 681.89397     5.83758E-5
 681.95424     3.03376E-4
 682.0145     -0.00126
 682.07477    -0.00645
 682.13503    -0.00903
 682.1953     -0.00225
 682.25556    -4.15624E-4
 682.31583    -0.00448
 682.37609     0.00124
 682.43636     0.0044
 682.49662     0.00741
 682.55688     0.00475
 682.61715    -0.00131
 682.67742     0.00125
 682.73768     0.00133
 682.79794     0.00375
 682.85821     0.00364
 682.91847     0.00174
 682.97874     0.00193
 683.039       0.00242
 683.09927     0.00175
 683.15953     3.36376E-4
 683.2198      6.27376E-4
 683.28006     0.00178
 683.34033     0.00123
 683.40059    -4.82624E-4
 683.46085    -4.90624E-4
 683.52112     4.82376E-4
 683.58138     8.03376E-4
 683.64165     4.36376E-4
 683.70191     9.23758E-5
 683.76218     5.46376E-4
 683.82244     0.00125
 683.88271     0.00128
 683.94297     8.06376E-4
 684.00324     9.38376E-4
 684.0635      0.00211
 684.12377     0.00273
 684.18403     0.00174
 684.24429     0.00129
 684.30456     0.00218
 684.36482     0.00263
 684.42509     0.00239
 684.48535     0.00159
 684.54562     0.0016
 684.60588     0.00289
 684.66615     0.00298
 684.72641     0.00172
 684.78668     8.23376E-4
 684.84694     0.00146
 684.9072      0.00209
 684.96747     0.00117
 685.02773    -6.16242E-5
 685.088       4.17376E-4
 685.14826     8.81376E-4
 685.20853     3.43376E-4
 685.26879    -3.85624E-4
 685.32906    -6.77624E-4
 685.38932     7.26376E-4
 685.44959     8.11376E-4
 685.50985    -5.23624E-4
 685.57012    -0.00122
 685.63038    -4.70624E-4
 685.69065     5.56376E-4
 685.75091     4.93376E-4
 685.81117    -1.99624E-4
 685.87144     5.51376E-4
 685.9317      0.00149
 685.99197     0.00102
 686.05223    -7.26242E-5
 686.1125     -1.56624E-4
 686.17276     0.00125
 686.23303     0.00173
 686.29329     0.00126
 686.35356     7.64376E-4
 686.41382     0.00135
 686.47408     0.0024
 686.53435     0.00162
 686.59461     6.60376E-4
 686.65488     0.00123
 686.71514     0.00258
 686.77541     0.00287
 686.83567     0.00146
 686.89594     8.58376E-4
 686.9562      0.00154
 687.01647     0.00176
 687.07673     0.00121
 687.13699     2.12376E-4
 687.19726     3.37376E-4
 687.25752     0.00107
 687.31779     5.63376E-4
 687.37805    -8.61624E-4
 687.43832    -0.00127
 687.49858    -1.76242E-5
 687.55885     8.22376E-4
 687.61911     4.33758E-5
 687.67938    -0.00104
 687.73964    -5.65624E-4
 687.79991    -3.66242E-5
 687.86017    -2.28624E-4
 687.92044    -0.00111
 687.9807     -7.64624E-4
 688.04096     1.63376E-4
 688.10123     3.50376E-4
 688.16149    -4.04624E-4
 688.22176    -7.16624E-4
 688.28202     2.51376E-4
 688.34229     0.00201
 688.40255     0.00228
 688.46282    -0.00113
 688.52308    -0.00123
 688.58335    -1.72624E-4
 688.64361    -3.57624E-4
 688.70388     0.00379
 688.76414     0.00709
 688.8244      0.00641
 688.88467     0.00724
 688.94493    -0.00175
 689.0052     -0.00231
 689.06546     0.00227
 689.12573     0.00329
 689.18599     0.00255
 689.24626     6.66376E-4
 689.30652     0.00101
 689.36679     0.00184
 689.42705     0.00147
 689.48731     4.92376E-4
 689.54758     3.86376E-4
 689.60784     0.00135
 689.66811     0.00114
 689.72837     3.03758E-5
 689.78864    -5.21624E-4
 689.8489      6.03758E-5
 689.90917     7.18376E-4
 689.96943     1.12376E-4
 690.0297     -7.66624E-4
 690.08996    -4.24624E-4
 690.15022     8.95376E-4
 690.21049     0.00148
 690.27076     3.55376E-4
 690.33102    -2.33624E-4
 690.39128     8.99376E-4
 690.45155     0.00192
 690.51181     0.00131
 690.57208     7.76376E-4
 690.63234     0.00157
 690.69261     0.00272
 690.75287     0.00254
 690.81314     0.00101
 690.8734      5.25376E-4
 690.93367     0.00179
 690.99393     0.00241
 691.05419     0.00134
 691.11446     9.67376E-4
 691.17472     0.00191
 691.23499     0.00238
 691.29525     0.0018
 691.35552     6.42376E-4
 691.41578     4.77376E-4
 691.47605     0.0012
 691.53631     0.00147
 691.59658     6.51376E-4
 691.65684     4.71376E-4
 691.7171      7.03376E-4
 691.77737     5.03376E-4
 691.83763    -3.31624E-4
 691.8979     -7.27624E-4
 691.95816    -2.47624E-4
 692.01843     6.88376E-4
 692.07869     3.06376E-4
 692.13896    -4.01624E-4
 692.19922    -5.04624E-4
 692.25949     4.24376E-4
 692.31975     7.70376E-4
 692.38002    -3.16624E-4
 692.44028    -0.00117
 692.50054     1.67376E-4
 692.56081     0.00176
 692.62107     8.89376E-4
 692.68134    -2.83624E-4
 692.7416      4.28376E-4
 692.80187     0.00149
 692.86213     0.00199
 692.9224      9.88376E-4
 692.98266     3.60376E-4
 693.04293     0.00135
 693.10319     0.00241
 693.16346     0.00185
 693.22372     8.03376E-4
 693.28399     0.00124
 693.34425     0.00244
 693.40451     0.00195
 693.46478     7.50376E-4
 693.52504     0.00132
 693.58531     0.0021
 693.64557     0.00214
 693.70584     0.00135
 693.7661      2.56376E-4
 693.82637     6.36376E-4
 693.88663     0.00144
 693.9469      8.40376E-4
 694.00716    -3.39624E-4
 694.06742    -1.69624E-4
 694.12769     7.95376E-4
 694.18795     8.60376E-4
 694.24822    -1.12624E-4
 694.30848    -7.16242E-5
 694.36875     0.00122
 694.42901     0.00236
 694.48928     0.0015
 694.54954     0.00114
 694.60981     0.00178
 694.67007     0.00172
 694.73033     0.0026
 694.7906      0.00171
 694.85086     0.00234
 694.91113    -3.88624E-4
 694.97139     0.00144
 695.03166     0.00182
 695.09192    -0.00368
 695.15219    -0.005
 695.21245     6.66376E-4
 695.27272     0.00182
 695.33298    -0.00114
 695.39325    -7.33624E-4
 695.45351     8.91376E-4
 695.51378    -2.52624E-4
 695.57404    -7.33624E-4
 695.6343     -4.66624E-4
 695.69457     8.73376E-4
 695.75483     0.0013
 695.8151      3.33376E-4
 695.87536    -5.26624E-4
 695.93563    -4.22624E-4
 695.99589     4.35376E-4
 696.05616    -1.29624E-4
 696.11642    -0.00161
 696.17669    -0.00153
 696.23695    -2.95624E-4
 696.29722     1.19376E-4
 696.35748    -0.00104
 696.41774    -0.00186
 696.47801    -0.00108
 696.53827    -3.86242E-5
 696.59854    -6.64624E-4
 696.6588     -0.00162
 696.71907    -0.00111
 696.77933     1.00376E-4
 696.8396      4.03376E-4
 696.89986    -6.52624E-4
 696.96012    -8.47624E-4
 697.02039     5.08376E-4
 697.08065     0.00113
 697.14092     1.07376E-4
 697.20118    -3.99624E-4
 697.26145     4.07376E-4
 697.32171     0.0015
 697.38198     0.00129
 697.44224     2.73758E-5
 697.50251     3.10376E-4
 697.56277     0.00169
 697.62304     0.00177
 697.6833      6.65376E-4
 697.74356     3.91376E-4
 697.80383     0.00114
 697.86409     0.00103
 697.92436     2.29376E-4
 697.98462    -3.62624E-4
 698.04489     3.85376E-4
 698.10515     0.00117
 698.16542     4.76376E-4
 698.22568    -6.21624E-4
 698.28595    -8.61624E-4
 698.34621     2.17376E-4
 698.40648     2.06376E-4
 698.46674    -6.19624E-4
 698.52701    -0.0012
 698.58727    -9.81624E-4
 698.64753     1.33758E-5
 698.7078     -6.38624E-4
 698.76806    -0.00152
 698.82833    -0.00108
 698.88859    -1.42624E-4
 698.94886     3.21376E-4
 699.00912    -8.25624E-4
 699.06939    -0.00161
 699.12965    -5.52624E-4
 699.18992     2.54376E-4
 699.25018    -2.30624E-4
 699.31044    -1.82624E-4
 699.37071     7.35376E-4
 699.43097     0.00142
 699.49124     9.47376E-4
 699.5515     -1.35624E-4
 699.61177     4.55376E-4
 699.67203     0.00169
 699.7323      0.00131
 699.79256     8.33376E-4
 699.85283     4.29376E-4
 699.91309     9.78376E-4
 699.97335     0.00218
