 640.01008     9.64594E-4
 640.07034     0.00173
 640.1306      0.00184
 640.19087     0.00193
 640.25113     0.00111
 640.3114      0.00223
 640.37166     0.00134
 640.43193     2.15941E-5
 640.49219     9.59594E-4
 640.55246     0.00168
 640.61272     9.57594E-4
 640.67299     4.85594E-4
 640.73325     7.31594E-4
 640.79352     0.00157
 640.85378     0.00197
 640.91404     7.62594E-4
 640.97431     3.05594E-4
 641.03457     2.81594E-4
 641.09484    -9.59406E-4
 641.1551     -8.11406E-4
 641.21537    -7.92406E-4
 641.27563    -0.00103
 641.3359      0.00133
 641.39616    -0.00139
 641.45643    -0.00289
 641.51669    -0.00179
 641.57696    -0.00144
 641.63722    -0.00177
 641.69749    -0.00309
 641.75775    -0.00133
 641.81801    -9.64406E-4
 641.87828    -0.0011
 641.93854    -7.40406E-4
 641.99881    -9.64406E-4
 642.05907    -3.54406E-4
 642.11934     2.85941E-5
 642.1796      2.05941E-5
 642.23987    -9.61406E-4
 642.30013    -0.00101
 642.3604     -5.40591E-6
 642.42066     3.59594E-4
 642.48092     1.28594E-4
 642.54119    -2.71406E-4
 642.60145    -1.59406E-4
 642.66172     4.49594E-4
 642.72198    -1.40406E-4
 642.78225    -9.07406E-4
 642.84251    -3.17406E-4
 642.90278     3.47594E-4
 642.96304     5.41594E-4
 643.02331     1.94594E-4
 643.08357    -3.70406E-4
 643.14384     5.77594E-4
 643.2041      0.00101
 643.26437     3.36594E-4
 643.32463    -9.71406E-4
 643.38489    -0.001
 643.44516    -2.68406E-4
 643.50542    -1.04406E-4
 643.56569    -0.00145
 643.62595    -6.95406E-4
 643.68622    -2.79406E-4
 643.74648    -6.58406E-4
 643.80675    -0.00135
 643.86701    -0.00127
 643.92728     2.59594E-4
 643.98754    -4.41406E-4
 644.04781    -0.00353
 644.10807    -0.00492
 644.16833    -0.00194
 644.2286      0.00445
 644.28886     0.00499
 644.34913     0.00682
 644.40939     0.00473
 644.46966     0.00515
 644.52992     0.00303
 644.59019    -0.00141
 644.65045     4.89594E-4
 644.71072    -0.00104
 644.77098     0.00685
 644.83124     0.00824
 644.89151     0.00529
 644.95177    -4.94406E-4
 645.01204    -0.00143
 645.0723     -0.00129
 645.13257    -1.75406E-4
 645.19283    -1.02406E-4
 645.2531      4.77594E-4
 645.31336     0.00132
 645.37363     8.37594E-4
 645.43389     3.59409E-6
 645.49415    -2.02406E-4
 645.55442     3.92594E-4
 645.61468     9.05594E-4
 645.67495    -8.07406E-4
 645.73521    -9.57406E-4
 645.79548    -7.48406E-4
 645.85574    -8.96406E-4
 645.91601    -7.02406E-4
 645.97627    -3.22406E-4
 646.03654     2.37594E-4
 646.0968     -2.84059E-5
 646.15707    -2.44059E-5
 646.21733    -9.44059E-5
 646.2776      5.23594E-4
 646.33786     0.00155
 646.39812     9.38594E-4
 646.45839    -1.64059E-5
 646.51865     2.95941E-5
 646.57892     7.12594E-4
 646.63918     7.70594E-4
 646.69945     4.52594E-4
 646.75971     5.08594E-4
 646.81998     0.00128
 646.88024     0.00161
 646.94051     0.00122
 647.00077     6.65941E-5
 647.06103     3.64594E-4
 647.1213      0.00121
 647.18156     6.81594E-4
 647.24183     5.25941E-5
 647.30209    -0.00101
 647.36236    -2.53406E-4
 647.42262     1.12594E-4
 647.48289     5.49594E-4
 647.54315     7.77594E-4
 647.60342     0.00106
 647.66368     0.00237
 647.72394     0.00291
 647.78421     0.00127
 647.84447    -6.14059E-5
 647.90474     6.43594E-4
 647.965       0.00155
 648.02527     0.00135
 648.08553     0.0016
 648.1458      0.00195
 648.20606     0.00217
 648.26633     0.00146
 648.32659     7.90594E-4
 648.38686     0.00131
 648.44712     0.00184
 648.50739     5.41594E-4
 648.56765    -3.08406E-4
 648.62791     1.15594E-4
 648.68818     8.35594E-4
 648.74844     0.00124
 648.80871     7.33594E-4
 648.86897     9.75941E-5
 648.92924     0.00122
 648.9895      0.00232
 649.04977     0.00163
 649.11003     0.00181
 649.1703      0.00287
 649.23056     0.00307
 649.29083     0.00319
 649.35109     0.00295
 649.41135     0.00293
 649.47162     0.00343
 649.53188     0.00338
 649.59215     0.00259
 649.65241     0.00237
 649.71268     0.00335
 649.77294     0.00385
 649.83321     0.00329
 649.89347     0.00327
 649.95374     0.00324
 650.014       0.00389
 650.07426     0.00382
 650.13453     0.00279
 650.19479     0.00285
 650.25506     0.00329
 650.31532     0.00275
 650.37559     0.00147
 650.43585     0.00134
 650.49612     0.00313
 650.55638     0.00728
 650.61665     0.00691
 650.67691     0.00406
 650.73717     0.00565
 650.79744     6.63594E-4
 650.85771     0.00456
 650.91797     0.00834
 650.97823     0.00481
 651.0385      0.00743
 651.09876     0.00887
 651.15903     0.00762
 651.21929     0.00899
 651.27956     0.01166
 651.33982     0.0138
 651.40009     0.01376
 651.46035     0.0119
 651.52062     0.01045
 651.58088     0.01005
 651.64114     0.00945
 651.70141     0.00853
 651.76167     0.00773
 651.82194     0.00744
 651.8822      0.00782
 651.94247     0.0076
 652.00273     0.00778
 652.063       0.00799
 652.12326     0.00918
 652.18353     0.00997
 652.24379     0.0102
 652.30405     0.01033
 652.36432     0.01106
 652.42458     0.01165
 652.48485     0.01114
 652.54511     0.01154
 652.60538     0.01271
 652.66564     0.01464
 652.72591     0.01555
 652.78617     0.01628
 652.84644     0.01816
 652.9067      0.01987
 652.96697     0.02237
 653.02723     0.02387
 653.08749     0.02488
 653.14776     0.027
 653.20802     0.02914
 653.26829     0.03086
 653.32855     0.03237
 653.38882     0.03461
 653.44908     0.03773
 653.50935     0.04153
 653.56961     0.04464
 653.62988     0.04844
 653.69014     0.05162
 653.75041     0.05529
 653.81067     0.05912
 653.87094     0.06436
 653.9312      0.07044
 653.99146     0.07942
 654.05173     0.09002
 654.11199     0.10063
 654.17226     0.11478
 654.23252     0.1331
 654.29279     0.15558
 654.35305     0.1836
 654.41332     0.21646
 654.47358     0.24922
 654.53385     0.27726
 654.59411     0.29559
 654.65437     0.30089
 654.71464     0.2971
 654.7749      0.28755
 654.83517     0.27456
 654.89543     0.26023
 654.9557      0.24577
 655.01596     0.2339
 655.07623     0.22361
 655.13649     0.21129
 655.19676     0.19927
 655.25702     0.18768
 655.31728     0.17722
 655.37755     0.16609
 655.43781     0.15425
 655.49808     0.14458
 655.55834     0.13507
 655.61861     0.12615
 655.67887     0.11777
 655.73914     0.11036
 655.7994      0.10306
 655.85967     0.09585
 655.91993     0.08826
 655.9802      0.0818
 656.04046     0.07673
 656.10073     0.07037
 656.16099     0.06459
 656.22125     0.05862
 656.28152     0.05481
 656.34178     0.0509
 656.40205     0.04464
 656.46231     0.03956
 656.52258     0.03678
 656.58284     0.03515
 656.64311     0.03299
 656.70337     0.0249
 656.76364     0.02427
 656.8239      0.02519
 656.88417     0.01575
 656.94443     0.01588
 657.00469     0.02371
 657.06496     0.00259
 657.12522     0.01433
 657.18549     0.00592
 657.24575     0.002
 657.30602     0.0273
 657.36628     0.02479
 657.42655     0.01987
 657.48681     0.02133
 657.54707     0.01924
 657.60734     0.01946
 657.6676      0.0259
 657.72787     0.02656
 657.78813     0.02727
 657.8484      0.02775
 657.90866     0.02866
 657.96893     0.02972
 658.02919     0.03102
 658.08946     0.03166
 658.14972     0.03353
 658.20999     0.03631
 658.27025     0.03878
 658.33051     0.03939
 658.39078     0.04204
 658.45105     0.04585
 658.51131     0.04876
 658.57157     0.05336
 658.63184     0.05776
 658.6921      0.06297
 658.75237     0.06958
 658.81263     0.07568
 658.8729      0.08432
 658.93316     0.09652
 658.99343     0.10746
 659.05369     0.12084
 659.11396     0.13715
 659.17422     0.15476
 659.23448     0.17635
 659.29475     0.2
 659.35501     0.22346
 659.41528     0.24407
 659.47554     0.26188
 659.53581     0.27691
 659.59607     0.28618
 659.65634     0.29011
 659.7166      0.29109
 659.77687     0.2882
 659.83713     0.28238
 659.89739     0.27647
 659.95766     0.2679
 660.01792     0.25958
 660.07819     0.25443
 660.13845     0.25041
 660.19872     0.24389
 660.25898     0.2374
 660.31925     0.23292
 660.37951     0.22908
 660.43978     0.22177
 660.50004     0.21516
 660.56031     0.2116
 660.62057     0.20699
 660.68084     0.20109
 660.7411      0.19448
 660.80136     0.19043
 660.86163     0.18671
 660.92189     0.18152
 660.98216     0.17758
 661.04242     0.1739
 661.10269     0.16913
 661.16295     0.16383
 661.22322     0.16004
 661.28348     0.15783
 661.34375     0.15482
 661.40401     0.15089
 661.46428     0.14558
 661.52454     0.14125
 661.5848      0.13878
 661.64507     0.1362
 661.70533     0.1325
 661.7656      0.12955
 661.82586     0.12559
 661.88613     0.12294
 661.94639     0.12231
 662.00666     0.11832
 662.06692     0.11397
 662.12719     0.11141
 662.18745     0.10968
 662.24771     0.10737
 662.30798     0.10594
 662.36824     0.10362
 662.42851     0.101
 662.48877     0.09881
 662.54904     0.09642
 662.6093      0.094
 662.66957     0.09303
 662.72983     0.08901
 662.7901      0.08734
 662.85036     0.08792
 662.91062     0.08897
 662.97089     0.08608
 663.03115     0.08004
 663.09142     0.07891
 663.15168     0.08035
 663.21195     0.0898
 663.27221     0.10316
 663.33248     0.09847
 663.39274     0.06809
 663.45301     0.06592
 663.51327     0.06093
 663.57354     0.06378
 663.6338      0.07239
 663.69407     0.07046
 663.75433     0.07915
 663.81459     0.09181
 663.87486     0.06332
 663.93512     0.04673
 663.99539     0.0565
 664.05565     0.061
 664.11592     0.06138
 664.17618     0.06142
 664.23645     0.05883
 664.29671     0.05844
 664.35698     0.05838
 664.41724     0.05678
 664.4775      0.05672
 664.53777     0.05696
 664.59803     0.05666
 664.6583      0.05642
 664.71856     0.05552
 664.77883     0.05506
 664.83909     0.05369
 664.89936     0.05291
 664.95962     0.05264
 665.01989     0.0527
 665.08015     0.05218
 665.14041     0.05121
 665.20068     0.05057
 665.26094     0.04894
 665.32121     0.04778
 665.38147     0.0478
 665.44174     0.04637
 665.502       0.04511
 665.56227     0.04526
 665.62253     0.04756
 665.6828      0.04705
 665.74306     0.04578
 665.80333     0.04519
 665.86359     0.04394
 665.92386     0.04441
 665.98412     0.04402
 666.04438     0.04359
 666.10465     0.04402
 666.16491     0.04399
 666.22518     0.04302
 666.28544     0.04228
 666.34571     0.04213
 666.40597     0.04207
 666.46624     0.04146
 666.5265      0.04201
 666.58677     0.04255
 666.64703     0.04237
 666.7073      0.04073
 666.76756     0.04141
 666.82782     0.04132
 666.88809     0.04064
 666.94835     0.04145
 667.00862     0.03989
 667.06888     0.03855
 667.12915     0.03865
 667.18941     0.03859
 667.24968     0.03768
 667.30994     0.03348
 667.37021     0.02725
 667.43047     0.02322
 667.49073     0.0216
 667.551       0.02073
 667.61126     0.02112
 667.67153     0.02193
 667.73179     0.02404
 667.79206     0.02551
 667.85232     0.02574
 667.91259     0.02521
 667.97285     0.02647
 668.03312     0.02728
 668.09338     0.02688
 668.15364     0.02824
 668.21391     0.02923
 668.27418     0.02955
 668.33444     0.02879
 668.3947      0.03069
 668.45497     0.03168
 668.51523     0.03091
 668.5755      0.03173
 668.63576     0.03344
 668.69603     0.03637
 668.75629     0.03604
 668.81656     0.03512
 668.87682     0.03284
 668.93709     0.03343
 668.99735     0.03471
 669.05762     0.03413
 669.11788     0.03464
 669.17814     0.03353
 669.23841     0.03331
 669.29867     0.03428
 669.35894     0.03497
 669.4192      0.02755
 669.47947     0.02044
 669.53973     0.02552
 669.6         0.03366
 669.66026     0.03625
 669.72052     0.03774
 669.78079     0.03339
 669.84105     0.036
 669.90132     0.03555
 669.96158     0.01774
 670.02185     1.75594E-4
 670.08211     0.00885
 670.14238     0.01916
 670.20264     0.02109
 670.26291     0.02542
 670.32317     0.0299
 670.38344     0.02972
 670.4437      0.02905
 670.50396     0.02777
 670.56423     0.02913
 670.62449     0.03073
 670.68476     0.0297
 670.74502     0.02844
 670.80529     0.02922
 670.86555     0.03014
 670.92582     0.02982
 670.98608     0.02901
 671.04635     0.02829
 671.10661     0.02888
 671.16688     0.03
 671.22714     0.0289
 671.28741     0.02773
 671.34767     0.02808
 671.40793     0.0289
 671.4682      0.02866
 671.52846     0.02802
 671.58873     0.02716
 671.64899     0.02767
 671.70926     0.02708
 671.76952     0.02627
 671.82979     0.02672
 671.89005     0.02726
 671.95032     0.02693
 672.01058     0.02555
 672.07084     0.02435
 672.13111     0.02434
 672.19137     0.02483
 672.25164     0.02395
 672.3119      0.02394
 672.37217     0.02364
 672.43243     0.02449
 672.4927      0.02452
 672.55296     0.02309
 672.61323     0.02339
 672.67349     0.0235
 672.73375     0.02292
 672.79402     0.02363
 672.85428     0.0226
 672.91455     0.02186
 672.97481     0.02187
 673.03508     0.02212
 673.09534     0.02169
 673.15561     0.01862
 673.21587     0.02111
 673.27614     0.02143
 673.3364      0.0209
 673.39667     0.02057
 673.45693     0.02192
 673.5172      0.02274
 673.57746     0.02223
 673.63772     0.02158
 673.69799     0.021
 673.75825     0.0216
 673.81852     0.02165
 673.87878     0.01972
 673.93905     0.01916
 673.99931     0.01936
 674.05958     0.02004
 674.11984     0.01947
 674.18011     0.01852
 674.24037     0.01867
 674.30064     0.01873
 674.3609      0.01778
 674.42116     0.0172
 674.48143     0.01698
 674.54169     0.01668
 674.60196     0.0183
 674.66222     0.01737
 674.72249     0.01576
 674.78275     0.01683
 674.84302     0.01707
 674.90328     0.01665
 674.96355     0.01571
 675.02381     0.01534
 675.08407     0.01617
 675.14434     0.01683
 675.2046      0.01494
 675.26487     0.0128
 675.32513     0.01344
 675.3854      0.01395
 675.44566     0.01296
 675.50593     0.01108
 675.56619     0.01054
 675.62646     0.0124
 675.68672     0.01193
 675.74699     0.0115
 675.80725     0.01307
 675.86752     0.01226
 675.92778     0.01384
 675.98804     0.00887
 676.04831     0.00898
 676.10857     0.00994
 676.16884     0.00281
 676.2291      0.00548
 676.28937     0.01228
 676.34963     0.02271
 676.4099      0.01857
 676.47016     0.0079
 676.53043     0.01177
 676.59069     0.01094
 676.65095     0.00992
 676.71122     0.00936
 676.77148     0.00979
 676.83175     0.00818
 676.89201     0.00792
 676.95228     0.00832
 677.01254     0.00736
 677.07281     0.00656
 677.13307     0.00656
 677.19334     0.00661
 677.2536      0.00596
 677.31386     0.00503
 677.37413     0.00448
 677.43439     0.00409
 677.49466     0.00377
 677.55492     0.00287
 677.61519     0.00237
 677.67545     0.00306
 677.73572     0.00308
 677.79598     0.00372
 677.85625     0.00357
 677.91651     0.00211
 677.97678     0.00257
 678.03704     0.0034
 678.09731     0.00331
 678.15757     0.00241
 678.21783     0.00253
 678.2781      0.00267
 678.33836     0.00241
 678.39863     0.00143
 678.45889     9.46594E-4
 678.51916     0.00129
 678.57942     0.00132
 678.63969     6.90594E-4
 678.69995     1.61594E-4
 678.76022     6.14594E-4
 678.82048     9.67594E-4
 678.88075     6.72594E-4
 678.94101    -7.41406E-4
 679.00127    -9.69406E-4
 679.06154    -0.00133
 679.1218     -0.00154
 679.18207    -0.00211
 679.24233    -0.00266
 679.3026     -0.00189
 679.36286     2.75941E-5
 679.42313     6.52594E-4
 679.48339     0.00107
 679.54365     0.00152
 679.60392     0.00183
 679.66418     0.00126
 679.72445     0.00108
 679.78471     0.00106
 679.84498     0.00121
 679.90524     0.00149
 679.96551     0.00141
 680.02577     8.82594E-4
 680.08604     0.00119
 680.1463      0.00133
 680.20657     0.00134
 680.26683     2.23594E-4
 680.32709    -1.74059E-5
 680.38736     8.18594E-4
 680.44762     5.61594E-4
 680.50789     2.79594E-4
 680.56815    -4.74406E-4
 680.62842    -4.64406E-4
 680.68868    -7.42863E-4
 680.74895    -0.00165
 680.80921    -0.00151
 680.86948    -3.56045E-4
 680.92974    -3.44439E-4
 680.99001    -8.91833E-4
 681.05027    -0.00179
 681.11054    -0.00138
 681.1708     -8.31015E-4
 681.23106    -7.00409E-4
 681.29133    -6.72803E-4
 681.35159    -6.10197E-4
 681.41186    -2.55591E-4
 681.47212     4.10015E-4
 681.53239     1.85621E-4
 681.59265    -2.05773E-4
 681.65292    -1.09167E-4
 681.71318     2.00439E-4
 681.77345     6.37045E-4
 681.83371    -3.46349E-4
 681.89397    -0.00138
 681.95424     1.39863E-4
 682.0145      0.00116
 682.07477    -5.02925E-4
 682.13503    -0.00648
 682.1953     -0.00724
 682.25556    -0.00505
 682.31583     0.00364
 682.37609     0.00318
 682.43636    -0.00711
 682.49662    -0.02003
 682.55688    -0.01027
 682.61715     0.00967
 682.67742     0.01025
 682.73768     0.00632
 682.79794    -0.00103
 682.85821    -0.00262
 682.91847     3.71558E-4
 682.97874     5.96164E-4
 683.039       5.2177E-4
 683.09927     0.00148
 683.15953     6.76982E-4
 683.2198      2.96588E-4
 683.28006     6.01194E-4
 683.34033     0.00108
 683.40059     3.74406E-4
 683.46085    -5.12988E-4
 683.52112     7.00618E-4
 683.58138     0.00178
 683.64165     8.0483E-4
 683.70191    -2.40564E-4
 683.76218     5.77042E-4
 683.82244     9.44647E-4
 683.88271     6.46253E-4
 683.94297    -2.23141E-4
 684.00324    -3.01535E-4
 684.0635      7.82071E-4
 684.12377     0.0014
 684.18403     0.00145
 684.24429     0.00137
 684.30456     0.00176
 684.36482     0.00229
 684.42509     0.00173
 684.48535     3.40313E-4
 684.54562     4.36919E-4
 684.60588     0.00145
 684.66615     0.00149
 684.72641     7.34737E-4
 684.78668     9.54343E-4
 684.84694     0.00134
 684.9072      0.00102
 684.96747     3.79161E-4
 685.02773     3.54767E-4
 685.088       8.20373E-4
 685.14826     0.0012
 685.20853     3.15846E-5
 685.26879    -0.00166
 685.32906    -5.49203E-4
 685.38932     2.92403E-4
 685.44959    -4.77992E-4
 685.50985    -0.00114
 685.57012    -0.00207
 685.63038    -6.75174E-4
 685.69065     3.30432E-4
 685.75091     1.50383E-5
 685.81117    -2.51356E-4
 685.87144    -2.5875E-4
 685.9317      6.45856E-4
 685.99197     0.00142
 686.05223     7.28068E-4
 686.1125      3.35674E-4
 686.17276     0.00134
 686.23303     0.00167
 686.29329     0.00146
 686.35356     5.89098E-4
 686.41382     4.85704E-4
 686.47408     0.00116
 686.53435     6.54916E-4
 686.59461     2.69522E-4
 686.65488     0.00133
 686.71514     0.00183
 686.77541     0.00226
 686.83567     0.00163
 686.89594     0.00173
 686.9562      0.00163
 687.01647     0.00111
 687.07673    -2.2863E-4
 687.13699    -0.00174
 687.19726    -0.00119
 687.25752     2.93187E-4
 687.31779     3.90793E-4
 687.37805    -5.19601E-4
 687.43832    -8.00995E-4
 687.49858    -6.54389E-4
 687.55885     4.44217E-4
 687.61911    -2.20177E-4
 687.67938    -4.66571E-4
 687.73964     5.92035E-4
 687.79991     6.77641E-4
 687.86017     2.60247E-4
 687.92044    -9.45147E-4
 687.9807      1.6459E-5
 688.04096     9.84065E-4
 688.10123     7.47671E-4
 688.16149    -7.90723E-4
 688.22176    -9.40117E-4
 688.28202    -0.0013
 688.34229     6.46095E-4
 688.40255     0.0028
 688.46282     0.00132
 688.52308    -0.00136
 688.58335     0.00202
 688.64361     0.00706
 688.70388    -0.00101
 688.76414     0.006
 688.8244      0.00771
 688.88467    -0.00257
 688.94493    -0.01086
 689.0052     -0.00514
 689.06546     0.00167
 689.12573     0.00262
 689.18599     4.86578E-4
 689.24626     6.65184E-4
 689.30652     0.00269
 689.36679     0.00105
 689.42705     7.31002E-4
 689.48731    -5.71392E-4
 689.54758    -3.15786E-4
 689.60784    -1.1118E-4
 689.66811     6.49426E-4
 689.72837     3.95032E-4
 689.78864    -4.48362E-4
 689.8489      4.13244E-4
 689.90917     7.4385E-4
 689.96943     3.00456E-4
 690.0297     -1.75938E-4
 690.08996    -1.06332E-4
 690.15022     7.40274E-4
 690.21049     4.6788E-4
 690.27076    -7.00514E-4
 690.33102    -0.00148
 690.39128    -0.00114
 690.45155    -1.43697E-4
 690.51181    -4.70906E-5
 690.57208    -4.60485E-4
 690.63234     6.72121E-4
 690.69261     0.00186
 690.75287     0.00143
 690.81314     6.81939E-4
 690.8734      7.33545E-4
 690.93367     0.00196
 690.99393     0.00232
 691.05419     0.00137
 691.11446     8.68969E-4
 691.17472     0.00121
 691.23499     0.00194
 691.29525     9.38787E-4
 691.35552    -2.58607E-4
 691.41578     6.40999E-4
 691.47605     0.00157
 691.53631     0.00157
 691.59658     5.42817E-4
 691.65684     1.13423E-4
 691.7171      6.84029E-4
 691.77737     8.22635E-4
 691.83763     3.11241E-4
 691.8979     -6.78153E-4
 691.95816    -7.40547E-4
 692.01843    -1.76942E-4
 692.07869     4.24664E-4
 692.13896    -2.1973E-4
 692.19922    -0.00123
 692.25949    -2.29518E-4
 692.31975     3.88088E-4
 692.38002    -5.05306E-4
 692.44028    -4.977E-4
 692.50054     6.20906E-4
 692.56081     0.00149
 692.62107     0.00119
 692.68134     4.52724E-4
 692.7416      0.00102
 692.80187     0.00157
 692.86213     0.00152
 692.9224      9.75148E-4
 692.98266     0.00107
 693.04293     0.00127
 693.10319     0.00209
 693.16346     0.00159
 693.22372     8.49178E-4
 693.28399     0.0016
 693.34425     0.0018
 693.40451     8.34996E-4
 693.46478     6.49602E-4
 693.52504     7.52208E-4
 693.58531     6.00814E-4
 693.64557     3.89419E-4
 693.70584    -1.90975E-4
 693.7661     -1.34369E-4
 693.82637     6.31237E-4
 693.88663     8.74843E-4
 693.9469      4.25449E-4
 694.00716     2.54055E-4
 694.06742     5.25661E-4
 694.12769     0.00102
 694.18795     6.40873E-4
 694.24822    -3.65209E-5
 694.30848     2.93085E-4
 694.36875     0.00136
 694.42901     0.00173
 694.48928     0.00162
 694.54954     8.17509E-4
 694.60981     0.00195
 694.67007     0.00409
 694.73033     0.00295
 694.7906     -0.00399
 694.85086    -0.00441
 694.91113    -0.00221
 694.97139     0.00762
 695.03166     0.00859
 695.09192    -0.00372
 695.15219     0.01168
 695.21245    -2.77825E-4
 695.27272    -0.00815
 695.33298     0.00151
 695.39325     0.00377
 695.45351     0.00391
 695.51378     0.00217
 695.57404    -6.7019E-4
 695.6343      2.01416E-4
 695.69457     0.00132
 695.75483     0.0013
 695.8151      5.05234E-4
 695.87536     7.98402E-5
 695.93563     5.12446E-4
 695.99589     8.87052E-4
 696.05616     2.98658E-4
 696.11642    -6.94736E-4
 696.17669    -5.3713E-4
 696.23695     4.37476E-4
 696.29722     9.10819E-5
 696.35748     8.86878E-5
 696.41774    -1.47062E-5
 696.47801    -1.441E-4
 696.53827     3.90506E-4
 696.59854    -2.22888E-4
 696.6588     -0.00149
 696.71907    -0.00145
 696.77933    -1.4207E-4
 696.8396     -6.14645E-5
 696.89986    -5.46858E-4
 696.96012     7.17475E-5
 697.02039     0.001
 697.08065     0.00138
 697.14092     3.73565E-4
 697.20118     1.58171E-4
 697.26145     0.00134
 697.32171     0.0015
 697.38198     0.00116
 697.44224     9.88595E-4
 697.50251     0.00105
 697.56277     0.00136
 697.62304     0.00175
 697.6833      0.00115
 697.74356     9.71625E-4
 697.80383     0.0014
 697.86409     0.00147
 697.92436     8.32443E-4
 697.98462    -2.41951E-4
 698.04489     7.80655E-4
 698.10515     0.00146
 698.16542     0.00105
 698.22568     1.50473E-4
 698.28595    -4.41921E-4
 698.34621    -1.85315E-4
 698.40648    -7.67094E-5
 698.46674    -4.42103E-4
 698.52701    -2.19497E-4
 698.58727     4.22109E-4
 698.64753     6.16714E-4
 698.7078     -3.76796E-5
 698.76806    -6.50074E-4
 698.82833    -3.90468E-4
 698.88859     3.13138E-4
 698.94886     1.03744E-4
 699.00912    -6.5465E-4
 699.06939    -3.07044E-4
 699.12965     0.00119
 699.18992     0.0016
 699.25018     9.67774E-4
 699.31044     9.5738E-4
 699.37071     0.00111
 699.43097     0.00158
 699.49124     0.00123
 699.5515      5.45804E-4
 699.61177     7.9741E-4
 699.67203     0.00135
 699.7323      9.45622E-4
 699.79256    -2.53772E-4
 699.85283     7.78337E-5
 699.91309     7.3944E-4
 699.97335     0.00117
