 640.01008     1.21355E-5
 640.09348     1.29354E-5
 640.17689     1.37847E-5
 640.26029     1.46864E-5
 640.3437      1.56434E-5
 640.4271      1.66588E-5
 640.51051     1.7736E-5
 640.59391     1.88783E-5
 640.67732     2.00895E-5
 640.76072     2.13734E-5
 640.84413     2.2734E-5
 640.92753     2.41755E-5
 641.01094     2.57023E-5
 641.09434     2.73191E-5
 641.17774     2.90308E-5
 641.26115     3.08425E-5
 641.34455     3.27596E-5
 641.42796     3.47876E-5
 641.51136     3.69324E-5
 641.59477     3.92002E-5
 641.67817     4.15975E-5
 641.76158     4.41311E-5
 641.84498     4.68079E-5
 641.92839     4.96353E-5
 642.01179     5.26212E-5
 642.09519     5.57736E-5
 642.1786      5.91008E-5
 642.262       6.26119E-5
 642.34541     6.63159E-5
 642.42881     7.02225E-5
 642.51222     7.43417E-5
 642.59562     7.8684E-5
 642.67903     8.32603E-5
 642.76243     8.8082E-5
 642.84584     9.31611E-5
 642.92924     9.85098E-5
 643.01265     1.04141E-4
 643.09605     1.10068E-4
 643.17945     1.16306E-4
 643.26286     1.22867E-4
 643.34626     1.29769E-4
 643.42967     1.37025E-4
 643.51307     1.44654E-4
 643.59648     1.52671E-4
 643.67988     1.61095E-4
 643.76329     1.69943E-4
 643.84669     1.79235E-4
 643.9301      1.88991E-4
 644.0135      1.9923E-4
 644.0969      2.09976E-4
 644.18031     2.21248E-4
 644.26371     2.33071E-4
 644.34712     2.45468E-4
 644.43052     2.58463E-4
 644.51393     2.72082E-4
 644.59733     2.86351E-4
 644.68074     3.01298E-4
 644.76414     3.16951E-4
 644.84755     3.33337E-4
 644.93095     3.50489E-4
 645.01436     3.68436E-4
 645.09776     3.87211E-4
 645.18116     4.06848E-4
 645.26457     4.27379E-4
 645.34797     4.4884E-4
 645.43138     4.71269E-4
 645.51478     4.94701E-4
 645.59819     5.19177E-4
 645.68159     5.44735E-4
 645.765       5.71416E-4
 645.8484      5.99264E-4
 645.93181     6.2832E-4
 646.01521     6.5863E-4
 646.09862     6.9024E-4
 646.18202     7.23197E-4
 646.26542     7.57548E-4
 646.34883     7.93345E-4
 646.43223     8.30637E-4
 646.51564     8.69478E-4
 646.59904     9.09921E-4
 646.68245     9.5202E-4
 646.76585     9.95833E-4
 646.84926     0.00104
 646.93266     0.00109
 647.01607     0.00114
 647.09947     0.00119
 647.18287     0.00124
 647.26628     0.0013
 647.34968     0.00136
 647.43309     0.00142
 647.51649     0.00148
 647.5999      0.00154
 647.6833      0.00161
 647.76671     0.00168
 647.85011     0.00175
 647.93352     0.00182
 648.01692     0.0019
 648.10033     0.00198
 648.18373     0.00206
 648.26713     0.00215
 648.35054     0.00224
 648.43394     0.00233
 648.51735     0.00243
 648.60075     0.00252
 648.68416     0.00263
 648.76756     0.00273
 648.85097     0.00284
 648.93437     0.00295
 649.01778     0.00307
 649.10118     0.00319
 649.18459     0.00331
 649.26799     0.00344
 649.35139     0.00358
 649.4348      0.00371
 649.5182      0.00385
 649.60161     0.004
 649.68501     0.00415
 649.76842     0.00431
 649.85182     0.00447
 649.93523     0.00464
 650.01863     0.00481
 650.10204     0.00499
 650.18544     0.00518
 650.26884     0.00537
 650.35225     0.00558
 650.43565     0.00579
 650.51906     0.00602
 650.60246     0.00626
 650.68587     0.00652
 650.76927     0.00679
 650.85268     0.00709
 650.93608     0.00741
 651.01949     0.00776
 651.10289     0.00815
 651.1863      0.00858
 651.2697      0.00905
 651.3531      0.00959
 651.43651     0.01019
 651.51991     0.01087
 651.60332     0.01164
 651.68672     0.01251
 651.77013     0.0135
 651.85353     0.01463
 651.93694     0.01589
 652.02034     0.01733
 652.10375     0.01895
 652.18715     0.02076
 652.27055     0.02279
 652.35396     0.02505
 652.43736     0.02756
 652.52077     0.03033
 652.60417     0.03336
 652.68758     0.03667
 652.77098     0.04026
 652.85439     0.04413
 652.93779     0.04827
 653.0212      0.0527
 653.1046      0.0574
 653.18801     0.0624
 653.27141     0.06772
 653.35481     0.07339
 653.43822     0.0795
 653.52162     0.08612
 653.60503     0.09337
 653.68843     0.10136
 653.77184     0.1102
 653.85524     0.11991
 653.93865     0.13044
 654.02205     0.1416
 654.10546     0.15305
 654.18886     0.16429
 654.27227     0.17469
 654.35567     0.18358
 654.43907     0.19031
 654.52248     0.19437
 654.60588     0.19543
 654.68929     0.19345
 654.77269     0.18866
 654.8561      0.18151
 654.9395      0.17262
 655.02291     0.16266
 655.10631     0.15229
 655.18972     0.14204
 655.27312     0.13233
 655.35652     0.12339
 655.43993     0.11533
 655.52333     0.10813
 655.60674     0.10171
 655.69014     0.09596
 655.77355     0.09077
 655.85695     0.08605
 655.94036     0.0817
 656.02376     0.07769
 656.10717     0.07398
 656.19057     0.07057
 656.27398     0.06744
 656.35738     0.06459
 656.44078     0.06204
 656.52419     0.05977
 656.60759     0.0578
 656.691       0.05611
 656.7744      0.05471
 656.85781     0.05358
 656.94121     0.05272
 657.02462     0.05212
 657.10802     0.05177
 657.19143     0.05166
 657.27483     0.0518
 657.35823     0.05219
 657.44164     0.05283
 657.52504     0.05372
 657.60845     0.0549
 657.69185     0.05637
 657.77526     0.05816
 657.85866     0.06032
 657.94207     0.06288
 658.02547     0.06588
 658.10888     0.06937
 658.19228     0.07338
 658.27569     0.07795
 658.35909     0.0831
 658.44249     0.08885
 658.5259      0.09517
 658.6093      0.10205
 658.69271     0.10942
 658.77611     0.11718
 658.85952     0.12524
 658.94292     0.13344
 659.02633     0.14162
 659.10973     0.14961
 659.19314     0.15722
 659.27654     0.16427
 659.35995     0.17058
 659.44335     0.17601
 659.52675     0.18043
 659.61016     0.18376
 659.69356     0.18596
 659.77697     0.18703
 659.86037     0.18702
 659.94378     0.18601
 660.02718     0.1841
 660.11059     0.18145
 660.19399     0.17821
 660.2774      0.17452
 660.3608      0.17055
 660.4442      0.16645
 660.52761     0.16232
 660.61101     0.15828
 660.69442     0.15441
 660.77782     0.15074
 660.86123     0.14733
 660.94463     0.14416
 661.02804     0.14124
 661.11144     0.13854
 661.19485     0.13603
 661.27825     0.13368
 661.36166     0.13145
 661.44506     0.1293
 661.52846     0.1272
 661.61187     0.12513
 661.69527     0.12307
 661.77868     0.12099
 661.86208     0.1189
 661.94549     0.11678
 662.02889     0.11463
 662.1123      0.11247
 662.1957      0.11029
 662.27911     0.10811
 662.36251     0.10593
 662.44591     0.10377
 662.52932     0.10163
 662.61272     0.09953
 662.69613     0.09747
 662.77953     0.09546
 662.86294     0.09352
 662.94634     0.09164
 663.02975     0.08983
 663.11315     0.0881
 663.19656     0.08645
 663.27996     0.08488
 663.36337     0.08339
 663.44677     0.08197
 663.53017     0.08064
 663.61358     0.07938
 663.69698     0.0782
 663.78039     0.07709
 663.86379     0.07604
 663.9472      0.07506
 664.0306      0.07413
 664.11401     0.07326
 664.19741     0.07244
 664.28082     0.07166
 664.36422     0.07092
 664.44763     0.07022
 664.53103     0.06954
 664.61443     0.0689
 664.69784     0.06828
 664.78124     0.06768
 664.86465     0.06709
 664.94805     0.06652
 665.03146     0.06596
 665.11486     0.06541
 665.19827     0.06487
 665.28167     0.06433
 665.36508     0.06379
 665.44848     0.06326
 665.53188     0.06272
 665.61529     0.06219
 665.69869     0.06165
 665.7821      0.06111
 665.8655      0.06057
 665.94891     0.06003
 666.03231     0.05948
 666.11572     0.05893
 666.19912     0.05838
 666.28253     0.05782
 666.36593     0.05726
 666.44934     0.05669
 666.53274     0.05613
 666.61614     0.05556
 666.69955     0.05499
 666.78295     0.05442
 666.86636     0.05384
 666.94976     0.05327
 667.03317     0.05269
 667.11657     0.05212
 667.19998     0.05154
 667.28338     0.05097
 667.36679     0.05039
 667.45019     0.04982
 667.5336      0.04926
 667.617       0.04869
 667.7004      0.04813
 667.78381     0.04757
 667.86721     0.04702
 667.95062     0.04647
 668.03402     0.04592
 668.11743     0.04539
 668.20083     0.04485
 668.28424     0.04433
 668.36764     0.04381
 668.45105     0.0433
 668.53445     0.04279
 668.61785     0.0423
 668.70126     0.04181
 668.78466     0.04133
 668.86807     0.04086
 668.95147     0.04039
 669.03488     0.03994
 669.11828     0.03949
 669.20169     0.03906
 669.28509     0.03863
 669.3685      0.03822
 669.4519      0.03781
 669.53531     0.03741
 669.61871     0.03702
 669.70211     0.03664
 669.78552     0.03627
 669.86892     0.03591
 669.95233     0.03556
 670.03573     0.03522
 670.11914     0.03488
 670.20254     0.03456
 670.28595     0.03424
 670.36935     0.03392
 670.45276     0.03362
 670.53616     0.03332
 670.61956     0.03303
 670.70297     0.03274
 670.78637     0.03246
 670.86978     0.03218
 670.95318     0.03191
 671.03659     0.03164
 671.11999     0.03138
 671.2034      0.03112
 671.2868      0.03086
 671.37021     0.0306
 671.45361     0.03034
 671.53702     0.03008
 671.62042     0.02983
 671.70382     0.02957
 671.78723     0.02931
 671.87063     0.02905
 671.95404     0.02879
 672.03744     0.02852
 672.12085     0.02825
 672.20425     0.02798
 672.28766     0.0277
 672.37106     0.02742
 672.45447     0.02713
 672.53787     0.02684
 672.62128     0.02654
 672.70468     0.02624
 672.78808     0.02593
 672.87149     0.02561
 672.95489     0.02529
 673.0383      0.02496
 673.1217      0.02462
 673.20511     0.02428
 673.28851     0.02393
 673.37192     0.02358
 673.45532     0.02321
 673.53873     0.02284
 673.62213     0.02247
 673.70553     0.02208
 673.78894     0.0217
 673.87234     0.0213
 673.95575     0.0209
 674.03915     0.0205
 674.12256     0.02009
 674.20596     0.01967
 674.28937     0.01925
 674.37277     0.01883
 674.45618     0.01841
 674.53958     0.01798
 674.62299     0.01755
 674.70639     0.01712
 674.78979     0.01668
 674.8732      0.01625
 674.9566      0.01582
 675.04001     0.01538
 675.12341     0.01495
 675.20682     0.01452
 675.29022     0.01409
 675.37363     0.01366
 675.45703     0.01324
 675.54044     0.01282
 675.62384     0.0124
 675.70724     0.01199
 675.79065     0.01158
 675.87405     0.01118
 675.95746     0.01078
 676.04086     0.01039
 676.12427     0.01001
 676.20767     0.00963
 676.29108     0.00926
 676.37448     0.00889
 676.45789     0.00854
 676.54129     0.00819
 676.6247      0.00785
 676.7081      0.00752
 676.7915      0.0072
 676.87491     0.00688
 676.95831     0.00658
 677.04172     0.00628
 677.12512     0.00599
 677.20853     0.00572
 677.29193     0.00545
 677.37534     0.00518
 677.45874     0.00493
 677.54215     0.00469
 677.62555     0.00446
 677.70896     0.00423
 677.79236     0.00401
 677.87576     0.00381
 677.95917     0.00361
 678.04257     0.00341
 678.12598     0.00323
 678.20938     0.00305
 678.29279     0.00289
 678.37619     0.00273
 678.4596      0.00257
 678.543       0.00243
 678.62641     0.00229
 678.70981     0.00216
 678.79321     0.00203
 678.87662     0.00191
 678.96002     0.0018
 679.04343     0.00169
 679.12683     0.00159
 679.21024     0.00149
 679.29364     0.0014
 679.37705     0.00132
 679.46045     0.00123
 679.54386     0.00116
 679.62726     0.00108
 679.71067     0.00102
 679.79407     9.52399E-4
 679.87747     8.91983E-4
 679.96088     8.35163E-4
 680.04428     7.81757E-4
 680.12769     7.3159E-4
 680.21109     6.84493E-4
 680.2945      6.403E-4
 680.3779      5.98856E-4
 680.46131     5.60007E-4
 680.54471     5.23608E-4
 680.62812     4.89519E-4
 680.71152     4.57608E-4
 680.79492     4.27745E-4
 680.87833     3.9981E-4
 680.96173     3.73687E-4
 681.04514     3.49264E-4
 681.12854     3.26439E-4
 681.21195     3.05111E-4
 681.29535     2.85186E-4
 681.37876     2.66576E-4
 681.46216     2.49196E-4
 681.54557     2.32967E-4
 681.62897     2.17815E-4
 681.71238     2.03668E-4
 681.79578     1.90462E-4
 681.87918     1.78133E-4
 681.96259     1.66622E-4
 682.04599     1.55877E-4
 682.1294      1.45844E-4
 682.2128      1.36477E-4
 682.29621     1.2773E-4
 682.37961     1.19561E-4
 682.46302     1.1193E-4
 682.54642     1.04802E-4
 682.62983     9.81427E-5
 682.71323     9.19192E-5
 682.79664     8.61022E-5
 682.88004     8.06642E-5
 682.96344     7.55794E-5
 683.04685     7.08238E-5
 683.13025     6.63752E-5
 683.21366     6.22127E-5
 683.29706     5.83171E-5
 683.38047     5.46704E-5
 683.46387     5.12561E-5
 683.54728     4.80585E-5
 683.63068     4.50632E-5
 683.71409     4.22569E-5
 683.79749     3.9627E-5
 683.88089     3.71621E-5
 683.9643      3.48513E-5
 684.0477      3.26845E-5
 684.13111     3.06526E-5
 684.21451     2.87467E-5
 684.29792     2.69588E-5
 684.38132     2.52813E-5
 684.46473     2.37073E-5
 684.54813     2.22302E-5
 684.63154     2.08439E-5
 684.71494     1.95428E-5
 684.79835     1.83214E-5
 684.88175     1.71749E-5
 684.96515     1.60987E-5
 685.04856     1.50883E-5
 685.13196     1.41398E-5
 685.21537     1.32493E-5
 685.29877     1.24134E-5
 685.38218     1.16286E-5
 685.46558     1.0892E-5
 685.54899     1.02006E-5
 685.63239     9.55155E-6
 685.7158      8.94243E-6
 685.7992      8.3708E-6
 685.88261     7.8344E-6
 685.96601     7.33111E-6
 686.04941     6.85893E-6
 686.13282     6.41601E-6
 686.21622     6.00057E-6
 686.29963     5.61098E-6
 686.38303     5.24567E-6
 686.46644     4.90318E-6
 686.54984     4.58215E-6
 686.63325     4.28126E-6
 686.71665     3.99932E-6
 686.80006     3.73517E-6
 686.88346     3.48774E-6
 686.96686     3.25601E-6
 687.05027     3.03903E-6
 687.13367     2.8359E-6
 687.21708     2.64577E-6
 687.30048     2.46784E-6
 687.38389     2.30138E-6
 687.46729     2.14567E-6
 687.5507      2.00005E-6
 687.6341      1.86389E-6
 687.71751     1.73661E-6
 687.80091     1.61766E-6
 687.88432     1.50652E-6
 687.96772     1.40269E-6
 688.05112     1.30572E-6
 688.13453     1.21517E-6
 688.21793     1.13065E-6
 688.30134     1.05176E-6
 688.38474     9.78147E-7
 688.46815     9.09478E-7
 688.55155     8.45434E-7
 688.63496     7.85718E-7
 688.71836     7.3005E-7
 688.80177     6.78168E-7
 688.88517     6.29827E-7
 688.96857     5.84795E-7
 689.05198     5.42856E-7
 689.13538     5.03807E-7
 689.21879     4.67457E-7
 689.30219     4.33629E-7
 689.3856      4.02154E-7
 689.469       3.72877E-7
 689.55241     3.4565E-7
 689.63581     3.20336E-7
 689.71922     2.96806E-7
 689.80262     2.7494E-7
 689.88603     2.54625E-7
 689.96943     2.35756E-7
