 640.01008     7.77634E-5
 640.09348     8.21461E-5
 640.17689     8.67544E-5
 640.26029     9.15986E-5
 640.34369     9.66893E-5
 640.4271      1.02038E-4
 640.5105      1.07655E-4
 640.59391     1.13554E-4
 640.67731     1.19747E-4
 640.76072     1.26246E-4
 640.84412     1.33064E-4
 640.92753     1.40217E-4
 641.01093     1.47717E-4
 641.09434     1.5558E-4
 641.17774     1.63821E-4
 641.26114     1.72456E-4
 641.34455     1.81501E-4
 641.42795     1.90973E-4
 641.51136     2.0089E-4
 641.59476     2.1127E-4
 641.67817     2.22131E-4
 641.76157     2.33492E-4
 641.84498     2.45374E-4
 641.92838     2.57797E-4
 642.01179     2.70782E-4
 642.09519     2.8435E-4
 642.1786      2.98525E-4
 642.262       3.13329E-4
 642.3454      3.28785E-4
 642.42881     3.44919E-4
 642.51221     3.61755E-4
 642.59562     3.79318E-4
 642.67902     3.97637E-4
 642.76243     4.16736E-4
 642.84583     4.36646E-4
 642.92924     4.57393E-4
 643.01264     4.79007E-4
 643.09605     5.01519E-4
 643.17945     5.24959E-4
 643.26286     5.49359E-4
 643.34626     5.74751E-4
 643.42966     6.01167E-4
 643.51307     6.28642E-4
 643.59647     6.57211E-4
 643.67988     6.86908E-4
 643.76328     7.17769E-4
 643.84669     7.49831E-4
 643.93009     7.83131E-4
 644.0135      8.17709E-4
 644.0969      8.53601E-4
 644.18031     8.90849E-4
 644.26371     9.29493E-4
 644.34712     9.69573E-4
 644.43052     0.00101
 644.51392     0.00105
 644.59733     0.0011
 644.68073     0.00115
 644.76414     0.00119
 644.84754     0.00124
 644.93095     0.00129
 645.01435     0.00135
 645.09776     0.0014
 645.18116     0.00146
 645.26457     0.00152
 645.34797     0.00158
 645.43137     0.00164
 645.51478     0.00171
 645.59818     0.00177
 645.68159     0.00184
 645.76499     0.00191
 645.8484      0.00199
 645.9318      0.00206
 646.01521     0.00214
 646.09861     0.00222
 646.18202     0.00231
 646.26542     0.00239
 646.34883     0.00248
 646.43223     0.00257
 646.51563     0.00266
 646.59904     0.00276
 646.68244     0.00286
 646.76585     0.00296
 646.84925     0.00307
 646.93266     0.00317
 647.01606     0.00329
 647.09947     0.0034
 647.18287     0.00352
 647.26628     0.00364
 647.34968     0.00376
 647.43309     0.00389
 647.51649     0.00402
 647.59989     0.00415
 647.6833      0.00428
 647.7667      0.00442
 647.85011     0.00457
 647.93351     0.00471
 648.01692     0.00486
 648.10032     0.00502
 648.18373     0.00517
 648.26713     0.00534
 648.35054     0.0055
 648.43394     0.00567
 648.51735     0.00584
 648.60075     0.00601
 648.68415     0.00619
 648.76756     0.00638
 648.85096     0.00656
 648.93437     0.00675
 649.01777     0.00695
 649.10118     0.00715
 649.18458     0.00735
 649.26799     0.00755
 649.35139     0.00776
 649.4348      0.00798
 649.5182      0.0082
 649.6016      0.00842
 649.68501     0.00864
 649.76841     0.00887
 649.85182     0.0091
 649.93522     0.00934
 650.01863     0.00958
 650.10203     0.00983
 650.18544     0.01008
 650.26884     0.01033
 650.35225     0.01059
 650.43565     0.01085
 650.51906     0.01112
 650.60246     0.0114
 650.68586     0.01168
 650.76927     0.01197
 650.85267     0.01227
 650.93608     0.01258
 651.01948     0.0129
 651.10289     0.01324
 651.18629     0.0136
 651.2697      0.01399
 651.3531      0.01441
 651.43651     0.01486
 651.51991     0.01536
 651.60332     0.01592
 651.68672     0.01655
 651.77012     0.01727
 651.85353     0.01808
 651.93693     0.01901
 652.02034     0.02008
 652.10374     0.02131
 652.18715     0.02273
 652.27055     0.02436
 652.35396     0.02623
 652.43736     0.02838
 652.52077     0.03082
 652.60417     0.03359
 652.68758     0.03672
 652.77098     0.04022
 652.85438     0.04412
 652.93779     0.04844
 653.02119     0.05318
 653.1046      0.05836
 653.188       0.06398
 653.27141     0.07006
 653.35481     0.07662
 653.43822     0.08374
 653.52162     0.0915
 653.60503     0.10006
 653.68843     0.10961
 653.77183     0.12036
 653.85524     0.13251
 653.93864     0.14613
 654.02205     0.16108
 654.10545     0.17696
 654.18886     0.19304
 654.27226     0.20828
 654.35567     0.2215
 654.43907     0.23151
 654.52248     0.23741
 654.60588     0.23869
 654.68929     0.23542
 654.77269     0.22816
 654.85609     0.21788
 654.9395      0.20572
 655.0229      0.19278
 655.10631     0.17996
 655.18971     0.16788
 655.27312     0.15682
 655.35652     0.14683
 655.43993     0.13779
 655.52333     0.12952
 655.60674     0.12182
 655.69014     0.11454
 655.77355     0.10758
 655.85695     0.1009
 655.94035     0.09449
 656.02376     0.08838
 656.10716     0.0826
 656.19057     0.07718
 656.27397     0.07216
 656.35738     0.06757
 656.44078     0.06342
 656.52419     0.05972
 656.60759     0.05648
 656.691       0.05369
 656.7744      0.05135
 656.85781     0.04944
 656.94121     0.04795
 657.02461     0.04686
 657.10802     0.04617
 657.19142     0.04585
 657.27483     0.0459
 657.35823     0.0463
 657.44164     0.04706
 657.52504     0.04817
 657.60845     0.04964
 657.69185     0.05148
 657.77526     0.0537
 657.85866     0.05634
 657.94206     0.05944
 658.02547     0.06304
 658.10887     0.06721
 658.19228     0.07203
 658.27568     0.07758
 658.35909     0.08396
 658.44249     0.09125
 658.5259      0.09952
 658.6093      0.10882
 658.69271     0.11914
 658.77611     0.13041
 658.85952     0.14249
 658.94292     0.15515
 659.02632     0.16808
 659.10973     0.18092
 659.19313     0.19323
 659.27654     0.2046
 659.35994     0.21463
 659.44335     0.22296
 659.52675     0.22935
 659.61016     0.23367
 659.69356     0.23592
 659.77697     0.23623
 659.86037     0.23482
 659.94378     0.23199
 660.02718     0.22809
 660.11058     0.22345
 660.19399     0.21838
 660.27739     0.21315
 660.3608      0.20796
 660.4442      0.20293
 660.52761     0.19812
 660.61101     0.19356
 660.69442     0.18922
 660.77782     0.18505
 660.86123     0.181
 660.94463     0.17702
 661.02804     0.17306
 661.11144     0.16909
 661.19484     0.16511
 661.27825     0.16111
 661.36165     0.15709
 661.44506     0.15308
 661.52846     0.14909
 661.61187     0.14515
 661.69527     0.14129
 661.77868     0.13752
 661.86208     0.13386
 661.94549     0.13033
 662.02889     0.12693
 662.11229     0.12369
 662.1957      0.12059
 662.2791      0.11764
 662.36251     0.11484
 662.44591     0.11218
 662.52932     0.10965
 662.61272     0.10725
 662.69613     0.10496
 662.77953     0.10277
 662.86294     0.10068
 662.94634     0.09867
 663.02975     0.09673
 663.11315     0.09486
 663.19655     0.09305
 663.27996     0.09128
 663.36336     0.08956
 663.44677     0.08788
 663.53017     0.08623
 663.61358     0.08462
 663.69698     0.08304
 663.78039     0.08148
 663.86379     0.07996
 663.9472      0.07847
 664.0306      0.07701
 664.11401     0.07559
 664.19741     0.07421
 664.28081     0.07286
 664.36422     0.07155
 664.44762     0.07029
 664.53103     0.06907
 664.61443     0.0679
 664.69784     0.06677
 664.78124     0.0657
 664.86465     0.06467
 664.94805     0.0637
 665.03146     0.06277
 665.11486     0.0619
 665.19826     0.06108
 665.28167     0.0603
 665.36507     0.05958
 665.44848     0.0589
 665.53188     0.05826
 665.61529     0.05767
 665.69869     0.05712
 665.7821      0.05661
 665.8655      0.05613
 665.94891     0.05568
 666.03231     0.05527
 666.11572     0.05488
 666.19912     0.05452
 666.28252     0.05418
 666.36593     0.05385
 666.44933     0.05355
 666.53274     0.05325
 666.61614     0.05297
 666.69955     0.0527
 666.78295     0.05243
 666.86636     0.05217
 666.94976     0.05191
 667.03317     0.05165
 667.11657     0.05139
 667.19998     0.05113
 667.28338     0.05086
 667.36678     0.05059
 667.45019     0.05031
 667.53359     0.05003
 667.617       0.04974
 667.7004      0.04944
 667.78381     0.04913
 667.86721     0.04882
 667.95062     0.04849
 668.03402     0.04816
 668.11743     0.04782
 668.20083     0.04747
 668.28424     0.04712
 668.36764     0.04675
 668.45104     0.04639
 668.53445     0.04601
 668.61785     0.04563
 668.70126     0.04524
 668.78466     0.04485
 668.86807     0.04446
 668.95147     0.04406
 669.03488     0.04366
 669.11828     0.04326
 669.20169     0.04287
 669.28509     0.04247
 669.36849     0.04207
 669.4519      0.04167
 669.5353      0.04128
 669.61871     0.04089
 669.70211     0.0405
 669.78552     0.04012
 669.86892     0.03974
 669.95233     0.03937
 670.03573     0.039
 670.11914     0.03864
 670.20254     0.03829
 670.28595     0.03794
 670.36935     0.0376
 670.45275     0.03726
 670.53616     0.03693
 670.61956     0.03661
 670.70297     0.03629
 670.78637     0.03598
 670.86978     0.03568
 670.95318     0.03538
 671.03659     0.03509
 671.11999     0.0348
 671.2034      0.03451
 671.2868      0.03423
 671.37021     0.03396
 671.45361     0.03369
 671.53701     0.03342
 671.62042     0.03315
 671.70382     0.03288
 671.78723     0.03261
 671.87063     0.03234
 671.95404     0.03208
 672.03744     0.03181
 672.12085     0.03154
 672.20425     0.03126
 672.28766     0.03098
 672.37106     0.0307
 672.45447     0.03042
 672.53787     0.03013
 672.62127     0.02983
 672.70468     0.02953
 672.78808     0.02922
 672.87149     0.0289
 672.95489     0.02858
 673.0383      0.02825
 673.1217      0.02791
 673.20511     0.02756
 673.28851     0.0272
 673.37192     0.02684
 673.45532     0.02646
 673.53872     0.02608
 673.62213     0.02569
 673.70553     0.02529
 673.78894     0.02488
 673.87234     0.02447
 673.95575     0.02404
 674.03915     0.02361
 674.12256     0.02317
 674.20596     0.02272
 674.28937     0.02227
 674.37277     0.02181
 674.45618     0.02135
 674.53958     0.02088
 674.62298     0.0204
 674.70639     0.01992
 674.78979     0.01944
 674.8732      0.01895
 674.9566      0.01846
 675.04001     0.01797
 675.12341     0.01748
 675.20682     0.01699
 675.29022     0.0165
 675.37363     0.01601
 675.45703     0.01552
 675.54044     0.01503
 675.62384     0.01455
 675.70724     0.01407
 675.79065     0.01359
 675.87405     0.01312
 675.95746     0.01266
 676.04086     0.0122
 676.12427     0.01174
 676.20767     0.0113
 676.29108     0.01086
 676.37448     0.01042
 676.45789     0.01
 676.54129     0.00958
 676.6247      0.00918
 676.7081      0.00878
 676.7915      0.00839
 676.87491     0.00802
 676.95831     0.00765
 677.04172     0.00729
 677.12512     0.00694
 677.20853     0.00661
 677.29193     0.00628
 677.37534     0.00596
 677.45874     0.00566
 677.54215     0.00536
 677.62555     0.00508
 677.70895     0.0048
 677.79236     0.00454
 677.87576     0.00429
 677.95917     0.00405
 678.04257     0.00381
 678.12598     0.00359
 678.20938     0.00338
 678.29279     0.00318
 678.37619     0.00298
 678.4596      0.0028
 678.543       0.00262
 678.62641     0.00245
 678.70981     0.0023
 678.79321     0.00215
 678.87662     0.002
 678.96002     0.00187
 679.04343     0.00174
 679.12683     0.00162
 679.21024     0.00151
 679.29364     0.0014
 679.37705     0.0013
 679.46045     0.00121
 679.54386     0.00112
 679.62726     0.00103
 679.71067     9.55956E-4
 679.79407     8.83142E-4
 679.87747     8.15092E-4
 679.96088     7.51566E-4
 680.04428     6.92328E-4
 680.12769     6.37149E-4
 680.21109     5.85807E-4
 680.2945      5.38087E-4
 680.3779      4.93782E-4
 680.46131     4.52693E-4
 680.54471     4.14626E-4
 680.62812     3.79398E-4
 680.71152     3.46833E-4
 680.79493     3.16761E-4
 680.87833     2.89021E-4
 680.96173     2.6346E-4
 681.04514     2.39931E-4
 681.12854     2.18297E-4
 681.21195     1.98426E-4
 681.29535     1.80192E-4
 681.37876     1.6348E-4
 681.46216     1.48178E-4
 681.54557     1.34183E-4
 681.62897     1.21395E-4
 681.71238     1.09723E-4
 681.79578     9.90804E-5
 681.87918     8.93869E-5
 681.96259     8.05669E-5
 682.04599     7.255E-5
 682.1294      6.52704E-5
 682.2128      5.86673E-5
 682.29621     5.26839E-5
 682.37961     4.72675E-5
 682.46302     4.23695E-5
 682.54642     3.79446E-5
 682.62983     3.39513E-5
 682.71323     3.03511E-5
 682.79664     2.71085E-5
 682.88004     2.41909E-5
 682.96344     2.15684E-5
 683.04685     1.92135E-5
 683.13025     1.71009E-5
 683.21366     1.52075E-5
 683.29706     1.35123E-5
 683.38047     1.1996E-5
 683.46387     1.06411E-5
 683.54728     9.43138E-6
 683.63068     8.35247E-6
 683.71409     7.39108E-6
 683.79749     6.53522E-6
 683.8809      5.77401E-6
 683.9643      5.09761E-6
 684.0477      4.49711E-6
 684.13111     3.96448E-6
 684.21451     3.49246E-6
 684.29792     3.07453E-6
 684.38132     2.70481E-6
 684.46473     2.37801E-6
 684.54813     2.0894E-6
 684.63154     1.83472E-6
 684.71494     1.61017E-6
 684.79835     1.41233E-6
 684.88175     1.23817E-6
 684.96516     1.08497E-6
 685.04856     9.50306E-7
 685.13196     8.32016E-7
 685.21537     7.28182E-7
 685.29877     6.37099E-7
 685.38218     5.57251E-7
 685.46558     4.87294E-7
 685.54899     4.2604E-7
 685.63239     3.72434E-7
 685.7158      3.25545E-7
 685.7992      2.84551E-7
 685.88261     2.48726E-7
 685.96601     2.1743E-7
 686.04941     1.901E-7
 686.13282     1.66241E-7
 686.21622     1.45417E-7
 686.29963     1.27245E-7
 686.38303     1.11389E-7
 686.46644     9.75558E-8
 686.54984     8.54871E-8
 686.63325     7.49573E-8
 686.71665     6.57691E-8
 686.80006     5.77502E-8
 686.88346     5.07498E-8
 686.96687     4.46367E-8
 687.05027     3.92962E-8
 687.13367     3.46284E-8
 687.21708     3.05465E-8
 687.30048     2.69745E-8
 687.38389     2.38466E-8
 687.46729     2.11055E-8
 687.5507      1.87013E-8
 687.6341      1.65906E-8
 687.71751     1.47358E-8
 687.80091     1.31043E-8
 687.88432     1.16674E-8
 687.96772     1.04006E-8
 688.05113     9.2824E-9
 688.13453     8.2941E-9
 688.21793     7.41954E-9
 688.30134     6.64461E-9
 688.38474     5.95706E-9
 688.46815     5.34624E-9
 688.55155     4.80287E-9
 688.63496     4.31885E-9
 688.71836     3.88714E-9
 688.80177     3.5016E-9
 688.88517     3.15684E-9
 688.96858     2.84819E-9
 689.05198     2.57153E-9
 689.13539     2.32326E-9
 689.21879     2.10022E-9
 689.30219     1.89963E-9
 689.3856      1.71907E-9
 689.469       1.55637E-9
 689.55241     1.40964E-9
 689.63581     1.27721E-9
 689.71922     1.15758E-9
 689.80262     1.04945E-9
 689.88603     9.51647E-10
 689.96943     8.63131E-10
