 640.01008     8.5162E-5
 640.09348     8.91335E-5
 640.17689     9.32752E-5
 640.26029     9.75935E-5
 640.34369     1.02095E-4
 640.4271      1.06787E-4
 640.5105      1.11677E-4
 640.59391     1.16772E-4
 640.67731     1.22079E-4
 640.76072     1.27607E-4
 640.84412     1.33364E-4
 640.92753     1.39358E-4
 641.01093     1.45598E-4
 641.09434     1.52093E-4
 641.17774     1.58852E-4
 641.26114     1.65884E-4
 641.34455     1.732E-4
 641.42795     1.80809E-4
 641.51136     1.88722E-4
 641.59476     1.96949E-4
 641.67817     2.05502E-4
 641.76157     2.14392E-4
 641.84498     2.2363E-4
 641.92838     2.33228E-4
 642.01179     2.43199E-4
 642.09519     2.53556E-4
 642.1786      2.64311E-4
 642.262       2.75477E-4
 642.3454      2.87069E-4
 642.42881     2.991E-4
 642.51221     3.11585E-4
 642.59562     3.24539E-4
 642.67902     3.37977E-4
 642.76243     3.51914E-4
 642.84583     3.66367E-4
 642.92924     3.81352E-4
 643.01264     3.96885E-4
 643.09605     4.12985E-4
 643.17945     4.29668E-4
 643.26286     4.46953E-4
 643.34626     4.64858E-4
 643.42966     4.83402E-4
 643.51307     5.02605E-4
 643.59647     5.22487E-4
 643.67988     5.43067E-4
 643.76328     5.64366E-4
 643.84669     5.86406E-4
 643.93009     6.09208E-4
 644.0135      6.32795E-4
 644.0969      6.57189E-4
 644.18031     6.82413E-4
 644.26371     7.0849E-4
 644.34712     7.35446E-4
 644.43052     7.63303E-4
 644.51392     7.92088E-4
 644.59733     8.21825E-4
 644.68073     8.52541E-4
 644.76414     8.84263E-4
 644.84754     9.17016E-4
 644.93095     9.50829E-4
 645.01435     9.85729E-4
 645.09776     0.00102
 645.18116     0.00106
 645.26457     0.0011
 645.34797     0.00114
 645.43137     0.00118
 645.51478     0.00122
 645.59818     0.00126
 645.68159     0.00131
 645.76499     0.00135
 645.8484      0.0014
 645.9318      0.00145
 646.01521     0.0015
 646.09861     0.00155
 646.18202     0.00161
 646.26542     0.00166
 646.34883     0.00172
 646.43223     0.00177
 646.51563     0.00183
 646.59904     0.0019
 646.68244     0.00196
 646.76585     0.00202
 646.84925     0.00209
 646.93266     0.00216
 647.01606     0.00223
 647.09947     0.0023
 647.18287     0.00238
 647.26628     0.00245
 647.34968     0.00253
 647.43309     0.00261
 647.51649     0.0027
 647.59989     0.00278
 647.6833      0.00287
 647.7667      0.00296
 647.85011     0.00305
 647.93351     0.00314
 648.01692     0.00324
 648.10032     0.00334
 648.18373     0.00344
 648.26713     0.00354
 648.35054     0.00365
 648.43394     0.00376
 648.51735     0.00387
 648.60075     0.00399
 648.68415     0.0041
 648.76756     0.00422
 648.85096     0.00435
 648.93437     0.00447
 649.01777     0.0046
 649.10118     0.00473
 649.18458     0.00486
 649.26799     0.005
 649.35139     0.00514
 649.4348      0.00529
 649.5182      0.00543
 649.6016      0.00558
 649.68501     0.00573
 649.76841     0.00589
 649.85182     0.00605
 649.93522     0.00621
 650.01863     0.00638
 650.10203     0.00655
 650.18544     0.00672
 650.26884     0.0069
 650.35225     0.00708
 650.43565     0.00726
 650.51906     0.00745
 650.60246     0.00764
 650.68586     0.00783
 650.76927     0.00803
 650.85267     0.00823
 650.93608     0.00844
 651.01948     0.00865
 651.10289     0.00886
 651.18629     0.00908
 651.2697      0.00931
 651.3531      0.00954
 651.43651     0.00979
 651.51991     0.01004
 651.60332     0.01031
 651.68672     0.0106
 651.77012     0.01091
 651.85353     0.01125
 651.93693     0.01163
 652.02034     0.01207
 652.10374     0.01258
 652.18715     0.01317
 652.27055     0.01388
 652.35396     0.01472
 652.43736     0.01574
 652.52077     0.01698
 652.60417     0.01848
 652.68758     0.02029
 652.77098     0.02247
 652.85438     0.02508
 652.93779     0.02817
 653.02119     0.03182
 653.1046      0.03608
 653.188       0.04101
 653.27141     0.04665
 653.35481     0.05302
 653.43822     0.06017
 653.52162     0.06812
 653.60503     0.07691
 653.68843     0.08666
 653.77183     0.09759
 653.85524     0.11007
 653.93864     0.12463
 654.02205     0.14185
 654.10545     0.16213
 654.18886     0.18533
 654.27226     0.21043
 654.35567     0.2354
 654.43907     0.25739
 654.52248     0.27343
 654.60588     0.28127
 654.68929     0.28009
 654.77269     0.27079
 654.85609     0.25561
 654.9395      0.23739
 655.0229      0.21868
 655.10631     0.20123
 655.18971     0.18578
 655.27312     0.1723
 655.35652     0.16034
 655.43993     0.14937
 655.52333     0.13895
 655.60674     0.12884
 655.69014     0.11897
 655.77355     0.10939
 655.85695     0.10018
 655.94035     0.09146
 656.02376     0.08332
 656.10716     0.07585
 656.19057     0.0691
 656.27397     0.06309
 656.35738     0.05783
 656.44078     0.05329
 656.52419     0.04944
 656.60759     0.04624
 656.691       0.04363
 656.7744      0.04156
 656.85781     0.03996
 656.94121     0.03878
 657.02461     0.03797
 657.10802     0.03748
 657.19142     0.03727
 657.27483     0.03732
 657.35823     0.0376
 657.44164     0.03809
 657.52504     0.03879
 657.60845     0.03971
 657.69185     0.04084
 657.77526     0.04223
 657.85866     0.04389
 657.94206     0.04587
 658.02547     0.04824
 658.10887     0.05108
 658.19228     0.05451
 658.27568     0.05868
 658.35909     0.06378
 658.44249     0.07005
 658.5259      0.07776
 658.6093      0.0872
 658.69271     0.09863
 658.77611     0.11226
 658.85952     0.12814
 658.94292     0.14611
 659.02632     0.1658
 659.10973     0.18654
 659.19313     0.20743
 659.27654     0.22741
 659.35994     0.24539
 659.44335     0.26035
 659.52675     0.27156
 659.61016     0.27861
 659.69356     0.28151
 659.77697     0.28064
 659.86037     0.27668
 659.94378     0.2705
 660.02718     0.26297
 660.11058     0.25489
 660.19399     0.24686
 660.27739     0.23928
 660.3608      0.23231
 660.4442      0.22597
 660.52761     0.22012
 660.61101     0.21461
 660.69442     0.20925
 660.77782     0.2039
 660.86123     0.19845
 660.94463     0.19286
 661.02804     0.18713
 661.11144     0.18128
 661.19484     0.17539
 661.27825     0.1695
 661.36165     0.16371
 661.44506     0.15806
 661.52846     0.15263
 661.61187     0.14744
 661.69527     0.14253
 661.77868     0.13793
 661.86208     0.13362
 661.94549     0.12962
 662.02889     0.1259
 662.11229     0.12244
 662.1957      0.11923
 662.2791      0.11622
 662.36251     0.11341
 662.44591     0.11075
 662.52932     0.10822
 662.61272     0.10579
 662.69613     0.10346
 662.77953     0.10119
 662.86294     0.09898
 662.94634     0.09681
 663.02975     0.09467
 663.11315     0.09257
 663.19655     0.0905
 663.27996     0.08846
 663.36336     0.08644
 663.44677     0.08447
 663.53017     0.08253
 663.61358     0.08063
 663.69698     0.07878
 663.78039     0.07698
 663.86379     0.07524
 663.9472      0.07356
 664.0306      0.07195
 664.11401     0.0704
 664.19741     0.06891
 664.28081     0.0675
 664.36422     0.06617
 664.44762     0.0649
 664.53103     0.0637
 664.61443     0.06257
 664.69784     0.06152
 664.78124     0.06052
 664.86465     0.05959
 664.94805     0.05872
 665.03146     0.05791
 665.11486     0.05715
 665.19826     0.05644
 665.28167     0.05578
 665.36507     0.05516
 665.44848     0.05458
 665.53188     0.05403
 665.61529     0.05352
 665.69869     0.05303
 665.7821      0.05258
 665.8655      0.05214
 665.94891     0.05172
 666.03231     0.05132
 666.11572     0.05094
 666.19912     0.05057
 666.28252     0.0502
 666.36593     0.04985
 666.44933     0.0495
 666.53274     0.04916
 666.61614     0.04882
 666.69955     0.04849
 666.78295     0.04815
 666.86636     0.04782
 666.94976     0.04749
 667.03317     0.04716
 667.11657     0.04682
 667.19998     0.04649
 667.28338     0.04615
 667.36678     0.04581
 667.45019     0.04547
 667.53359     0.04513
 667.617       0.04478
 667.7004      0.04443
 667.78381     0.04408
 667.86721     0.04373
 667.95062     0.04337
 668.03402     0.04302
 668.11743     0.04266
 668.20083     0.0423
 668.28424     0.04194
 668.36764     0.04158
 668.45104     0.04121
 668.53445     0.04085
 668.61785     0.04049
 668.70126     0.04013
 668.78466     0.03977
 668.86807     0.03941
 668.95147     0.03905
 669.03488     0.0387
 669.11828     0.03835
 669.20169     0.038
 669.28509     0.03765
 669.36849     0.03731
 669.4519      0.03697
 669.5353      0.03664
 669.61871     0.03632
 669.70211     0.036
 669.78552     0.03568
 669.86892     0.03537
 669.95233     0.03507
 670.03573     0.03478
 670.11914     0.03449
 670.20254     0.03421
 670.28595     0.03394
 670.36935     0.03368
 670.45275     0.03343
 670.53616     0.03319
 670.61956     0.03295
 670.70297     0.03272
 670.78637     0.0325
 670.86978     0.03229
 670.95318     0.03209
 671.03659     0.0319
 671.11999     0.03171
 671.2034      0.03153
 671.2868      0.03136
 671.37021     0.0312
 671.45361     0.03104
 671.53701     0.03088
 671.62042     0.03073
 671.70382     0.03059
 671.78723     0.03044
 671.87063     0.0303
 671.95404     0.03016
 672.03744     0.03002
 672.12085     0.02988
 672.20425     0.02973
 672.28766     0.02959
 672.37106     0.02944
 672.45447     0.02928
 672.53787     0.02912
 672.62127     0.02895
 672.70468     0.02877
 672.78808     0.02858
 672.87149     0.02839
 672.95489     0.02818
 673.0383      0.02796
 673.1217      0.02773
 673.20511     0.02748
 673.28851     0.02722
 673.37192     0.02695
 673.45532     0.02666
 673.53872     0.02636
 673.62213     0.02605
 673.70553     0.02572
 673.78894     0.02537
 673.87234     0.02501
 673.95575     0.02464
 674.03915     0.02425
 674.12256     0.02385
 674.20596     0.02344
 674.28937     0.02301
 674.37277     0.02257
 674.45618     0.02213
 674.53958     0.02167
 674.62298     0.02121
 674.70639     0.02073
 674.78979     0.02025
 674.8732      0.01977
 674.9566      0.01928
 675.04001     0.01879
 675.12341     0.01829
 675.20682     0.01779
 675.29022     0.0173
 675.37363     0.0168
 675.45703     0.01631
 675.54044     0.01582
 675.62384     0.01533
 675.70724     0.01485
 675.79065     0.01438
 675.87405     0.01391
 675.95746     0.01345
 676.04086     0.013
 676.12427     0.01256
 676.20767     0.01212
 676.29108     0.0117
 676.37448     0.01129
 676.45789     0.01088
 676.54129     0.01049
 676.6247      0.01011
 676.7081      0.00974
 676.7915      0.00939
 676.87491     0.00904
 676.95831     0.00871
 677.04172     0.00838
 677.12512     0.00807
 677.20853     0.00777
 677.29193     0.00749
 677.37534     0.00721
 677.45874     0.00694
 677.54215     0.00669
 677.62555     0.00644
 677.70895     0.00621
 677.79236     0.00598
 677.87576     0.00576
 677.95917     0.00556
 678.04257     0.00536
 678.12598     0.00516
 678.20938     0.00498
 678.29279     0.00481
 678.37619     0.00464
 678.4596      0.00448
 678.543       0.00432
 678.62641     0.00417
 678.70981     0.00403
 678.79321     0.00389
 678.87662     0.00376
 678.96002     0.00363
 679.04343     0.00351
 679.12683     0.00339
 679.21024     0.00328
 679.29364     0.00317
 679.37705     0.00307
 679.46045     0.00297
 679.54386     0.00287
 679.62726     0.00277
 679.71067     0.00268
 679.79407     0.00259
 679.87747     0.00251
 679.96088     0.00243
 680.04428     0.00235
 680.12769     0.00227
 680.21109     0.0022
 680.2945      0.00212
 680.3779      0.00205
 680.46131     0.00199
 680.54471     0.00192
 680.62812     0.00186
 680.71152     0.0018
 680.79493     0.00174
 680.87833     0.00168
 680.96173     0.00162
 681.04514     0.00157
 681.12854     0.00152
 681.21195     0.00146
 681.29535     0.00141
 681.37876     0.00137
 681.46216     0.00132
 681.54557     0.00127
 681.62897     0.00123
 681.71238     0.00119
 681.79578     0.00115
 681.87918     0.00111
 681.96259     0.00107
 682.04599     0.00103
 682.1294      9.94362E-4
 682.2128      9.59142E-4
 682.29621     9.25027E-4
 682.37961     8.91987E-4
 682.46302     8.59993E-4
 682.54642     8.29017E-4
 682.62983     7.9903E-4
 682.71323     7.70007E-4
 682.79664     7.4192E-4
 682.88004     7.14744E-4
 682.96344     6.88454E-4
 683.04685     6.63025E-4
 683.13025     6.38433E-4
 683.21366     6.14655E-4
 683.29706     5.91668E-4
 683.38047     5.69449E-4
 683.46387     5.47976E-4
 683.54728     5.27228E-4
 683.63068     5.07184E-4
 683.71409     4.87823E-4
 683.79749     4.69126E-4
 683.8809      4.51072E-4
 683.9643      4.33644E-4
 684.0477      4.16822E-4
 684.13111     4.00587E-4
 684.21451     3.84923E-4
 684.29792     3.69812E-4
 684.38132     3.55236E-4
 684.46473     3.4118E-4
 684.54813     3.27627E-4
 684.63154     3.14562E-4
 684.71494     3.01969E-4
 684.79835     2.89833E-4
 684.88175     2.7814E-4
 684.96516     2.66876E-4
 685.04856     2.56026E-4
 685.13196     2.45578E-4
 685.21537     2.35518E-4
 685.29877     2.25834E-4
 685.38218     2.16513E-4
 685.46558     2.07543E-4
 685.54899     1.98913E-4
 685.63239     1.90611E-4
 685.7158      1.82625E-4
 685.7992      1.74946E-4
 685.88261     1.67563E-4
 685.96601     1.60466E-4
 686.04941     1.53644E-4
 686.13282     1.47089E-4
 686.21622     1.4079E-4
 686.29963     1.3474E-4
 686.38303     1.28928E-4
 686.46644     1.23348E-4
 686.54984     1.17989E-4
 686.63325     1.12846E-4
 686.71665     1.07909E-4
 686.80006     1.03171E-4
 686.88346     9.86259E-5
 686.96687     9.42654E-5
 687.05027     9.00832E-5
 687.13367     8.60726E-5
 687.21708     8.22273E-5
 687.30048     7.85411E-5
 687.38389     7.50081E-5
 687.46729     7.16223E-5
 687.5507      6.83784E-5
 687.6341      6.52708E-5
 687.71751     6.22944E-5
 687.80091     5.94442E-5
 687.88432     5.67151E-5
 687.96772     5.41026E-5
 688.05113     5.16022E-5
 688.13453     4.92093E-5
 688.21793     4.69198E-5
 688.30134     4.47296E-5
 688.38474     4.26348E-5
 688.46815     4.06315E-5
 688.55155     3.8716E-5
 688.63496     3.68849E-5
 688.71836     3.51348E-5
 688.80177     3.34623E-5
 688.88517     3.18642E-5
 688.96858     3.03376E-5
 689.05198     2.88794E-5
 689.13539     2.74869E-5
 689.21879     2.61573E-5
 689.30219     2.4888E-5
 689.3856      2.36764E-5
 689.469       2.25202E-5
 689.55241     2.1417E-5
 689.63581     2.03646E-5
 689.71922     1.93607E-5
 689.80262     1.84034E-5
 689.88603     1.74905E-5
 689.96943     1.66203E-5
