 640.01008     2.32662E-5
 640.10867     2.47296E-5
 640.20727     2.62786E-5
 640.30587     2.79176E-5
 640.40446     2.96516E-5
 640.50306     3.14855E-5
 640.60166     3.34245E-5
 640.70025     3.54742E-5
 640.79885     3.76402E-5
 640.89744     3.99287E-5
 640.99604     4.23458E-5
 641.09464     4.48981E-5
 641.19323     4.75925E-5
 641.29183     5.04361E-5
 641.39043     5.34364E-5
 641.48902     5.66012E-5
 641.58762     5.99386E-5
 641.68622     6.34571E-5
 641.78481     6.71655E-5
 641.88341     7.1073E-5
 641.98201     7.51893E-5
 642.0806      7.95244E-5
 642.1792      8.40885E-5
 642.2778      8.88927E-5
 642.37639     9.39481E-5
 642.47499     9.92664E-5
 642.57359     1.0486E-4
 642.67218     1.10741E-4
 642.77078     1.16923E-4
 642.86937     1.2342E-4
 642.96797     1.30246E-4
 643.06657     1.37415E-4
 643.16516     1.44943E-4
 643.26376     1.52845E-4
 643.36236     1.61139E-4
 643.46095     1.6984E-4
 643.55955     1.78968E-4
 643.65815     1.88539E-4
 643.75674     1.98572E-4
 643.85534     2.09088E-4
 643.95394     2.20107E-4
 644.05253     2.31649E-4
 644.15113     2.43735E-4
 644.24973     2.5639E-4
 644.34832     2.69634E-4
 644.44692     2.83492E-4
 644.54552     2.97989E-4
 644.64411     3.1315E-4
 644.74271     3.29001E-4
 644.84131     3.45569E-4
 644.9399      3.62881E-4
 645.0385      3.80967E-4
 645.13709     3.99855E-4
 645.23569     4.19575E-4
 645.33429     4.4016E-4
 645.43288     4.6164E-4
 645.53148     4.84049E-4
 645.63008     5.0742E-4
 645.72867     5.31787E-4
 645.82727     5.57188E-4
 645.92587     5.83657E-4
 646.02446     6.11232E-4
 646.12306     6.39952E-4
 646.22166     6.69856E-4
 646.32025     7.00984E-4
 646.41885     7.33377E-4
 646.51745     7.67077E-4
 646.61604     8.02128E-4
 646.71464     8.38572E-4
 646.81324     8.76456E-4
 646.91183     9.15825E-4
 647.01043     9.56725E-4
 647.10902     9.99205E-4
 647.20762     0.00104
 647.30622     0.00109
 647.40481     0.00114
 647.50341     0.00119
 647.60201     0.00124
 647.7006      0.00129
 647.7992      0.00134
 647.8978      0.0014
 647.99639     0.00146
 648.09499     0.00152
 648.19359     0.00159
 648.29218     0.00165
 648.39078     0.00172
 648.48938     0.00179
 648.58797     0.00186
 648.68657     0.00194
 648.78517     0.00201
 648.88376     0.00209
 648.98236     0.00218
 649.08095     0.00226
 649.17955     0.00235
 649.27815     0.00244
 649.37674     0.00253
 649.47534     0.00263
 649.57394     0.00273
 649.67253     0.00283
 649.77113     0.00294
 649.86973     0.00305
 649.96832     0.00316
 650.06692     0.00328
 650.16552     0.0034
 650.26411     0.00352
 650.36271     0.00365
 650.46131     0.00378
 650.5599      0.00391
 650.6585      0.00405
 650.7571      0.00419
 650.85569     0.00434
 650.95429     0.00448
 651.05289     0.00464
 651.15148     0.00479
 651.25008     0.00496
 651.34867     0.00512
 651.44727     0.00529
 651.54587     0.00547
 651.64446     0.00565
 651.74306     0.00583
 651.84166     0.00603
 651.94025     0.00623
 652.03885     0.00644
 652.13745     0.00668
 652.23604     0.00694
 652.33464     0.00723
 652.43324     0.00759
 652.53183     0.00803
 652.63043     0.00859
 652.72903     0.00933
 652.82762     0.01031
 652.92622     0.01162
 653.02482     0.01337
 653.12341     0.0157
 653.22201     0.01875
 653.3206      0.0227
 653.4192      0.02772
 653.5178      0.03397
 653.61639     0.04162
 653.71499     0.05076
 653.81359     0.06149
 653.91218     0.07399
 654.01078     0.08883
 654.10938     0.1075
 654.20797     0.13275
 654.30657     0.16742
 654.40517     0.21113
 654.50376     0.25673
 654.60236     0.29111
 654.70096     0.30276
 654.79955     0.29017
 654.89815     0.26274
 654.99675     0.23312
 655.09534     0.20906
 655.19394     0.19144
 655.29254     0.17752
 655.39113     0.1645
 655.48973     0.15098
 655.58832     0.13674
 655.68692     0.12213
 655.78552     0.10766
 655.88411     0.09384
 655.98271     0.08104
 656.08131     0.06955
 656.1799      0.05952
 656.2785      0.05102
 656.3771      0.044
 656.47569     0.03838
 656.57429     0.034
 656.67289     0.0307
 656.77148     0.02831
 656.87008     0.02666
 656.96868     0.02559
 657.06727     0.02499
 657.16587     0.02475
 657.26447     0.02478
 657.36306     0.02504
 657.46166     0.02548
 657.56025     0.02609
 657.65885     0.02688
 657.75745     0.02786
 657.85604     0.02906
 657.95464     0.03055
 658.05324     0.03237
 658.15183     0.03462
 658.25043     0.03739
 658.34903     0.04083
 658.44762     0.04513
 658.54622     0.05058
 658.64482     0.05766
 658.74341     0.0671
 658.84201     0.07985
 658.94061     0.09704
 659.0392      0.11958
 659.1378      0.14766
 659.2364      0.18016
 659.33499     0.2144
 659.43359     0.24642
 659.53219     0.27192
 659.63078     0.28763
 659.72938     0.29241
 659.82797     0.28753
 659.92657     0.27612
 660.02517     0.26192
 660.12376     0.24806
 660.22236     0.23634
 660.32096     0.22715
 660.41955     0.21996
 660.51815     0.21383
 660.61675     0.20789
 660.71534     0.20157
 660.81394     0.19463
 660.91254     0.18709
 661.01113     0.17912
 661.10973     0.17095
 661.20833     0.16283
 661.30692     0.15498
 661.40552     0.14756
 661.50412     0.1407
 661.60271     0.13447
 661.70131     0.12888
 661.7999      0.12391
 661.8985      0.11952
 661.9971      0.11563
 662.09569     0.11216
 662.19429     0.10902
 662.29289     0.10614
 662.39148     0.10344
 662.49008     0.10085
 662.58868     0.09832
 662.68727     0.09582
 662.78587     0.09332
 662.88447     0.0908
 662.98306     0.08827
 663.08166     0.08571
 663.18026     0.08315
 663.27885     0.0806
 663.37745     0.07806
 663.47605     0.07556
 663.57464     0.07312
 663.67324     0.07074
 663.77184     0.06845
 663.87043     0.06625
 663.96903     0.06415
 664.06762     0.06217
 664.16622     0.06031
 664.26482     0.05856
 664.36341     0.05695
 664.46201     0.05545
 664.56061     0.05408
 664.6592      0.05282
 664.7578      0.05167
 664.8564      0.05063
 664.95499     0.04968
 665.05359     0.04883
 665.15219     0.04806
 665.25078     0.04737
 665.34938     0.04674
 665.44798     0.04617
 665.54657     0.04566
 665.64517     0.04519
 665.74377     0.04477
 665.84236     0.04437
 665.94096     0.04401
 666.03955     0.04367
 666.13815     0.04334
 666.23675     0.04303
 666.33534     0.04274
 666.43394     0.04245
 666.53254     0.04216
 666.63113     0.04188
 666.72973     0.0416
 666.82833     0.04133
 666.92692     0.04104
 667.02552     0.04076
 667.12412     0.04048
 667.22271     0.04019
 667.32131     0.03989
 667.41991     0.03959
 667.5185      0.03929
 667.6171      0.03898
 667.7157      0.03867
 667.81429     0.03835
 667.91289     0.03803
 668.01149     0.0377
 668.11008     0.03737
 668.20868     0.03704
 668.30727     0.0367
 668.40587     0.03636
 668.50447     0.03602
 668.60306     0.03568
 668.70166     0.03534
 668.80026     0.03499
 668.89885     0.03464
 668.99745     0.0343
 669.09605     0.03395
 669.19464     0.03361
 669.29324     0.03327
 669.39184     0.03293
 669.49043     0.03259
 669.58903     0.03226
 669.68763     0.03193
 669.78622     0.0316
 669.88482     0.03128
 669.98342     0.03096
 670.08201     0.03065
 670.18061     0.03035
 670.2792      0.03005
 670.3778      0.02975
 670.4764      0.02946
 670.57499     0.02918
 670.67359     0.02891
 670.77219     0.02864
 670.87078     0.02837
 670.96938     0.02812
 671.06798     0.02786
 671.16657     0.02762
 671.26517     0.02737
 671.36377     0.02714
 671.46236     0.0269
 671.56096     0.02667
 671.65956     0.02644
 671.75815     0.02621
 671.85675     0.02598
 671.95535     0.02575
 672.05394     0.02552
 672.15254     0.02529
 672.25114     0.02506
 672.34973     0.02482
 672.44833     0.02457
 672.54692     0.02432
 672.64552     0.02407
 672.74412     0.0238
 672.84271     0.02353
 672.94131     0.02325
 673.03991     0.02296
 673.1385      0.02266
 673.2371      0.02235
 673.3357      0.02203
 673.43429     0.02169
 673.53289     0.02135
 673.63149     0.021
 673.73008     0.02063
 673.82868     0.02026
 673.92728     0.01987
 674.02587     0.01947
 674.12447     0.01907
 674.22307     0.01865
 674.32166     0.01823
 674.42026     0.0178
 674.51885     0.01736
 674.61745     0.01692
 674.71605     0.01647
 674.81464     0.01602
 674.91324     0.01557
 675.01184     0.01512
 675.11043     0.01467
 675.20903     0.01421
 675.30763     0.01376
 675.40622     0.01331
 675.50482     0.01287
 675.60342     0.01243
 675.70201     0.012
 675.80061     0.01157
 675.89921     0.01115
 675.9978      0.01074
 676.0964      0.01034
 676.195       0.00995
 676.29359     0.00956
 676.39219     0.00919
 676.49079     0.00883
 676.58938     0.00848
 676.68798     0.00814
 676.78657     0.00781
 676.88517     0.00749
 676.98377     0.00719
 677.08236     0.00689
 677.18096     0.00661
 677.27956     0.00633
 677.37815     0.00607
 677.47675     0.00582
 677.57535     0.00558
 677.67394     0.00535
 677.77254     0.00513
 677.87114     0.00492
 677.96973     0.00471
 678.06833     0.00452
 678.16693     0.00434
 678.26552     0.00416
 678.36412     0.00399
 678.46272     0.00383
 678.56131     0.00367
 678.65991     0.00352
 678.7585      0.00338
 678.8571      0.00325
 678.9557      0.00312
 679.05429     0.00299
 679.15289     0.00287
 679.25149     0.00276
 679.35008     0.00265
 679.44868     0.00254
 679.54728     0.00244
 679.64587     0.00234
 679.74447     0.00225
 679.84307     0.00216
 679.94166     0.00207
 680.04026     0.00199
 680.13886     0.00191
 680.23745     0.00184
 680.33605     0.00176
 680.43465     0.00169
 680.53324     0.00162
 680.63184     0.00156
 680.73043     0.00149
 680.82903     0.00143
 680.92763     0.00137
 681.02622     0.00132
 681.12482     0.00126
 681.22342     0.00121
 681.32201     0.00116
 681.42061     0.00111
 681.51921     0.00106
 681.6178      0.00102
 681.7164      9.74772E-4
 681.815       9.33051E-4
 681.91359     8.92914E-4
 682.01219     8.54309E-4
 682.11079     8.17184E-4
 682.20938     7.81491E-4
 682.30798     7.47182E-4
 682.40658     7.14209E-4
 682.50517     6.82529E-4
 682.60377     6.52099E-4
 682.70237     6.22875E-4
 682.80096     5.94817E-4
 682.89956     5.67885E-4
 682.99815     5.4204E-4
 683.09675     5.17246E-4
 683.19535     4.93466E-4
 683.29394     4.70663E-4
 683.39254     4.48804E-4
 683.49114     4.27855E-4
 683.58973     4.07783E-4
 683.68833     3.88558E-4
 683.78693     3.70148E-4
 683.88552     3.52523E-4
 683.98412     3.35655E-4
 684.08272     3.19515E-4
 684.18131     3.04076E-4
 684.27991     2.89311E-4
 684.37851     2.75196E-4
 684.4771      2.61704E-4
 684.5757      2.48813E-4
 684.6743      2.36498E-4
 684.77289     2.24737E-4
 684.87149     2.13508E-4
 684.97008     2.0279E-4
 685.06868     1.92562E-4
 685.16728     1.82805E-4
 685.26587     1.735E-4
 685.36447     1.64627E-4
 685.46307     1.5617E-4
 685.56166     1.48111E-4
 685.66026     1.40432E-4
 685.75886     1.33119E-4
 685.85745     1.26156E-4
 685.95605     1.19527E-4
 686.05465     1.13218E-4
 686.15324     1.07216E-4
 686.25184     1.01507E-4
 686.35044     9.60785E-5
 686.44903     9.09176E-5
 686.54763     8.60127E-5
 686.64623     8.13522E-5
 686.74482     7.69253E-5
 686.84342     7.27213E-5
 686.94202     6.873E-5
 687.04061     6.49417E-5
 687.13921     6.13471E-5
 687.2378      5.79371E-5
 687.3364      5.47031E-5
 687.435       5.16369E-5
 687.53359     4.87305E-5
 687.63219     4.59763E-5
 687.73079     4.3367E-5
 687.82938     4.08958E-5
 687.92798     3.85558E-5
 688.02658     3.63407E-5
 688.12517     3.42444E-5
 688.22377     3.2261E-5
 688.32237     3.0385E-5
 688.42096     2.86111E-5
 688.51956     2.6934E-5
 688.61816     2.5349E-5
 688.71675     2.38513E-5
 688.81535     2.24366E-5
 688.91395     2.11006E-5
 689.01254     1.98392E-5
 689.11114     1.86486E-5
 689.20973     1.75251E-5
 689.30833     1.64653E-5
 689.40693     1.54657E-5
 689.50552     1.45232E-5
 689.60412     1.36348E-5
 689.70272     1.27975E-5
 689.80131     1.20087E-5
 689.89991     1.12658E-5
 689.99851     1.05661E-5
 690.0971      9.90753E-6
 690.1957      9.28767E-6
 690.2943      8.70443E-6
 690.39289     8.15581E-6
 690.49149     7.63987E-6
 690.59009     7.15481E-6
 690.68868     6.69888E-6
 690.78728     6.27046E-6
 690.88588     5.86798E-6
 690.98447     5.48998E-6
 691.08307     5.13506E-6
 691.18167     4.8019E-6
 691.28026     4.48925E-6
 691.37886     4.19591E-6
 691.47745     3.92077E-6
 691.57605     3.66277E-6
 691.67465     3.4209E-6
 691.77324     3.19421E-6
 691.87184     2.9818E-6
 691.97044     2.78283E-6
 692.06903     2.5965E-6
 692.16763     2.42204E-6
 692.26623     2.25875E-6
 692.36482     2.10594E-6
 692.46342     1.96299E-6
 692.56202     1.82929E-6
 692.66061     1.70427E-6
 692.75921     1.58741E-6
 692.85781     1.47819E-6
 692.9564      1.37615E-6
 693.055       1.28083E-6
 693.1536      1.19182E-6
 693.25219     1.10873E-6
 693.35079     1.03117E-6
 693.44938     9.58798E-7
 693.54798     8.91287E-7
 693.64658     8.28324E-7
 693.74517     7.69619E-7
 693.84377     7.14898E-7
 693.94237     6.63903E-7
 694.04096     6.16394E-7
 694.13956     5.72142E-7
 694.23816     5.30937E-7
 694.33675     4.92577E-7
 694.43535     4.56875E-7
 694.53395     4.23657E-7
 694.63254     3.92756E-7
 694.73114     3.6402E-7
 694.82974     3.37302E-7
 694.92833     3.12468E-7
 695.02693     2.89391E-7
 695.12553     2.67952E-7
 695.22412     2.4804E-7
 695.32272     2.29551E-7
 695.42132     2.12388E-7
 695.51991     1.96459E-7
 695.61851     1.8168E-7
 695.7171      1.67972E-7
 695.8157      1.55259E-7
 695.9143      1.43473E-7
 696.01289     1.32549E-7
 696.11149     1.22426E-7
 696.21009     1.13048E-7
 696.30868     1.04363E-7
 696.40728     9.63216E-8
 696.50588     8.88777E-8
 696.60447     8.19887E-8
 696.70307     7.5615E-8
 696.80167     6.97196E-8
 696.90026     6.42679E-8
 696.99886     5.92278E-8
 697.09746     5.45696E-8
 697.19605     5.02652E-8
 697.29465     4.62889E-8
 697.39325     4.26167E-8
 697.49184     3.9226E-8
 697.59044     3.60963E-8
 697.68903     3.3208E-8
 697.78763     3.05432E-8
 697.88623     2.80854E-8
 697.98482     2.5819E-8
 698.08342     2.37295E-8
 698.18202     2.18038E-8
 698.28061     2.00294E-8
 698.37921     1.83949E-8
 698.47781     1.68896E-8
 698.5764      1.55036E-8
 698.675       1.42278E-8
 698.7736      1.30538E-8
 698.87219     1.19737E-8
 698.97079     1.09803E-8
 699.06939     1.00668E-8
