# RRKM rate for corannulene isomer 
En(eV)     K(E) s-1
0.483535  1.645238e+04
0.495933  4.684701e+04
0.508332  5.855657e+04
0.520730  8.991392e+04
0.533128  1.766509e+05
0.545527  2.578324e+05
0.557925  3.459319e+05
0.570323  5.066173e+05
0.582722  7.024958e+05
0.595120  9.243271e+05
0.607518  1.222778e+06
0.619917  1.585732e+06
0.632315  2.017318e+06
0.644713  2.550202e+06
0.657112  3.171052e+06
0.669510  3.900206e+06
0.681908  4.773627e+06
0.694307  5.775209e+06
0.706705  6.924349e+06
0.719103  8.261565e+06
0.731502  9.781499e+06
0.743900  1.150175e+07
0.756298  1.345778e+07
0.768697  1.565509e+07
0.781095  1.811643e+07
0.793493  2.087315e+07
0.805892  2.393522e+07
0.818290  2.733071e+07
0.830688  3.109137e+07
0.843087  3.523113e+07
0.855485  3.978029e+07
0.867883  4.477161e+07
0.880282  5.022457e+07
0.892680  5.617100e+07
0.905078  6.264396e+07
0.917477  6.966848e+07
0.929875  7.727818e+07
0.942273  8.550699e+07
0.954672  9.438368e+07
0.967070  1.039449e+08
0.979468  1.142258e+08
0.991867  1.252585e+08
1.004265  1.370800e+08
1.016663  1.497290e+08
1.029062  1.632399e+08
1.041460  1.776531e+08
1.053858  1.930068e+08
1.066257  2.093394e+08
1.078655  2.266922e+08
1.091053  2.451057e+08
1.103452  2.646220e+08
1.115850  2.852804e+08
1.128248  3.071273e+08
1.140647  3.302031e+08
1.153045  3.545528e+08
1.165443  3.802233e+08
1.177842  4.072534e+08
1.190240  4.356925e+08
1.202638  4.655879e+08
1.215037  4.969818e+08
1.227435  5.299269e+08
1.239833  5.644675e+08
1.252232  6.006489e+08
1.264630  6.385250e+08
1.277028  6.781405e+08
1.289427  7.195447e+08
1.301825  7.627904e+08
1.314223  8.079260e+08
1.326622  8.549956e+08
1.339020  9.040646e+08
1.351418  9.551705e+08
1.363817  1.008367e+09
1.376215  1.063714e+09
1.388613  1.121252e+09
1.401012  1.181044e+09
1.413410  1.243139e+09
1.425808  1.307588e+09
1.438207  1.374447e+09
1.450605  1.443758e+09
1.463003  1.515591e+09
1.475402  1.589997e+09
1.487800  1.667021e+09
1.500198  1.746725e+09
1.512597  1.829158e+09
1.524995  1.914387e+09
1.537393  2.002444e+09
1.549792  2.093406e+09
1.562190  2.187319e+09
1.574588  2.284244e+09
1.586987  2.384225e+09
1.599385  2.487321e+09
1.611783  2.593588e+09
1.624182  2.703088e+09
1.636580  2.815870e+09
1.648978  2.931996e+09
1.661377  3.051522e+09
1.673775  3.174498e+09
1.686173  3.300982e+09
1.698572  3.431026e+09
1.710970  3.564684e+09
1.723368  3.702056e+09
1.735767  3.843134e+09
1.748165  3.987981e+09
1.760563  4.136700e+09
1.772962  4.289307e+09
1.785360  4.445871e+09
1.797758  4.606458e+09
1.810157  4.771110e+09
1.822555  4.939883e+09
1.834953  5.112822e+09
1.847352  5.290031e+09
1.859750  5.471539e+09
1.872148  5.657327e+09
1.884547  5.847557e+09
1.896945  6.042281e+09
1.909343  6.241466e+09
1.921742  6.445263e+09
1.934140  6.653678e+09
1.946538  6.866748e+09
1.958937  7.084584e+09
1.971335  7.307193e+09
1.983733  7.534632e+09
1.996132  7.766956e+09
2.008530  8.004284e+09
2.020928  8.246576e+09
2.033327  8.493927e+09
2.045725  8.746434e+09
2.058123  9.004086e+09
2.070522  9.266978e+09
2.082920  9.535123e+09
2.095318  9.808633e+09
2.107717  1.008752e+10
2.120115  1.037181e+10
2.132513  1.066160e+10
2.144912  1.095691e+10
2.157310  1.125786e+10
2.169708  1.156446e+10
2.182107  1.187671e+10
2.194505  1.219478e+10
2.206903  1.251858e+10
2.219302  1.284827e+10
2.231700  1.318384e+10
2.244098  1.352540e+10
2.256497  1.387294e+10
2.268895  1.422652e+10
2.281293  1.458618e+10
2.293692  1.495211e+10
2.306090  1.532418e+10
2.318488  1.570246e+10
2.330887  1.608710e+10
2.343285  1.647805e+10
2.355683  1.687548e+10
2.368082  1.727932e+10
2.380480  1.768970e+10
2.392878  1.810653e+10
2.405277  1.853004e+10
2.417675  1.896024e+10
2.430073  1.939696e+10
2.442472  1.984062e+10
2.454870  2.029092e+10
2.467268  2.074812e+10
2.479667  2.121218e+10
2.492065  2.168317e+10
2.504463  2.216110e+10
2.516862  2.264608e+10
2.529260  2.313818e+10
2.541658  2.363725e+10
2.554057  2.414347e+10
2.566455  2.465691e+10
2.578853  2.517777e+10
2.591252  2.570581e+10
2.603650  2.624107e+10
2.616048  2.678383e+10
2.628447  2.733396e+10
2.640845  2.789152e+10
2.653243  2.845662e+10
2.665642  2.902925e+10
2.678040  2.960945e+10
2.690438  3.019730e+10
2.702837  3.079269e+10
2.715235  3.139596e+10
2.727633  3.200703e+10
2.740032  3.262577e+10
2.752430  3.325231e+10
2.764828  3.388686e+10
2.777227  3.452912e+10
2.789625  3.517944e+10
2.802023  3.583779e+10
2.814422  3.650414e+10
2.826820  3.717856e+10
2.839218  3.786108e+10
2.851617  3.855175e+10
2.864015  3.925058e+10
2.876413  3.995767e+10
2.888812  4.067266e+10
2.901210  4.139637e+10
2.913608  4.212838e+10
2.926007  4.286887e+10
2.938405  4.361766e+10
2.950803  4.437476e+10
2.963202  4.514026e+10
2.975600  4.591444e+10
2.987998  4.669725e+10
3.000397  4.748841e+10
3.012795  4.828830e+10
3.025193  4.909680e+10
3.037592  4.991401e+10
3.049990  5.074008e+10
3.062388  5.157467e+10
3.074787  5.241823e+10
3.087185  5.327016e+10
3.099583  5.413165e+10
3.111982  5.500141e+10
3.124380  5.588043e+10
3.136778  5.676839e+10
3.149177  5.766531e+10
3.161575  5.857108e+10
3.173973  5.948614e+10
3.186372  6.041008e+10
3.198770  6.134303e+10
3.211168  6.228534e+10
3.223567  6.323676e+10
3.235965  6.419739e+10
3.248363  6.516703e+10
3.260762  6.614601e+10
3.273160  6.713432e+10
3.285558  6.813230e+10
3.297957  6.913852e+10
3.310355  7.015538e+10
3.322753  7.118074e+10
3.335152  7.221611e+10
3.347550  7.326050e+10
3.359948  7.431471e+10
3.372347  7.537820e+10
3.384745  7.645135e+10
3.397143  7.753388e+10
3.409542  7.862630e+10
3.421940  7.972780e+10
3.434338  8.083957e+10
3.446737  8.196041e+10
3.459135  8.309105e+10
3.471533  8.423156e+10
3.483932  8.538170e+10
3.496330  8.654154e+10
3.508728  8.771155e+10
3.521127  8.889095e+10
3.533525  9.008037e+10
3.545923  9.127926e+10
3.558322  9.248873e+10
3.570720  9.370727e+10
3.583118  9.493628e+10
3.595517  9.617521e+10
3.607915  9.742361e+10
3.620313  9.868287e+10
3.632712  9.995145e+10
3.645110  1.012300e+11
3.657508  1.025191e+11
3.669907  1.038178e+11
3.682305  1.051267e+11
3.694703  1.064460e+11
3.707102  1.077750e+11
3.719500  1.091140e+11
3.731898  1.104636e+11
3.744297  1.118235e+11
3.756695  1.131937e+11
3.769093  1.145739e+11
3.781492  1.159639e+11
3.793890  1.173647e+11
3.806288  1.187749e+11
3.818687  1.201971e+11
3.831085  1.216279e+11
3.843483  1.230704e+11
3.855882  1.245224e+11
3.868280  1.259847e+11
3.880678  1.274578e+11
3.893077  1.289411e+11
3.905475  1.304348e+11
3.917873  1.319394e+11
3.930272  1.334539e+11
3.942670  1.349789e+11
3.955068  1.365146e+11
3.967467  1.380608e+11
3.979865  1.396172e+11
3.992263  1.411850e+11
4.004662  1.427622e+11
4.017060  1.443510e+11
4.029458  1.459496e+11
4.041857  1.475588e+11
4.054255  1.491787e+11
4.066653  1.508098e+11
4.079052  1.524508e+11
4.091450  1.541021e+11
4.103848  1.557649e+11
4.116247  1.574380e+11
4.128645  1.591222e+11
4.141043  1.608165e+11
4.153442  1.625220e+11
4.165840  1.642378e+11
4.178238  1.659645e+11
4.190637  1.677022e+11
4.203035  1.694505e+11
4.215433  1.712091e+11
4.227832  1.729795e+11
4.240230  1.747598e+11
4.252628  1.765509e+11
4.265027  1.783530e+11
4.277425  1.801655e+11
4.289823  1.819896e+11
4.302222  1.838242e+11
4.314620  1.856700e+11
4.327018  1.875262e+11
4.339417  1.893935e+11
4.351815  1.912712e+11
4.364213  1.931607e+11
4.376612  1.950603e+11
4.389010  1.969709e+11
4.401408  1.988925e+11
4.413807  2.008250e+11
4.426205  2.027692e+11
4.438603  2.047230e+11
4.451002  2.066889e+11
4.463400  2.086656e+11
4.475798  2.106526e+11
4.488197  2.126511e+11
4.500595  2.146598e+11
4.512993  2.166803e+11
4.525392  2.187118e+11
4.537790  2.207539e+11
4.550188  2.228067e+11
4.562587  2.248715e+11
4.574985  2.269466e+11
4.587383  2.290328e+11
4.599782  2.311300e+11
4.612180  2.332386e+11
4.624578  2.353578e+11
4.636977  2.374884e+11
4.649375  2.396298e+11
4.661773  2.417824e+11
4.674172  2.439454e+11
4.686570  2.461211e+11
4.698968  2.483070e+11
4.711367  2.505032e+11
4.723765  2.527122e+11
4.736163  2.549312e+11
4.748562  2.571609e+11
4.760960  2.594012e+11
4.773358  2.616538e+11
4.785757  2.639178e+11
4.798155  2.661925e+11
4.810553  2.684772e+11
4.822952  2.707740e+11
4.835350  2.730825e+11
4.847748  2.754017e+11
4.860147  2.777314e+11
4.872545  2.800729e+11
4.884943  2.824249e+11
4.897342  2.847888e+11
4.909740  2.871634e+11
4.922138  2.895504e+11
4.934537  2.919462e+11
4.946935  2.943541e+11
4.959333  2.967745e+11
4.971732  2.992024e+11
4.984130  3.016438e+11
4.996528  3.040987e+11
5.008927  3.065621e+11
5.021325  3.090369e+11
5.033723  3.115229e+11
5.046122  3.140201e+11
5.058520  3.165281e+11
5.070918  3.190475e+11
5.083317  3.215786e+11
5.095715  3.241199e+11
5.108113  3.266729e+11
5.120512  3.292375e+11
5.132910  3.318125e+11
5.145308  3.343991e+11
5.157707  3.369966e+11
5.170105  3.396053e+11
5.182503  3.422249e+11
5.194902  3.448572e+11
5.207300  3.474992e+11
5.219698  3.501512e+11
5.232097  3.528184e+11
5.244495  3.554922e+11
5.256893  3.581791e+11
5.269292  3.608770e+11
5.281690  3.635856e+11
5.294088  3.663069e+11
5.306487  3.690389e+11
5.318885  3.717807e+11
5.331283  3.745338e+11
5.343682  3.772990e+11
5.356080  3.800753e+11
5.368478  3.828624e+11
5.380877  3.856604e+11
5.393275  3.884700e+11
5.405673  3.912909e+11
5.418072  3.941218e+11
5.430470  3.969663e+11
5.442868  3.998196e+11
5.455267  4.026837e+11
5.467665  4.055588e+11
5.480063  4.084499e+11
5.492462  4.113470e+11
5.504860  4.142557e+11
5.517258  4.171751e+11
5.529657  4.201059e+11
5.542055  4.230498e+11
5.554453  4.260044e+11
5.566852  4.289692e+11
5.579250  4.319438e+11
5.591648  4.349318e+11
5.604047  4.379295e+11
5.616445  4.409395e+11
5.628843  4.439594e+11
5.641242  4.469915e+11
5.653640  4.500333e+11
5.666038  4.530876e+11
5.678437  4.561522e+11
5.690835  4.592275e+11
5.703233  4.623159e+11
5.715632  4.654127e+11
5.728030  4.685214e+11
5.740428  4.716401e+11
5.752827  4.747736e+11
5.765225  4.779105e+11
5.777623  4.810675e+11
5.790022  4.842317e+11
5.802420  4.874070e+11
5.814818  4.905906e+11
5.827217  4.937853e+11
5.839615  4.969941e+11
5.852013  5.002143e+11
5.864412  5.034431e+11
5.876810  5.066848e+11
5.889208  5.099354e+11
5.901607  5.131983e+11
5.914005  5.164723e+11
5.926403  5.197575e+11
5.938802  5.230532e+11
5.951200  5.263595e+11
5.963598  5.296767e+11
5.975997  5.330024e+11
5.988395  5.363430e+11
6.000793  5.396925e+11
6.013192  5.430569e+11
6.025590  5.464255e+11
6.037988  5.498113e+11
6.050387  5.532065e+11
6.062785  5.566057e+11
6.075183  5.600246e+11
6.087582  5.634513e+11
6.099980  5.668856e+11
6.112378  5.703353e+11
6.124777  5.737920e+11
6.137175  5.772619e+11
6.149573  5.807439e+11
6.161972  5.842346e+11
6.174370  5.877364e+11
6.186768  5.912498e+11
6.199167  5.947745e+11
6.211565  5.983091e+11
6.223963  6.018536e+11
6.236362  6.054104e+11
6.248760  6.089776e+11
6.261159  6.125554e+11
6.273557  6.161437e+11
6.285955  6.197400e+11
6.298354  6.233496e+11
6.310752  6.269737e+11
6.323150  6.306053e+11
6.335549  6.342449e+11
6.347947  6.379012e+11
6.360345  6.415630e+11
6.372744  6.452333e+11
6.385142  6.489206e+11
6.397540  6.526172e+11
6.409939  6.563206e+11
6.422337  6.600381e+11
6.434735  6.637655e+11
6.447134  6.675016e+11
6.459532  6.712507e+11
6.471930  6.750097e+11
6.484329  6.787801e+11
6.496727  6.825609e+11
6.509125  6.863516e+11
6.521524  6.901541e+11
6.533922  6.939660e+11
6.546320  6.977877e+11
6.558719  7.016225e+11
6.571117  7.054667e+11
6.583515  7.093174e+11
6.595914  7.131859e+11
6.608312  7.170582e+11
6.620710  7.209457e+11
6.633109  7.248405e+11
6.645507  7.287464e+11
6.657905  7.326647e+11
6.670304  7.365954e+11
6.682702  7.405310e+11
6.695100  7.444806e+11
6.707499  7.484367e+11
6.719897  7.524069e+11
6.732295  7.563857e+11
6.744694  7.603796e+11
6.757092  7.643763e+11
6.769490  7.683877e+11
6.781889  7.724093e+11
6.794287  7.764414e+11
6.806685  7.804830e+11
6.819084  7.845365e+11
6.831482  7.885980e+11
6.843880  7.926725e+11
6.856279  7.967526e+11
6.868677  8.008480e+11
6.881075  8.049512e+11
6.893474  8.090680e+11
6.905872  8.131923e+11
6.918270  8.173277e+11
6.930669  8.214701e+11
6.943067  8.256255e+11
6.955465  8.297905e+11
6.967864  8.339658e+11
6.980262  8.381529e+11
6.992660  8.423488e+11
7.005059  8.465502e+11
7.017457  8.507737e+11
7.029855  8.549974e+11
7.042254  8.592376e+11
7.054652  8.634810e+11
7.067050  8.677385e+11
7.079449  8.720033e+11
7.091847  8.762847e+11
7.104245  8.805686e+11
7.116644  8.848664e+11
7.129042  8.891758e+11
7.141440  8.934914e+11
7.153839  8.978184e+11
7.166237  9.021557e+11
7.178635  9.065027e+11
7.191034  9.108626e+11
7.203432  9.152304e+11
7.215830  9.196088e+11
7.228229  9.239921e+11
7.240627  9.283895e+11
7.253025  9.327979e+11
7.265424  9.372148e+11
7.277822  9.416437e+11
7.290220  9.460795e+11
7.302619  9.505284e+11
7.315017  9.549856e+11
7.327415  9.594512e+11
7.339814  9.639250e+11
7.352212  9.684154e+11
7.364610  9.729085e+11
7.377009  9.774169e+11
7.389407  9.819348e+11
7.401805  9.864616e+11
7.414204  9.909971e+11
7.426602  9.955406e+11
7.439000  1.000098e+12
7.451399  1.004663e+12
7.463797  1.009235e+12
7.476195  1.013819e+12
7.488594  1.018412e+12
7.500992  1.023016e+12
7.513390  1.027633e+12
7.525789  1.032256e+12
7.538187  1.036888e+12
7.550585  1.041532e+12
7.562984  1.046182e+12
7.575382  1.050845e+12
7.587780  1.055516e+12
7.600179  1.060198e+12
7.612577  1.064888e+12
7.624975  1.069592e+12
7.637374  1.074302e+12
7.649772  1.079019e+12
7.662170  1.083748e+12
7.674569  1.088490e+12
7.686967  1.093236e+12
7.699365  1.097998e+12
7.711764  1.102764e+12
7.724162  1.107536e+12
7.736560  1.112325e+12
7.748959  1.117122e+12
7.761357  1.121922e+12
7.773755  1.126741e+12
7.786154  1.131564e+12
7.798552  1.136396e+12
7.810950  1.141245e+12
7.823349  1.146089e+12
7.835747  1.150951e+12
7.848145  1.155824e+12
7.860544  1.160709e+12
7.872942  1.165592e+12
7.885340  1.170493e+12
7.897739  1.175401e+12
7.910137  1.180319e+12
7.922535  1.185246e+12
7.934934  1.190181e+12
7.947332  1.195127e+12
7.959730  1.200082e+12
7.972129  1.205043e+12
7.984527  1.210017e+12
7.996925  1.215001e+12
8.009324  1.219993e+12
8.021722  1.224999e+12
8.034120  1.230005e+12
8.046519  1.235024e+12
8.058917  1.240046e+12
8.071315  1.245087e+12
8.083714  1.250135e+12
8.096112  1.255185e+12
8.108510  1.260256e+12
8.120909  1.265330e+12
8.133307  1.270408e+12
8.145705  1.275501e+12
8.158104  1.280606e+12
8.170502  1.285718e+12
8.182900  1.290827e+12
8.195299  1.295955e+12
8.207697  1.301095e+12
8.220095  1.306240e+12
8.232494  1.311397e+12
8.244892  1.316563e+12
8.257290  1.321734e+12
8.269689  1.326916e+12
8.282087  1.332107e+12
8.294485  1.337303e+12
8.306884  1.342513e+12
8.319282  1.347730e+12
8.331680  1.352954e+12
8.344079  1.358191e+12
8.356477  1.363435e+12
8.368875  1.368688e+12
8.381274  1.373947e+12
8.393672  1.379212e+12
8.406070  1.384495e+12
8.418469  1.389779e+12
8.430867  1.395084e+12
8.443265  1.400388e+12
8.455664  1.405699e+12
8.468062  1.411021e+12
8.480460  1.416350e+12
8.492859  1.421691e+12
8.505257  1.427047e+12
8.517655  1.432398e+12
8.530054  1.437767e+12
8.542452  1.443144e+12
8.554850  1.448520e+12
8.567249  1.453916e+12
8.579647  1.459309e+12
8.592045  1.464722e+12
8.604444  1.470141e+12
8.616842  1.475563e+12
8.629240  1.480999e+12
8.641639  1.486444e+12
8.654037  1.491891e+12
8.666435  1.497354e+12
8.678834  1.502820e+12
8.691232  1.508301e+12
8.703630  1.513784e+12
8.716029  1.519276e+12
8.728427  1.524782e+12
8.740825  1.530292e+12
8.753224  1.535810e+12
8.765622  1.541337e+12
8.778020  1.546877e+12
8.790419  1.552412e+12
8.802817  1.557971e+12
8.815215  1.563533e+12
8.827614  1.569097e+12
8.840012  1.574675e+12
8.852410  1.580263e+12
8.864809  1.585858e+12
8.877207  1.591457e+12
8.889605  1.597064e+12
8.902004  1.602681e+12
8.914402  1.608322e+12
8.926800  1.613954e+12
8.939199  1.619591e+12
8.951597  1.625246e+12
8.963995  1.630901e+12
8.976394  1.636574e+12
8.988792  1.642243e+12
9.001190  1.647933e+12
9.013589  1.653620e+12
9.025987  1.659324e+12
9.038385  1.665033e+12
9.050784  1.670751e+12
9.063182  1.676475e+12
9.075580  1.682206e+12
9.087979  1.687947e+12
9.100377  1.693696e+12
9.112775  1.699452e+12
9.125174  1.705217e+12
9.137572  1.710988e+12
9.149970  1.716768e+12
9.162369  1.722551e+12
9.174767  1.728356e+12
9.187165  1.734151e+12
9.199564  1.739961e+12
9.211962  1.745786e+12
9.224360  1.751620e+12
9.236759  1.757452e+12
9.249157  1.763293e+12
9.261555  1.769151e+12
9.273954  1.774999e+12
9.286352  1.780868e+12
9.298750  1.786752e+12
9.311149  1.792624e+12
9.323547  1.798523e+12
9.335945  1.804419e+12
9.348344  1.810326e+12
9.360742  1.816241e+12
9.373140  1.822158e+12
9.385539  1.828087e+12
9.397937  1.834028e+12
9.410335  1.839969e+12
9.422734  1.845923e+12
9.435132  1.851879e+12
9.447530  1.857849e+12
9.459929  1.863825e+12
9.472327  1.869807e+12
9.484725  1.875794e+12
9.497124  1.881796e+12
9.509522  1.887801e+12
9.521920  1.893813e+12
9.534319  1.899833e+12
9.546717  1.905862e+12
9.559115  1.911903e+12
9.571514  1.917937e+12
9.583912  1.923985e+12
9.596310  1.930042e+12
9.608709  1.936113e+12
9.621107  1.942187e+12
9.633505  1.948257e+12
9.645904  1.954345e+12
9.658302  1.960451e+12
9.670700  1.966542e+12
9.683099  1.972663e+12
9.695497  1.978777e+12
9.707895  1.984898e+12
9.720294  1.991041e+12
9.732692  1.997176e+12
9.745090  2.003317e+12
9.757489  2.009465e+12
9.769887  2.015632e+12
9.782285  2.021804e+12
9.794684  2.027978e+12
9.807082  2.034157e+12
9.819480  2.040345e+12
9.831879  2.046544e+12
9.844277  2.052753e+12
9.856675  2.058964e+12
9.869074  2.065183e+12
9.881472  2.071403e+12
9.893870  2.077642e+12
9.906269  2.083880e+12
9.918667  2.090128e+12
9.931065  2.096383e+12
9.943464  2.102642e+12
9.955862  2.108912e+12
9.968260  2.115188e+12
9.980659  2.121469e+12
9.993057  2.127758e+12
10.005455  2.134051e+12
10.017854  2.140364e+12
10.030252  2.146668e+12
10.042650  2.152987e+12
10.055049  2.159321e+12
10.067447  2.165639e+12
10.079845  2.171980e+12
10.092244  2.178332e+12
10.104642  2.184678e+12
10.117040  2.191042e+12
10.129439  2.197408e+12
10.141837  2.203775e+12
10.154235  2.210155e+12
10.166634  2.216539e+12
10.179032  2.222938e+12
10.191430  2.229343e+12
10.203829  2.235749e+12
10.216227  2.242162e+12
10.228625  2.248576e+12
10.241024  2.255008e+12
10.253422  2.261440e+12
10.265820  2.267878e+12
10.278219  2.274333e+12
10.290617  2.280784e+12
10.303015  2.287246e+12
10.315414  2.293714e+12
10.327812  2.300190e+12
10.340210  2.306669e+12
10.352609  2.313159e+12
10.365007  2.319653e+12
10.377405  2.326155e+12
10.389804  2.332660e+12
10.402202  2.339177e+12
10.414600  2.345696e+12
10.426999  2.352223e+12
10.439397  2.358767e+12
10.451795  2.365307e+12
10.464194  2.371843e+12
10.476592  2.378398e+12
10.488990  2.384954e+12
10.501389  2.391523e+12
10.513787  2.398093e+12
10.526185  2.404680e+12
10.538584  2.411266e+12
10.550982  2.417856e+12
10.563380  2.424453e+12
10.575779  2.431052e+12
10.588177  2.437670e+12
10.600575  2.444289e+12
10.612974  2.450915e+12
10.625372  2.457539e+12
10.637770  2.464178e+12
10.650169  2.470824e+12
10.662567  2.477474e+12
10.674965  2.484124e+12
10.687364  2.490795e+12
10.699762  2.497458e+12
10.712160  2.504136e+12
10.724559  2.510816e+12
10.736957  2.517503e+12
10.749355  2.524198e+12
10.761754  2.530898e+12
10.774152  2.537602e+12
10.786550  2.544315e+12
10.798949  2.551033e+12
10.811347  2.557756e+12
10.823745  2.564487e+12
10.836144  2.571229e+12
10.848542  2.577973e+12
10.860940  2.584719e+12
10.873339  2.591486e+12
10.885737  2.598250e+12
10.898135  2.604988e+12
10.910534  2.611775e+12
10.922932  2.618547e+12
10.935330  2.625333e+12
10.947729  2.632127e+12
10.960127  2.638934e+12
10.972525  2.645733e+12
10.984924  2.652541e+12
10.997322  2.659364e+12
11.009720  2.666177e+12
11.022119  2.673014e+12
11.034517  2.679841e+12
11.046915  2.686676e+12
11.059314  2.693522e+12
11.071712  2.700372e+12
11.084110  2.707226e+12
11.096509  2.714091e+12
11.108907  2.720959e+12
11.121305  2.727834e+12
11.133704  2.734718e+12
11.146102  2.741601e+12
11.158500  2.748495e+12
11.170899  2.755394e+12
11.183297  2.762299e+12
11.195695  2.769205e+12
11.208094  2.776119e+12
11.220492  2.783040e+12
11.232890  2.789969e+12
11.245289  2.796898e+12
11.257687  2.803838e+12
11.270085  2.810780e+12
11.282484  2.817730e+12
11.294882  2.824687e+12
11.307280  2.831655e+12
11.319679  2.838613e+12
11.332077  2.845565e+12
11.344475  2.852559e+12
11.356874  2.859548e+12
11.369272  2.866530e+12
11.381670  2.873535e+12
11.394069  2.880514e+12
11.406467  2.887521e+12
11.418865  2.894534e+12
11.431264  2.901560e+12
11.443662  2.908586e+12
11.456060  2.915609e+12
11.468459  2.922648e+12
11.480857  2.929679e+12
11.493255  2.936719e+12
11.505654  2.943779e+12
11.518052  2.950832e+12
11.530450  2.957890e+12
11.542849  2.964954e+12
11.555247  2.972023e+12
11.567645  2.979103e+12
11.580044  2.986181e+12
11.592442  2.993274e+12
11.604840  3.000364e+12
11.617239  3.007461e+12
11.629637  3.014569e+12
11.642035  3.021672e+12
11.654434  3.028792e+12
11.666832  3.035909e+12
11.679230  3.043031e+12
11.691629  3.050162e+12
11.704027  3.057298e+12
11.716425  3.064436e+12
11.728824  3.071582e+12
11.741222  3.078736e+12
11.753620  3.085890e+12
11.766019  3.093043e+12
11.778417  3.100215e+12
11.790815  3.107388e+12
11.803214  3.114564e+12
11.815612  3.121760e+12
11.828010  3.128918e+12
11.840409  3.136128e+12
11.852807  3.143340e+12
11.865205  3.150522e+12
11.877604  3.157730e+12
11.890002  3.164950e+12
11.902400  3.172167e+12
11.914799  3.179386e+12
11.927197  3.186607e+12
11.939595  3.193845e+12
11.951994  3.201082e+12
11.964392  3.208328e+12
11.976790  3.215575e+12
11.989189  3.222827e+12
12.001587  3.230088e+12
12.013985  3.237346e+12
12.026384  3.244617e+12
12.038782  3.251894e+12
12.051180  3.259161e+12
12.063579  3.266449e+12
12.075977  3.273738e+12
12.088375  3.281031e+12
12.100774  3.288330e+12
12.113172  3.295629e+12
12.125570  3.302939e+12
12.137969  3.310246e+12
12.150367  3.317566e+12
12.162765  3.324888e+12
12.175164  3.332210e+12
12.187562  3.339542e+12
12.199960  3.346881e+12
12.212359  3.354227e+12
12.224757  3.361557e+12
12.237155  3.368894e+12
12.249554  3.376269e+12
12.261952  3.383614e+12
12.274350  3.390999e+12
12.286749  3.398366e+12
12.299147  3.405739e+12
12.311545  3.413114e+12
12.323944  3.420493e+12
12.336342  3.427875e+12
12.348740  3.435275e+12
12.361139  3.442677e+12
12.373537  3.450071e+12
12.385935  3.457490e+12
12.398334  3.464904e+12
12.410732  3.472321e+12
12.423130  3.479724e+12
12.435529  3.487153e+12
12.447927  3.494591e+12
12.460325  3.502017e+12
12.472724  3.509456e+12
12.485122  3.516895e+12
12.497520  3.524345e+12
12.509919  3.531802e+12
12.522317  3.539251e+12
12.534715  3.546719e+12
12.547114  3.554179e+12
12.559512  3.561652e+12
12.571910  3.569123e+12
12.584309  3.576602e+12
12.596707  3.584088e+12
12.609105  3.591578e+12
12.621504  3.599067e+12
12.633902  3.606565e+12
12.646300  3.614064e+12
12.658699  3.621569e+12
12.671097  3.629077e+12
12.683495  3.636605e+12
12.695894  3.644117e+12
12.708292  3.651619e+12
12.720690  3.659155e+12
12.733089  3.666703e+12
12.745487  3.674238e+12
12.757885  3.681765e+12
12.770284  3.689309e+12
12.782682  3.696853e+12
12.795080  3.704410e+12
12.807479  3.711986e+12
12.819877  3.719533e+12
12.832275  3.727096e+12
12.844674  3.734663e+12
12.857072  3.742235e+12
12.869470  3.749809e+12
12.881869  3.757398e+12
12.894267  3.764986e+12
12.906665  3.772576e+12
12.919064  3.780175e+12
12.931462  3.787770e+12
12.943860  3.795375e+12
12.956259  3.802973e+12
12.968657  3.810582e+12
12.981055  3.818197e+12
12.993454  3.825822e+12
13.005852  3.833439e+12
13.018250  3.841076e+12
13.030649  3.848701e+12
13.043047  3.856335e+12
13.055445  3.863973e+12
13.067844  3.871620e+12
13.080242  3.879266e+12
13.092640  3.886918e+12
13.105039  3.894575e+12
13.117437  3.902228e+12
13.129835  3.909900e+12
13.142234  3.917566e+12
13.154632  3.925236e+12
13.167030  3.932906e+12
13.179429  3.940600e+12
13.191827  3.948258e+12
13.204225  3.955958e+12
13.216624  3.963652e+12
13.229022  3.971356e+12
13.241420  3.979051e+12
13.253819  3.986762e+12
13.266217  3.994470e+12
13.278615  4.002161e+12
13.291014  4.009868e+12
13.303412  4.017589e+12
13.315810  4.025319e+12
13.328209  4.033041e+12
13.340607  4.040783e+12
13.353005  4.048500e+12
13.365404  4.056232e+12
13.377802  4.063965e+12
13.390200  4.071710e+12
13.402599  4.079472e+12
13.414997  4.087210e+12
13.427395  4.094971e+12
13.439794  4.102731e+12
13.452192  4.110500e+12
13.464590  4.118262e+12
13.476989  4.126028e+12
13.489387  4.133803e+12
13.501785  4.141584e+12
13.514184  4.149365e+12
13.526582  4.157144e+12
13.538980  4.164939e+12
13.551379  4.172729e+12
13.563777  4.180530e+12
13.576175  4.188323e+12
13.588574  4.196132e+12
13.600972  4.203937e+12
13.613370  4.211742e+12
13.625769  4.219559e+12
13.638167  4.227371e+12
13.650565  4.235191e+12
13.662964  4.243019e+12
13.675362  4.250845e+12
13.687760  4.258670e+12
13.700159  4.266504e+12
13.712557  4.274337e+12
13.724955  4.282199e+12
13.737354  4.290032e+12
13.749752  4.297872e+12
13.762150  4.305735e+12
13.774549  4.313598e+12
13.786947  4.321459e+12
13.799345  4.329320e+12
13.811744  4.337179e+12
13.824142  4.345042e+12
13.836540  4.352932e+12
13.848939  4.360783e+12
13.861337  4.368665e+12
13.873735  4.376548e+12
13.886134  4.384448e+12
13.898532  4.392324e+12
13.910930  4.400205e+12
13.923329  4.408115e+12
13.935727  4.416015e+12
13.948125  4.423910e+12
13.960524  4.431820e+12
13.972922  4.439738e+12
13.985320  4.447649e+12
13.997719  4.455561e+12
14.010117  4.463474e+12
14.022515  4.471400e+12
14.034914  4.479326e+12
14.047312  4.487259e+12
14.059710  4.495189e+12
14.072109  4.503120e+12
14.084507  4.511053e+12
14.096905  4.518986e+12
14.109304  4.526937e+12
14.121702  4.534890e+12
14.134100  4.542837e+12
14.146499  4.550788e+12
14.158897  4.558748e+12
14.171295  4.566708e+12
14.183694  4.574672e+12
14.196092  4.582632e+12
14.208490  4.590583e+12
14.220889  4.598579e+12
14.233287  4.606552e+12
14.245685  4.614526e+12
14.258084  4.622509e+12
14.270482  4.630487e+12
14.282880  4.638496e+12
14.295279  4.646483e+12
14.307677  4.654433e+12
14.320075  4.662476e+12
14.332474  4.670462e+12
14.344872  4.678493e+12
14.357270  4.686490e+12
14.369669  4.694477e+12
14.382067  4.702501e+12
14.394465  4.710510e+12
14.406864  4.718516e+12
14.419262  4.726535e+12
14.431660  4.734564e+12
14.444059  4.742587e+12
14.456457  4.750624e+12
14.468855  4.758674e+12
14.481254  4.766697e+12
14.493652  4.774733e+12
14.506050  4.782771e+12
14.518449  4.790813e+12
14.530847  4.798850e+12
14.543245  4.806901e+12
14.555644  4.814961e+12
14.568042  4.823015e+12
14.580440  4.831074e+12
14.592839  4.839139e+12
14.605237  4.847189e+12
14.617635  4.855260e+12
14.630034  4.863337e+12
14.642432  4.871403e+12
14.654830  4.879477e+12
14.667229  4.887563e+12
14.679627  4.895633e+12
14.692025  4.903723e+12
14.704424  4.911810e+12
14.716822  4.919888e+12
14.729220  4.927985e+12
14.741619  4.936097e+12
14.754017  4.944191e+12
14.766415  4.952275e+12
14.778814  4.960367e+12
14.791212  4.968490e+12
14.803610  4.976593e+12
14.816009  4.984700e+12
14.828407  4.992821e+12
14.840805  5.000936e+12
14.853204  5.009058e+12
14.865602  5.017157e+12
14.878000  5.025314e+12
14.890399  5.033394e+12
14.902797  5.041539e+12
14.915195  5.049669e+12
14.927594  5.057805e+12
14.939992  5.065940e+12
14.952390  5.074083e+12
14.964789  5.082238e+12
14.977187  5.090368e+12
14.989585  5.098520e+12
15.001984  5.106654e+12
        
