2250.03919     3.11858E-4
2250.09946     3.52366E-4
2250.15972     4.22873E-4
2250.21999     4.4438E-4
2250.28025     2.87887E-4
2250.34051     2.40395E-4
2250.40078     3.79902E-4
2250.46104     4.86409E-4
2250.52131     3.67916E-4
2250.58157     1.69424E-4
2250.64184     2.49309E-5
2250.7021      1.75438E-4
2250.76237     3.86945E-4
2250.82263     3.61453E-4
2250.8829      2.8296E-4
2250.94316     3.68467E-4
2251.00342     6.21974E-4
2251.06369     4.17482E-4
2251.12395     1.01989E-4
2251.18422     2.64496E-4
2251.24448     5.03004E-4
2251.30475     4.45511E-4
2251.36501     2.07018E-4
2251.42528     1.99525E-4
2251.48554     3.52033E-4
2251.54581     4.2454E-4
2251.60607     3.37047E-4
2251.66633     1.38554E-4
2251.7266      1.36062E-4
2251.78686     3.55569E-4
2251.84713     3.26076E-4
2251.90739     1.77583E-4
2251.96766     1.64091E-4
2252.02792     3.20598E-4
2252.08819     4.37105E-4
2252.14845     2.04612E-4
2252.20872     2.71197E-5
2252.26898     1.60627E-4
2252.32925     3.31134E-4
2252.38951     3.59641E-4
2252.44978     1.11149E-4
2252.51004     3.3656E-5
2252.5703      2.72163E-4
2252.63057     4.00671E-4
2252.69083     3.30178E-4
2252.7511      1.52685E-4
2252.81136     1.79192E-4
2252.87163     3.367E-4
2252.93189     3.46207E-4
2252.99216     2.02714E-4
2253.05242     1.50221E-4
2253.11269     3.33729E-4
2253.17295     4.79236E-4
2253.23322     3.26743E-4
2253.29348     2.0525E-4
2253.35374     3.68758E-4
2253.41401     5.22265E-4
2253.47427     3.66772E-4
2253.53454     1.71279E-4
2253.5948      1.04787E-4
2253.65507     3.30294E-4
2253.71533     4.09801E-4
2253.7756      1.83308E-4
2253.83586     6.78157E-5
2253.89613     2.31323E-4
2253.95639     3.8683E-4
2254.01665     1.81338E-4
2254.07692    -4.61552E-5
2254.13718    -2.8648E-5
2254.19745     2.79859E-4
2254.25771     3.33367E-4
2254.31798     1.02874E-4
2254.37824    -4.56189E-5
2254.43851     1.23888E-4
2254.49877     3.84396E-4
2254.55904     2.00903E-4
2254.6193     -1.15898E-5
2254.67956     1.16917E-4
2254.73983     3.32425E-4
2254.80009     3.52932E-4
2254.86036     2.29439E-4
2254.92062     1.96946E-4
2254.98089     3.19454E-4
2255.04115     4.99961E-4
2255.10142     3.18468E-4
2255.16168     9.69755E-5
2255.22195     1.84483E-4
2255.28221     2.2599E-4
2255.34248     2.54973E-5
2255.40274    -5.49954E-5
2255.46301     6.45118E-5
2255.52327     4.07019E-4
2255.58353     3.53526E-4
2255.6438     -2.69664E-5
2255.70406    -6.44591E-5
2255.76433     2.32048E-4
2255.82459     3.60555E-4
2255.88486     2.52063E-4
2255.94512     7.95699E-5
2256.00539     1.10772E-5
2256.06565     1.26584E-4
2256.12592     5.70917E-5
2256.18618    -8.54011E-5
2256.24645    -1.73894E-4
2256.30671    -8.73865E-5
2256.36697    -7.87927E-6
2256.42724    -1.30372E-4
2256.4875     -1.05865E-4
2256.54777    -2.90357E-4
2256.60803    -1.4985E-4
2256.6683      2.87657E-4
2256.72856     4.61643E-5
2256.78883    -3.68328E-4
2256.84909    -6.78212E-5
2256.90935     2.02686E-4
2256.96962     1.47193E-4
2257.02988     7.37006E-5
2257.09015    -9.79213E-6
2257.15041     1.71715E-4
2257.21068     2.16222E-4
2257.27094    -5.27035E-6
2257.33121     2.2369E-6
2257.39147     2.57442E-5
2257.45174     1.40251E-4
2257.512       1.28759E-4
2257.57227    -7.4734E-5
2257.63253     3.77321E-6
2257.69279     1.4628E-4
2257.75306     1.92788E-4
2257.81332    -1.0705E-5
2257.87359    -7.91977E-5
2257.93385     9.93095E-5
2257.99412     2.16817E-4
2258.05438     1.04324E-4
2258.11465    -1.07169E-4
2258.17491    -5.36614E-5
2258.23518     1.80846E-4
2258.29544     1.51353E-4
2258.35571    -4.81396E-5
2258.41597    -1.09632E-4
2258.47624     8.98749E-5
2258.5365      2.00382E-4
2258.59676     4.68894E-5
2258.65703    -8.76033E-5
2258.71729    -4.30961E-5
2258.77756     1.88411E-4
2258.83782     1.87918E-4
2258.89809    -7.35743E-5
2258.95835    -1.56067E-4
2259.01862     6.34402E-5
2259.07888     1.11947E-4
2259.13915    -5.95453E-5
2259.19941    -1.17038E-4
2259.25967     3.34693E-5
2259.31994     1.74977E-4
2259.3802      1.39484E-4
2259.44047    -3.40089E-5
2259.50073    -8.25017E-5
2259.561       9.50056E-5
2259.62126     2.00513E-4
2259.68153    -6.79799E-5
2259.74179    -1.86473E-4
2259.80206     2.60346E-5
2259.86232     2.04542E-4
2259.92258     8.20492E-5
2259.98285    -1.14444E-4
2260.04311    -7.29363E-5
2260.10338     1.46571E-4
2260.16364     1.95078E-4
2260.22391    -1.84145E-5
2260.28417    -1.74907E-4
2260.34444    -5.94E-5
2260.4047      1.04107E-4
2260.46497     2.56145E-5
2260.52523    -1.69878E-4
2260.5855     -1.94371E-4
2260.64576    -2.08637E-5
2260.70603    -4.13564E-5
2260.76629    -1.75849E-4
2260.82656    -2.43342E-4
2260.88682    -7.68347E-5
2260.94708     1.55673E-4
2261.00735    -4.78201E-5
2261.06761    -3.01313E-4
2261.12788    -1.94806E-4
2261.18814     4.17016E-5
2261.24841     1.12209E-4
2261.30867     4.47162E-5
2261.36894     1.92234E-5
2261.4292      4.47307E-5
2261.48947     7.1238E-5
2261.54973    -4.92548E-5
2261.60999    -4.17475E-5
2261.67026     7.27597E-5
2261.73052     3.02267E-4
2261.79079     3.53774E-4
2261.85105    -1.35718E-4
2261.91132    -2.12211E-4
2261.97158     4.5296E-5
2262.03185     6.38033E-5
2262.09211    -2.49689E-4
2262.15238    -2.81822E-5
2262.21264     1.82325E-4
2262.2729      7.38324E-5
2262.33317    -1.2666E-4
2262.39343    -5.02153E-4
2262.4537     -2.81646E-4
2262.51396    -1.81386E-5
2262.57423     9.63687E-5
2262.63449     7.58759E-5
2262.69476    -3.89617E-4
2262.75502    -3.6211E-4
2262.81529    -2.76023E-5
2262.87555    -4.20095E-4
2262.93582    -3.60588E-4
2262.99608    -5.10805E-5
2263.05635     2.42427E-4
2263.11661     3.59934E-4
2263.17687    -2.55587E-5
2263.23714    -1.97051E-4
2263.2974      1.17456E-4
2263.35767     3.62963E-4
2263.41793     7.64703E-5
2263.4782     -1.87022E-4
2263.53846    -2.87515E-4
2263.59873    -1.36008E-4
2263.65899    -6.65006E-5
2263.71926    -2.59993E-4
2263.77952    -2.65486E-4
2263.83979    -1.23979E-4
2263.90005     6.75284E-5
2263.96031    -5.59643E-5
2264.02058    -2.63457E-4
2264.08084    -7.99498E-5
2264.14111     1.06557E-4
2264.20137     8.00647E-5
2264.26164    -2.03428E-4
2264.3219     -2.54921E-4
2264.38217    -1.94135E-5
2264.44243     1.19094E-4
2264.5027     -6.2399E-5
2264.56296    -1.93892E-4
2264.62322    -1.57384E-4
2264.68349     4.51228E-5
2264.74375     1.1663E-4
2264.80402    -8.48627E-5
2264.86428    -1.34355E-4
2264.92455    -1.08481E-5
2264.98481     6.86591E-5
2265.04508    -5.38336E-5
2265.10534    -1.92326E-4
2265.16561    -5.58191E-5
2265.22587     1.35688E-4
2265.28613     1.21954E-5
2265.3464     -1.62297E-4
2265.40666    -1.8779E-4
2265.46693     4.71721E-6
2265.52719     1.39224E-4
2265.58746    -3.02683E-5
2265.64772    -1.72761E-4
2265.70799     9.47463E-5
2265.76825     3.46254E-4
2265.82852     2.51761E-4
2265.88878     8.3268E-5
2265.94905     1.06775E-4
2266.00931     2.84283E-4
2266.06958     3.4079E-4
2266.12984     7.42971E-5
2266.1901     -9.61957E-5
2266.25037     8.13116E-5
2266.31063     3.43819E-4
2266.3709      3.19326E-4
2266.43116    -1.01666E-5
2266.49143    -4.96593E-5
2266.55169     2.02848E-4
2266.61196     2.28355E-4
2266.67222    -3.41376E-5
2266.73249    -1.3963E-4
2266.79275     3.8877E-5
2266.85302     1.43384E-4
2266.91328    -5.91085E-5
2266.97354    -2.06601E-4
2267.03381    -1.66094E-4
2267.09407     2.94133E-5
2267.15434    -2.60795E-5
2267.2146     -3.04572E-4
2267.27487    -3.97065E-4
2267.33513    -2.12558E-4
2267.3954     -4.60504E-5
2267.45566    -1.77543E-4
2267.51593    -2.79036E-4
2267.57619    -1.18529E-4
2267.63645     6.59786E-5
2267.69672     9.74859E-5
2267.75698    -1.69007E-4
2267.81725    -3.695E-4
2267.87751    -1.48992E-4
2267.93778    -5.48508E-6
2267.99804    -4.09778E-5
2268.05831    -2.74706E-5
2268.11857    -6.79633E-5
2268.17884     1.53544E-4
2268.2391      2.12051E-4
2268.29936    -3.00441E-4
2268.35963    -4.90934E-4
2268.41989    -3.20427E-4
2268.48016     2.08028E-6
2268.54042     4.65875E-5
2268.60069    -1.90905E-4
2268.66095    -4.07398E-4
2268.72122    -8.68907E-5
2268.78148     1.28617E-4
2268.84175    -4.52876E-4
2268.90201    -4.71369E-4
2268.96228     9.01384E-5
2269.02254     4.66456E-5
2269.08281    -1.48847E-4
2269.14307    -1.6234E-4
2269.20333     7.91674E-5
2269.2636      1.92675E-4
2269.32386    -2.38818E-4
2269.38413    -5.26311E-4
2269.44439    -6.22804E-4
2269.50466    -1.73296E-4
2269.56492    -1.72789E-4
2269.62519    -4.60282E-4
2269.68545    -4.68774E-4
2269.74572    -2.53267E-4
2269.80598     1.424E-5
2269.86625    -1.77253E-4
2269.92651    -5.28745E-4
2269.98677    -4.73238E-4
2270.04704    -1.47731E-4
2270.1073     -7.52237E-5
2270.16757    -1.62716E-4
2270.22783    -2.74209E-4
2270.2881     -6.67019E-5
2270.34836     1.31805E-4
2270.40863    -1.07687E-4
2270.46889    -4.3318E-4
2270.52916    -2.57673E-4
2270.58942     1.08344E-5
2270.64968    -3.65832E-6
2270.70995    -1.86151E-4
2270.77021    -2.66644E-4
2270.83048    -8.81365E-5
2270.89074     6.73707E-5
2270.95101    -1.58122E-4
2271.01127    -3.77615E-4
2271.07154    -3.31107E-4
2271.1318     -1.536E-4
2271.19207    -1.53093E-4
2271.25233    -3.74586E-4
2271.31259    -3.68078E-4
2271.37286    -1.41571E-4
2271.43313    -3.10639E-5
2271.49339    -2.19557E-4
2271.55365    -4.07049E-4
2271.61392    -1.97542E-4
2271.67418    -5.40349E-5
2271.73445    -1.60528E-4
2271.79471    -3.6002E-4
2271.85498    -3.11513E-4
2271.91524    -8.60058E-5
2271.97551    -7.24986E-5
2272.03577    -2.98991E-4
2272.09604    -3.60484E-4
2272.1563     -2.54977E-4
2272.21656    -2.64695E-5
2272.27683    -2.79623E-5
2272.33709    -2.44455E-4
2272.39736    -2.00948E-4
2272.45762    -1.2544E-4
2272.51789    -8.29332E-5
2272.57815    -1.98426E-4
2272.63842    -2.83919E-4
2272.69868    -8.34114E-5
2272.75895     4.50958E-5
2272.81921    -5.73969E-5
2272.87948    -2.8189E-4
2272.93974    -1.87382E-4
2273.          5.12489E-6
2273.06027    -5.36786E-6
2273.12053    -1.30861E-4
2273.1808     -1.05353E-4
2273.24106     1.11154E-4
2273.30133     2.02661E-4
2273.36159    -2.28315E-5
2273.42186    -2.15324E-4
2273.48212    -6.1817E-5
2273.54239     1.5169E-4
2273.60265     8.81975E-5
2273.66291    -1.16295E-4
2273.72318    -1.99788E-4
2273.78344    -3.42807E-5
2273.84371     1.61227E-4
2273.90397     5.73381E-6
2273.96424    -2.38759E-4
2274.0245     -7.62517E-5
2274.08477     1.13256E-4
2274.14503     2.45763E-4
2274.2053      1.1627E-4
2274.26556     1.32777E-4
2274.32582     2.27285E-4
2274.38609     1.85792E-4
2274.44636    -2.33701E-4
2274.50662    -1.26194E-4
2274.56688     4.07314E-4
2274.62715     3.34821E-4
2274.68741     1.28328E-4
2274.74768     6.78355E-5
2274.80794     3.83343E-4
2274.86821     6.4885E-4
2274.92847     4.13357E-4
2274.98874     3.44865E-4
2275.049       6.66372E-4
2275.10927     5.35879E-4
2275.16953     4.67386E-4
2275.22979     5.26894E-4
2275.29006     4.72401E-4
2275.35032     7.67908E-4
2275.41059     8.42415E-4
2275.47085     6.62923E-4
2275.53112     7.5243E-4
2275.59138     8.57937E-4
2275.65165     0.001
2275.71191     9.08952E-4
2275.77218     6.48459E-4
2275.83244     4.97966E-4
2275.89271     5.97473E-4
2275.95297     0.00106
2276.01323     0.0012
2276.0735      7.02995E-4
2276.13376     3.16502E-4
2276.19403     5.9101E-4
2276.25429     8.41517E-4
2276.31456     8.39024E-4
2276.37482     8.19532E-4
2276.43509     8.48039E-4
2276.49535     0.00101
2276.55562     0.001
2276.61588     8.78561E-4
2276.67614     8.82068E-4
2276.73641     0.0011
2276.79667     0.00137
2276.85694     0.00135
2276.9172      0.00123
2276.97747     0.00137
2277.03773     0.00165
2277.098       0.00162
2277.15826     0.00152
2277.21853     0.00154
2277.27879     0.00173
2277.33906     0.00189
2277.39932     0.00172
2277.45959     0.00164
2277.51985     0.00186
2277.58011     0.00199
2277.64038     0.00193
2277.70064     0.00182
2277.76091     0.00192
2277.82117     0.00223
2277.88144     0.00231
2277.9417      0.00218
2278.00197     0.00205
2278.06223     0.00216
2278.1225      0.00234
2278.18276     0.00233
2278.24303     0.00223
2278.30329     0.00236
2278.36355     0.00261
2278.42382     0.00272
2278.48408     0.00266
2278.54435     0.00265
2278.60461     0.00287
2278.66488     0.00306
2278.72514     0.00301
2278.78541     0.003
2278.84567     0.00325
2278.90594     0.00355
2278.9662      0.00361
2279.02646     0.00334
2279.08673     0.00338
2279.14699     0.00376
2279.20726     0.00406
2279.26752     0.00402
2279.32779     0.00401
2279.38805     0.00438
2279.44832     0.00466
2279.50858     0.00471
2279.56885     0.00464
2279.62911     0.0048
2279.68937     0.00516
2279.74964     0.00553
2279.8099      0.0055
2279.87017     0.00551
2279.93043     0.00592
2279.9907      0.00638
2280.05096     0.00655
2280.11123     0.00673
2280.17149     0.00699
2280.23176     0.00744
2280.29202     0.00789
2280.35229     0.00798
2280.41255     0.00821
2280.47282     0.00845
2280.53308     0.00867
2280.59334     0.00889
2280.65361     0.00902
2280.71387     0.00906
2280.77414     0.0095
2280.8344      0.00979
2280.89467     0.00976
2280.95493     0.01023
2281.0152      0.01076
2281.07546     0.01117
2281.13573     0.01139
2281.19599     0.01213
2281.25625     0.01294
2281.31652     0.01364
2281.37678     0.01487
2281.43705     0.01579
2281.49731     0.01659
2281.55758     0.0184
2281.61784     0.01958
2281.67811     0.02084
2281.73837     0.02206
2281.79864     0.02318
2281.8589      0.02505
2281.91916     0.02647
2281.97943     0.02752
2282.03969     0.02928
2282.09996     0.03115
2282.16022     0.03291
2282.22049     0.03488
2282.28075     0.03627
2282.34102     0.03813
2282.40128     0.04057
2282.46155     0.04263
2282.52181     0.04421
2282.58208     0.04601
2282.64234     0.0478
2282.7026      0.04901
2282.76287     0.04941
2282.82313     0.04936
2282.8834      0.04918
2282.94366     0.04863
2283.00393     0.04747
2283.06419     0.04582
2283.12446     0.04411
2283.18472     0.04243
2283.24499     0.04063
2283.30525     0.03863
2283.36552     0.0366
2283.42578     0.03475
2283.48605     0.03301
2283.54631     0.0311
2283.60657     0.02909
2283.66684     0.02738
2283.7271      0.02585
2283.78737     0.02417
2283.84763     0.02243
2283.9079      0.0209
2283.96816     0.01966
2284.02843     0.01844
2284.08869     0.01707
2284.14896     0.01567
2284.20922     0.01447
2284.26948     0.01352
2284.32975     0.01257
2284.39001     0.01158
2284.45028     0.01062
2284.51054     0.01004
2284.57081     0.00958
2284.63107     0.00891
2284.69134     0.00818
2284.7516      0.00784
2284.81187     0.00773
2284.87213     0.00746
2284.93239     0.00714
2284.99266     0.00703
2285.05293     0.00716
2285.11319     0.00733
2285.17345     0.0072
2285.23372     0.00692
2285.29398     0.00696
2285.35425     0.00707
2285.41451     0.00688
2285.47478     0.00659
2285.53504     0.00631
2285.59531     0.0061
2285.65557     0.00581
2285.71584     0.00533
2285.7761      0.00486
2285.83636     0.00458
2285.89663     0.00449
2285.95689     0.0041
2286.01716     0.00352
2286.07742     0.00321
2286.13769     0.0031
2286.19795     0.00287
2286.25822     0.00249
2286.31848     0.00214
2286.37875     0.00189
2286.43901     0.00196
2286.49928     0.00191
2286.55954     0.00144
2286.6198      0.00134
2286.68007     0.00138
2286.74033     0.00122
2286.8006      9.00288E-4
2286.86086     8.75795E-4
2286.92113     0.0011
2286.98139     0.00108
2287.04166     7.19317E-4
2287.10192     1.79824E-4
2287.16219     8.33313E-5
2287.22245     1.28839E-4
2287.28271    -8.26542E-5
2287.34298    -7.31469E-5
2287.40324    -3.0464E-4
2287.46351    -2.83132E-4
2287.52377     3.30375E-4
2287.58404     2.48882E-4
2287.6443     -1.46611E-4
2287.70457     3.38967E-5
2287.76483    -4.35596E-4
2287.8251     -3.83089E-4
2287.88536    -2.45815E-5
2287.94563    -7.90743E-5
2288.00589     2.5433E-5
2288.06616    -1.10598E-5
2288.12642    -3.05525E-5
2288.18668    -1.95045E-4
2288.24695    -3.00538E-4
2288.30721    -4.37031E-4
2288.36748    -1.91523E-4
2288.42774    -3.04016E-4
2288.48801    -5.68509E-4
2288.54827    -3.15002E-4
2288.60854    -3.88494E-4
2288.6688     -6.23987E-4
2288.72907    -5.7048E-4
2288.78933    -4.99973E-4
2288.8496     -3.49465E-4
2288.90986    -3.66958E-4
2288.97012    -5.67451E-4
2289.03039    -7.22944E-4
2289.09065    -5.97436E-4
2289.15092    -5.44929E-4
2289.21118    -6.03422E-4
2289.27145    -6.68915E-4
2289.33171    -5.79407E-4
2289.39198    -4.619E-4
2289.45224    -5.39393E-4
2289.51251    -7.77885E-4
2289.57277    -7.76378E-4
2289.63303    -6.11871E-4
2289.6933     -5.40364E-4
2289.75356    -6.24856E-4
2289.81383    -7.91349E-4
2289.87409    -5.82842E-4
2289.93436    -4.37335E-4
2289.99462    -5.79827E-4
2290.05489    -7.1432E-4
2290.11515    -7.23813E-4
2290.17542    -5.60306E-4
2290.23568    -5.35798E-4
2290.29594    -6.97291E-4
2290.35621    -7.74784E-4
2290.41647    -6.50277E-4
2290.47674    -4.71769E-4
2290.537      -5.76262E-4
2290.59727    -7.58755E-4
2290.65753    -7.25248E-4
2290.7178     -5.1474E-4
2290.77806    -5.22233E-4
2290.83833    -7.85726E-4
2290.89859    -8.94218E-4
2290.95886    -6.43711E-4
2291.01912    -5.10204E-4
2291.07939    -6.43697E-4
2291.13965    -8.14189E-4
2291.19991    -7.66682E-4
2291.26018    -5.79175E-4
2291.32044    -5.31668E-4
2291.38071    -7.9516E-4
2291.44097    -7.95653E-4
2291.50124    -6.21146E-4
2291.5615     -5.60639E-4
2291.62177    -6.70131E-4
2291.68203    -8.83624E-4
2291.7423     -8.37117E-4
2291.80256    -5.7261E-4
2291.86283    -5.84102E-4
2291.92309    -8.51595E-4
2291.98335    -9.14088E-4
2292.04362    -6.60581E-4
2292.10388    -5.45073E-4
2292.16415    -7.44566E-4
2292.22441    -8.87059E-4
2292.28468    -6.95551E-4
2292.34494    -5.23044E-4
2292.40521    -5.62537E-4
2292.46547    -8.2003E-4
2292.52574    -8.25522E-4
2292.586      -5.09015E-4
2292.64626    -5.05508E-4
2292.70653    -6.82001E-4
2292.76679    -7.02493E-4
2292.82706    -6.64986E-4
2292.88732    -4.97479E-4
2292.94759    -4.85972E-4
2293.00785    -7.19464E-4
2293.06812    -6.55957E-4
2293.12838    -5.1545E-4
2293.18865    -6.69943E-4
2293.24891    -7.82435E-4
2293.30917    -6.34928E-4
2293.36944    -4.31421E-4
2293.4297     -2.66913E-4
2293.48997    -4.16406E-4
2293.55023    -0.00102
2293.6105     -7.64392E-4
2293.67076    -3.84884E-4
2293.73103    -5.15377E-4
2293.79129    -5.6187E-4
2293.85156    -6.58363E-4
2293.91182    -4.93855E-4
2293.97209    -6.15348E-4
2294.03235    -7.65841E-4
2294.09262    -9.59334E-4
2294.15288    -9.38826E-4
2294.21314    -6.08319E-4
2294.27341    -5.33812E-4
2294.33367    -7.35305E-4
2294.39394    -7.37797E-4
2294.4542     -2.2729E-4
2294.51447    -4.35783E-4
2294.57473    -8.19276E-4
2294.635      -6.76768E-4
2294.69526    -2.86261E-4
2294.75553    -5.97537E-5
2294.81579    -2.92246E-4
2294.87606    -5.02739E-4
2294.93632    -5.08232E-4
2294.99658    -7.81725E-4
2295.05685    -8.79217E-4
2295.11711    -8.9171E-4
2295.17738    -7.55203E-4
2295.23764    -5.34696E-4
2295.29791    -6.44188E-4
2295.35817    -8.08681E-4
2295.41844    -7.69174E-4
2295.4787     -7.08667E-4
2295.53897    -6.76159E-4
2295.59923    -5.84652E-4
2295.65949    -6.81145E-4
2295.71976    -8.24638E-4
2295.78002    -5.5413E-4
2295.84029    -3.26623E-4
2295.90055    -4.20116E-4
2295.96082    -6.25609E-4
2296.02108    -6.66101E-4
2296.08135    -3.90594E-4
2296.14161    -4.18087E-4
2296.20188    -6.43579E-4
2296.26214    -7.59072E-4
2296.3224     -6.31565E-4
2296.38267    -3.92058E-4
2296.44293    -4.9155E-4
2296.5032     -6.95043E-4
2296.56346    -6.65536E-4
2296.62373    -4.29029E-4
2296.68399    -3.22521E-4
2296.74426    -5.45014E-4
2296.80452    -5.95507E-4
2296.86479    -3.73E-4
2296.92505    -3.62492E-4
2296.98532    -6.30985E-4
2297.04558    -7.76478E-4
2297.10585    -5.92971E-4
2297.16611    -3.52463E-4
2297.22637    -4.07956E-4
2297.28664    -6.23449E-4
2297.3469     -6.01942E-4
2297.40717    -4.35562E-4
2297.46743    -3.52189E-4
2297.5277     -4.31816E-4
2297.58796    -6.13443E-4
2297.64823    -5.0907E-4
2297.70849    -3.50697E-4
2297.76876    -4.45324E-4
2297.82902    -6.55951E-4
2297.88929    -7.42578E-4
2297.94955    -5.51205E-4
2298.00981    -4.12832E-4
2298.07008    -5.0846E-4
2298.13034    -6.23087E-4
2298.19061    -4.48714E-4
2298.25087    -2.50341E-4
2298.31114    -3.39968E-4
2298.3714     -5.18595E-4
2298.43167    -4.76222E-4
2298.49193    -1.99849E-4
2298.5522     -2.51476E-4
2298.61246    -5.11103E-4
2298.67272    -5.9273E-4
2298.73299    -5.21357E-4
2298.79325    -4.02984E-4
2298.85352    -4.91611E-4
2298.91378    -6.68239E-4
2298.97405    -6.75866E-4
2299.03431    -5.30493E-4
2299.09458    -3.0812E-4
2299.15484    -3.44747E-4
2299.21511    -5.28374E-4
2299.27537    -4.66001E-4
2299.33563    -4.34628E-4
2299.3959     -3.49255E-4
2299.45617    -5.49882E-4
2299.51643    -6.65509E-4
2299.57669    -1.39136E-4
2299.63696    -4.97634E-5
2299.69722    -5.01391E-4
2299.75749    -7.14018E-4
2299.81775    -6.76446E-5
2299.87802     2.00728E-4
2299.93828    -3.67899E-4
2299.99855    -7.75526E-4
2300.05881    -7.60153E-4
2300.11908    -5.4478E-4
2300.17934    -4.10407E-4
2300.2396     -4.05034E-4
2300.29987    -5.93661E-4
2300.36013    -4.34288E-4
2300.4204     -2.43915E-4
2300.48066    -5.75425E-5
2300.54093    -2.0017E-4
2300.60119    -3.77966E-5
2300.66146     5.37576E-4
2300.72172     2.29492E-5
2300.78199    -5.42678E-4
2300.84225    -7.13305E-4
2300.90252    -1.20932E-4
2300.96278    -7.85591E-5
2301.02304     6.38139E-5
2301.08331    -2.66813E-4
2301.14357    -3.5044E-4
2301.20384     1.09327E-5
2301.2641      6.83056E-5
2301.32437    -1.89321E-4
2301.38463    -2.57949E-4
2301.4449     -4.05756E-5
2301.50516    -8.52027E-5
2301.56543    -3.4383E-4
2301.62569    -4.19457E-4
2301.68595    -1.74084E-4
2301.74622    -4.4711E-5
2301.80648    -1.96338E-4
2301.86675    -3.58965E-4
2301.92701    -4.23592E-4
2301.98728    -2.36219E-4
2302.04754    -1.46846E-4
2302.10781    -3.62473E-4
2302.16807    -4.68101E-4
2302.22834    -2.35728E-4
2302.2886     -6.53547E-5
2302.34886    -1.48982E-4
2302.40913    -2.10609E-4
2302.4694     -1.67236E-4
2302.52966     4.1137E-5
2302.58992     2.1451E-4
2302.65019     1.62883E-4
2302.71045    -9.57442E-5
2302.77072    -8.63713E-5
2302.83098    -1.89983E-5
2302.89125    -2.21625E-4
2302.95151    -4.03252E-4
2303.01178    -3.6288E-4
2303.07204    -1.82507E-4
2303.13231    -7.81337E-5
2303.19257    -2.57761E-4
2303.25283    -3.03388E-4
2303.3131     -1.36015E-4
2303.37336    -6.42E-7
2303.43363    -1.57269E-4
2303.49389    -3.43896E-4
2303.55416    -1.58523E-4
2303.61442     1.0985E-4
2303.67469     2.82226E-5
2303.73495    -9.34044E-5
2303.79522    -7.60315E-5
2303.85548    -2.65859E-6
2303.91574     4.87143E-5
2303.97601    -1.48913E-4
2304.03627    -3.3654E-4
2304.09654    -2.23167E-4
2304.1568      2.0206E-5
2304.21707     2.0579E-5
2304.27733    -1.77048E-4
2304.3376     -1.88675E-4
2304.39786    -2.63022E-5
2304.45813     3.90707E-5
2304.51839    -1.43556E-4
2304.57866    -1.25183E-4
2304.63892     2.48189E-4
2304.69918     4.16562E-4
2304.75945     4.48935E-4
2304.81971     3.78308E-4
2304.87998     1.67681E-4
2304.94024     6.30541E-5
2305.00051     9.1427E-5
2305.06077     1.27999E-5
2305.12104    -1.75827E-4
2305.1813     -1.54542E-5
2305.24157     2.83919E-4
2305.30183     1.32292E-4
2305.3621      2.66457E-6
2305.42236     1.87038E-4
2305.48263     2.6341E-4
2305.54289     1.53783E-4
2305.60315    -1.30844E-4
2305.66342     1.22529E-4
2305.72368     3.38902E-4
2305.78395     1.27275E-4
2305.84421     1.30648E-4
2305.90448     1.83021E-4
2305.96474     1.11394E-4
2306.02501     6.47668E-5
2306.08527     8.91397E-5
2306.14554     2.14513E-4
2306.2058      3.18856E-5
2306.26606     5.92585E-5
2306.32633     1.20631E-4
2306.38659     4.32622E-9
2306.44686     1.92377E-4
2306.50712     1.6375E-4
2306.56739     8.41231E-5
2306.62765    -1.54504E-4
2306.68792     6.3869E-5
2306.74818     2.86242E-4
2306.80845     1.15615E-4
2306.86871     3.95988E-4
2306.92897     9.53361E-4
2306.98924     6.14734E-4
2307.0495      7.99107E-4
2307.10977     7.86479E-4
2307.17003     4.82852E-4
2307.2303      3.83225E-4
2307.29056     2.68598E-4
2307.35083     6.76971E-4
2307.41109     5.84344E-4
2307.47136     1.61717E-4
2307.53162     4.7109E-4
2307.59189     4.32463E-4
2307.65215     5.05836E-4
2307.71242     4.03209E-4
2307.77268     1.19582E-4
2307.83294     2.63955E-4
2307.89321     4.20327E-4
2307.95347     4.067E-4
2308.01374     2.44073E-4
2308.074       1.92446E-4
2308.13427     3.71819E-4
2308.19453     5.43192E-4
2308.2548      5.23565E-4
2308.31506     3.96938E-4
2308.37533     4.24311E-4
2308.43559     6.11684E-4
2308.49586     7.10057E-4
2308.55612     5.0543E-4
2308.61638     4.60803E-4
2308.67665     6.41176E-4
2308.73691     8.15548E-4
2308.79718     7.65921E-4
2308.85744     6.93294E-4
2308.91771     9.00667E-4
2308.97797     0.00139
2309.03824     0.00156
2309.0985      0.001
2309.15877     6.62159E-4
2309.21903     8.47532E-4
2309.27929     8.68905E-4
2309.33956     6.39278E-4
2309.39982     4.41651E-4
2309.46009     5.92024E-4
2309.52035     7.93397E-4
2309.58062     7.89769E-4
2309.64088     5.54142E-4
2309.70115     4.35515E-4
2309.76141     7.68888E-4
2309.82168     8.99261E-4
2309.88194     7.04634E-4
2309.9422      4.92007E-4
2310.00247     5.8738E-4
2310.06274     8.87753E-4
2310.123       9.10126E-4
2310.18326     6.57499E-4
2310.24353     6.21872E-4
2310.30379     9.25245E-4
2310.36406     0.00103
2310.42432     9.3599E-4
2310.48459     9.43363E-4
2310.54485     0.00106
2310.60512     0.00108
2310.66538     0.00103
2310.72565     8.46855E-4
2310.78591     9.40228E-4
2310.84617     0.00125
2310.90644     0.00137
2310.9667      0.00142
2311.02697     0.00168
2311.08723     0.00221
2311.1475      0.00224
2311.20776     0.00165
2311.26803     0.00117
2311.32829     0.00114
2311.38856     0.00134
2311.44882     0.00138
2311.50909     0.00121
2311.56935     0.00109
2311.62961     0.00119
2311.68988     0.00122
2311.75014     0.0011
2311.81041     9.96568E-4
2311.87067     0.00114
2311.93094     0.00131
2311.9912      0.00123
2312.05147     0.00106
2312.11173     9.57432E-4
2312.172       0.00116
2312.23226     0.00145
2312.29252     0.00165
2312.35279     0.00128
2312.41305     0.00152
2312.47332     0.00148
2312.53358     0.00141
2312.59385     0.00126
2312.65411     0.00123
2312.71438     0.00126
2312.77464     0.00131
2312.83491     0.00136
2312.89517     9.8228E-4
2312.95543     0.00201
2313.0157      0.00274
2313.07597     0.00285
2313.13623     0.00259
2313.19649     0.00257
2313.25676     0.00282
2313.31702     0.0023
2313.37729     0.00202
2313.43755     0.0014
2313.49782     0.00111
2313.55808     0.00129
2313.61835     0.00137
2313.67861     0.00115
2313.73888     0.00167
2313.79914     0.00208
2313.85941     0.00147
2313.91967     0.00112
2313.97993     0.00126
2314.0402      0.00114
2314.10046     0.00169
2314.16073     0.00176
2314.22099     0.00184
2314.28126     0.00206
2314.34152     0.00203
2314.40179     0.00198
2314.46205     0.0018
2314.52232     0.00166
2314.58258     0.00181
2314.64284     0.00194
2314.70311     0.00192
2314.76337     0.00172
2314.82364     0.00189
2314.8839      0.00229
2314.94417     0.00247
2315.00443     0.00255
2315.0647      0.0027
2315.12496     0.00354
2315.18523     0.00435
2315.24549     0.00385
2315.30575     0.00298
2315.36602     0.00252
2315.42628     0.00244
2315.48655     0.00236
2315.54681     0.00202
2315.60708     0.00188
2315.66734     0.00214
2315.72761     0.0023
2315.78787     0.00226
2315.84814     0.00217
2315.9084      0.00235
2315.96867     0.00261
2316.02893     0.00253
2316.0892      0.00241
2316.14946     0.00252
2316.20972     0.00274
2316.26999     0.00266
2316.33025     0.00248
2316.39052     0.00244
2316.45078     0.00263
2316.51105     0.00279
2316.57131     0.00277
2316.63158     0.00261
2316.69184     0.00272
2316.75211     0.0031
2316.81237     0.00317
2316.87264     0.00301
2316.9329      0.00318
2316.99316     0.00368
2317.05343     0.00434
2317.11369     0.00509
2317.17396     0.00573
2317.23422     0.00538
2317.29449     0.00451
2317.35475     0.00393
2317.41502     0.00339
2317.47528     0.00304
2317.53555     0.00319
2317.59581     0.00333
2317.65607     0.00325
2317.71634     0.00312
2317.7766      0.00318
2317.83687     0.00342
2317.89713     0.00353
2317.9574      0.00352
2318.01766     0.00354
2318.07793     0.00366
2318.13819     0.00374
2318.19846     0.00339
2318.25872     0.00345
2318.31898     0.00368
2318.37925     0.00367
2318.43951     0.00358
2318.49978     0.00379
2318.56004     0.00398
2318.62031     0.00424
2318.68057     0.00468
2318.74084     0.00432
2318.8011      0.00406
2318.86137     0.00447
2318.92163     0.00496
2318.9819      0.00535
2319.04216     0.00545
2319.10243     0.00638
2319.16269     0.00702
2319.22295     0.00682
2319.28322     0.00559
2319.34348     0.00449
2319.40375     0.00509
2319.46401     0.00511
2319.52428     0.00491
2319.58454     0.00481
2319.64481     0.00451
2319.70507     0.00514
2319.76534     0.00519
2319.8256      0.00529
2319.88587     0.00503
2319.94613     0.0047
2320.00639     0.00508
2320.06666     0.00528
2320.12692     0.00507
2320.18719     0.00513
2320.24745     0.00526
2320.30772     0.00556
2320.36798     0.00563
2320.42825     0.00555
2320.48851     0.00574
2320.54878     0.00587
2320.60904     0.00609
2320.6693      0.00606
2320.72957     0.00645
2320.78983     0.00699
2320.8501      0.00723
2320.91036     0.00734
2320.97063     0.00774
2321.03089     0.00894
2321.09116     0.01046
2321.15142     0.01054
2321.21169     0.00906
2321.27195     0.00807
2321.33221     0.00784
2321.39248     0.0077
2321.45274     0.0075
2321.51301     0.0075
2321.57327     0.00788
2321.63354     0.00811
2321.6938      0.00781
2321.75407     0.00757
2321.81433     0.00783
2321.8746      0.00803
2321.93486     0.00812
2321.99513     0.00802
2322.05539     0.00808
2322.11566     0.00843
2322.17592     0.00868
2322.23618     0.00877
2322.29645     0.00892
2322.35671     0.00926
2322.41698     0.00966
2322.47724     0.00997
2322.53751     0.01001
2322.59777     0.01018
2322.65804     0.01066
2322.7183      0.0111
2322.77857     0.01122
2322.83883     0.01154
2322.8991      0.01249
2322.95936     0.01391
2323.01962     0.01559
2323.07989     0.01615
2323.14015     0.01509
2323.20042     0.01417
2323.26068     0.01386
2323.32095     0.01368
2323.38121     0.01375
2323.44148     0.01397
2323.50174     0.01429
2323.56201     0.01437
2323.62227     0.01448
2323.68253     0.01486
2323.7428      0.01546
2323.80306     0.01591
2323.86333     0.01611
2323.92359     0.01643
2323.98386     0.01699
2324.04412     0.01761
2324.10439     0.01792
2324.16465     0.01819
2324.22492     0.01874
2324.28518     0.01949
2324.34544     0.02005
2324.40571     0.02016
2324.46598     0.02063
2324.52624     0.02132
2324.5865      0.02179
2324.64677     0.02235
2324.70703     0.02286
2324.7673      0.02375
2324.82756     0.02501
2324.88783     0.02667
2324.94809     0.02911
2325.00836     0.02945
2325.06862     0.02837
2325.12889     0.02754
2325.18915     0.02707
2325.24941     0.02724
2325.30968     0.0274
2325.36994     0.0274
2325.43021     0.02779
2325.49047     0.02843
2325.55074     0.02866
2325.611       0.0297
2325.67127     0.03042
2325.73153     0.03068
2325.7918      0.03145
2325.85206     0.03216
2325.91232     0.03257
2325.97259     0.03324
2326.03285     0.03335
2326.09312     0.03382
2326.15338     0.03517
2326.21365     0.03584
2326.27391     0.03642
2326.33418     0.03718
2326.39444     0.03795
2326.45471     0.03882
2326.51497     0.03982
2326.57524     0.04064
2326.6355      0.04153
2326.69576     0.04329
2326.75603     0.04637
2326.81629     0.05031
2326.87656     0.05182
2326.93682     0.05019
2326.99709     0.04851
2327.05735     0.04763
2327.11762     0.04739
2327.17788     0.04762
2327.23815     0.04803
2327.29841     0.04818
2327.35867     0.04817
2327.41894     0.04841
2327.47921     0.04886
2327.53947     0.04927
2327.59973     0.04946
2327.66        0.04959
2327.72026     0.04993
2327.78053     0.0503
2327.84079     0.05035
2327.90106     0.0502
2327.96132     0.05033
2328.02159     0.05091
2328.08185     0.0515
2328.14212     0.0517
2328.20238     0.05183
2328.26264     0.05237
2328.32291     0.05312
2328.38317     0.05352
2328.44344     0.05383
2328.5037      0.05455
2328.56397     0.05608
2328.62423     0.05883
2328.6845      0.0617
2328.74476     0.0618
2328.80503     0.0598
2328.86529     0.0581
2328.92555     0.05734
2328.98582     0.05707
2329.04608     0.05732
2329.10635     0.05784
2329.16661     0.05819
2329.22688     0.05838
2329.28714     0.05873
2329.34741     0.05947
2329.40767     0.06006
2329.46794     0.06032
2329.5282      0.06044
2329.58847     0.06093
2329.64873     0.06155
2329.709       0.062
2329.76926     0.06231
2329.82952     0.06279
2329.88979     0.06359
2329.95005     0.06428
2330.01032     0.06467
2330.07058     0.06501
2330.13085     0.06587
2330.19111     0.06684
2330.25138     0.06747
2330.31164     0.06796
2330.37191     0.06889
2330.43217     0.07143
2330.49244     0.07536
2330.5527      0.07754
2330.61296     0.07622
2330.67323     0.07393
2330.73349     0.07275
2330.79376     0.07246
2330.85402     0.072
2330.91429     0.07261
2330.97455     0.0736
2331.03482     0.07408
2331.09508     0.07442
2331.15535     0.07458
2331.21561     0.07508
2331.27587     0.07605
2331.33614     0.07637
2331.3964      0.0763
2331.45667     0.07727
2331.51693     0.0793
2331.5772      0.08018
2331.63746     0.08068
2331.69773     0.0811
2331.75799     0.08094
2331.81826     0.08176
2331.87852     0.08301
2331.93878     0.08319
2331.99905     0.08367
2332.05931     0.08527
2332.11958     0.08622
2332.17984     0.08759
2332.24011     0.09098
2332.30037     0.09508
2332.36064     0.09892
2332.4209      0.09733
2332.48117     0.09492
2332.54143     0.09391
2332.6017      0.09409
2332.66196     0.09417
2332.72223     0.09453
2332.78249     0.09458
2332.84275     0.09553
2332.90302     0.09719
2332.96328     0.09816
2333.02355     0.09829
2333.08381     0.09843
2333.14408     0.09971
2333.20434     0.10095
2333.26461     0.10148
2333.32487     0.10224
2333.38514     0.10371
2333.4454      0.10499
2333.50567     0.10567
2333.56593     0.10653
2333.62619     0.10756
2333.68646     0.10878
2333.74672     0.10986
2333.80699     0.11073
2333.86725     0.11168
2333.92752     0.11314
2333.98778     0.11558
2334.04805     0.12014
2334.10831     0.12727
2334.16858     0.12983
2334.22884     0.12747
2334.2891      0.12505
2334.34937     0.12392
2334.40963     0.12415
2334.4699      0.12495
2334.53016     0.1259
2334.59043     0.12669
2334.65069     0.12771
2334.71096     0.12913
2334.77122     0.13063
2334.83149     0.13195
2334.89175     0.13307
2334.95201     0.13438
2335.01228     0.13603
2335.07255     0.13748
2335.13281     0.13875
2335.19307     0.14006
2335.25334     0.14164
2335.3136      0.14362
2335.37387     0.14512
2335.43413     0.14633
2335.4944      0.14779
2335.55466     0.14964
2335.61493     0.15118
2335.67519     0.15232
2335.73546     0.15441
2335.79572     0.15982
2335.85598     0.16934
2335.91625     0.17507
2335.97651     0.17336
2336.03678     0.17079
2336.09704     0.17027
2336.15731     0.1707
2336.21757     0.17132
2336.27784     0.17267
2336.3381      0.17469
2336.39837     0.17666
2336.45863     0.17842
2336.5189      0.18031
2336.57916     0.1824
2336.63942     0.18473
2336.69969     0.18686
2336.75995     0.18876
2336.82022     0.19091
2336.88048     0.19329
2336.94075     0.19582
2337.00101     0.19816
2337.06128     0.20005
2337.12154     0.20268
2337.18181     0.20539
2337.24207     0.20753
2337.30233     0.20917
2337.3626      0.21092
2337.42286     0.21375
2337.48313     0.2171
2337.54339     0.22354
2337.60366     0.23604
2337.66392     0.24404
2337.72419     0.24287
2337.78445     0.24114
2337.84472     0.24089
2337.90498     0.24196
2337.96524     0.24431
2338.02551     0.24639
2338.08578     0.24865
2338.14604     0.25149
2338.2063      0.25449
2338.26657     0.25817
2338.32683     0.26193
2338.3871      0.26497
2338.44736     0.2684
2338.50763     0.27105
2338.56789     0.27426
2338.62816     0.27837
2338.68842     0.28164
2338.74869     0.28606
2338.80895     0.29005
2338.86921     0.29336
2338.92948     0.29712
2338.98974     0.30074
2339.05001     0.30346
2339.11027     0.30666
2339.17054     0.3096
2339.2308      0.31563
2339.29107     0.3288
2339.35133     0.34434
2339.4116      0.34747
2339.47186     0.34579
2339.53213     0.34635
2339.59239     0.34848
2339.65265     0.35179
2339.71292     0.35509
2339.77318     0.3585
2339.83345     0.36301
2339.89371     0.36748
2339.95398     0.37145
2340.01424     0.37548
2340.07451     0.3802
2340.13477     0.38499
2340.19504     0.38953
2340.2553      0.39385
2340.31556     0.39831
2340.37583     0.40352
2340.43609     0.40858
2340.49636     0.41295
2340.55662     0.41704
2340.61689     0.42126
2340.67715     0.42545
2340.73742     0.42893
2340.79768     0.43135
2340.85795     0.43432
2340.91821     0.44168
2340.97848     0.4561
2341.03874     0.47294
2341.09901     0.48015
2341.15927     0.48031
2341.21953     0.48108
2341.2798      0.48274
2341.34006     0.4852
2341.40033     0.48893
2341.46059     0.49303
2341.52086     0.49732
2341.58112     0.50149
2341.64139     0.50538
2341.70165     0.50968
2341.76192     0.51425
2341.82218     0.51861
2341.88245     0.52307
2341.94271     0.52761
2342.00297     0.53186
2342.06324     0.53593
2342.1235      0.53936
2342.18377     0.54262
2342.24403     0.54653
2342.3043      0.55054
2342.36456     0.55294
2342.42483     0.55452
2342.48509     0.55605
2342.54536     0.55947
2342.60562     0.56829
2342.66588     0.58326
2342.72615     0.59599
2342.78641     0.59888
2342.84668     0.59816
2342.90694     0.59795
2342.96721     0.59878
2343.02747     0.60098
2343.08774     0.60374
2343.148       0.60616
2343.20827     0.60806
2343.26853     0.61099
2343.32879     0.61443
2343.38906     0.61762
2343.44932     0.61972
2343.50959     0.62169
2343.56985     0.62398
2343.63012     0.62629
2343.69038     0.62826
2343.75065     0.62969
2343.81091     0.63109
2343.87118     0.6327
2343.93144     0.63356
2343.99171     0.63329
2344.05197     0.63288
2344.11224     0.63291
2344.1725      0.63268
2344.23276     0.63685
2344.29303     0.64433
2344.35329     0.65231
2344.41356     0.65471
2344.47382     0.6516
2344.53409     0.64678
2344.59435     0.64369
2344.65462     0.64343
2344.71488     0.64399
2344.77515     0.64338
2344.83541     0.63984
2344.89568     0.6388
2344.95594     0.63758
2345.0162      0.63651
2345.07647     0.63606
2345.13673     0.63347
2345.197       0.6315
2345.25726     0.63015
2345.31753     0.62767
2345.37779     0.62619
2345.43806     0.62357
2345.49832     0.62124
2345.55859     0.62029
2345.61885     0.61702
2345.67911     0.61334
2345.73938     0.61013
2345.79964     0.60748
2345.85991     0.60672
2345.92017     0.60987
2345.98044     0.61096
2346.0407      0.6082
2346.10097     0.60426
2346.16123     0.60072
2346.2215      0.59727
2346.28176     0.59441
2346.34202     0.59144
2346.40229     0.58787
2346.46255     0.58421
2346.52282     0.58119
2346.58308     0.57873
2346.64335     0.57539
2346.70361     0.57188
2346.76388     0.569
2346.82414     0.56661
2346.88441     0.56434
2346.94467     0.56149
2347.00494     0.55823
2347.0652      0.55521
2347.12547     0.55207
2347.18573     0.5487
2347.24599     0.54476
2347.30626     0.54104
2347.36652     0.53764
2347.42679     0.53548
2347.48705     0.53456
2347.54732     0.53378
2347.60758     0.53196
2347.66785     0.52876
2347.72811     0.52467
2347.78838     0.52077
2347.84864     0.51756
2347.9089      0.5145
2347.96917     0.51114
2348.02943     0.50771
2348.0897      0.50448
2348.14996     0.50226
2348.21023     0.49974
2348.27049     0.49697
2348.33076     0.49412
2348.39102     0.49108
2348.45129     0.48826
2348.51155     0.48513
2348.57181     0.48164
2348.63208     0.47887
2348.69234     0.47655
2348.75261     0.47381
2348.81287     0.47061
2348.87314     0.46759
2348.9334      0.46576
2348.99367     0.46366
2349.05393     0.46057
2349.1142      0.45718
2349.17446     0.45442
2349.23473     0.45195
2349.29499     0.44925
2349.35525     0.44634
2349.41552     0.44325
2349.47578     0.44059
2349.53605     0.43851
2349.59631     0.43618
2349.65658     0.4332
2349.71684     0.43054
2349.77711     0.42877
2349.83737     0.4271
2349.89764     0.42453
2349.9579      0.42161
2350.01817     0.4193
2350.07843     0.41693
2350.1387      0.41433
2350.19896     0.41093
2350.25922     0.40858
2350.31949     0.40753
2350.37975     0.40526
2350.44002     0.40198
2350.50028     0.39941
2350.56055     0.39815
2350.62081     0.39633
2350.68108     0.39375
2350.74134     0.39063
2350.80161     0.38822
2350.86187     0.3858
2350.92213     0.38424
2350.9824      0.38264
2351.04266     0.38057
2351.10293     0.37854
2351.16319     0.3758
2351.22346     0.37379
2351.28372     0.37104
2351.34399     0.36946
2351.40425     0.37071
2351.46452     0.36969
2351.52478     0.36622
2351.58505     0.36363
2351.64531     0.36072
2351.70558     0.35842
2351.76584     0.35683
2351.8261      0.35409
2351.88637     0.35233
2351.94663     0.35053
2352.0069      0.34844
2352.06716     0.34537
2352.12743     0.34365
2352.18769     0.34297
2352.24796     0.34198
2352.30822     0.33985
2352.36849     0.33745
2352.42875     0.3355
2352.48902     0.33392
2352.54928     0.3321
2352.60954     0.32938
2352.66981     0.32656
2352.73007     0.32458
2352.79034     0.32373
2352.8506      0.32471
2352.91087     0.32665
2352.97113     0.3262
2353.0314      0.32331
2353.09166     0.32018
2353.15193     0.31725
2353.21219     0.31504
2353.27245     0.31341
2353.33272     0.31178
2353.39298     0.30991
2353.45325     0.30846
2353.51351     0.30748
2353.57378     0.30608
2353.63404     0.30425
2353.69431     0.30249
2353.75457     0.30093
2353.81484     0.29969
2353.8751      0.29818
2353.93536     0.29627
2353.99563     0.29458
2354.05589     0.29333
2354.11616     0.29183
2354.17642     0.28997
2354.23669     0.28813
2354.29695     0.28823
2354.35722     0.29124
2354.41748     0.29326
2354.47775     0.29126
2354.53801     0.28779
2354.59828     0.28511
2354.65854     0.28317
2354.71881     0.28131
2354.77907     0.27973
2354.83933     0.27848
2354.8996      0.27724
2354.95986     0.27583
2355.02013     0.27428
2355.08039     0.273
2355.14066     0.27216
2355.20092     0.27108
2355.26119     0.26967
2355.32145     0.26857
2355.38172     0.26758
2355.44198     0.26659
2355.50225     0.26506
2355.56251     0.26297
2355.62277     0.26107
2355.68304     0.25999
2355.7433      0.26035
2355.80357     0.26308
2355.86383     0.2664
2355.9241      0.26577
2355.98436     0.26279
2356.04463     0.25951
2356.10489     0.25662
2356.16516     0.25505
2356.22542     0.25433
2356.28568     0.25332
2356.34595     0.25168
2356.40621     0.2503
2356.46648     0.25055
2356.52674     0.24976
2356.58701     0.24809
2356.64727     0.24646
2356.70754     0.24562
2356.7678      0.24551
2356.82807     0.24473
2356.88833     0.243
2356.94859     0.241
2357.00886     0.24019
2357.06912     0.23914
2357.12939     0.23776
2357.18965     0.23788
2357.24992     0.24448
2357.31018     0.24834
2357.37045     0.24397
2357.43071     0.23917
2357.49098     0.23617
2357.55124     0.23461
2357.61151     0.2338
2357.67177     0.2337
2357.73204     0.23238
2357.7923      0.23132
2357.85256     0.23025
2357.91283     0.22886
2357.97309     0.2283
2358.03336     0.22781
2358.09362     0.22721
2358.15389     0.22603
2358.21415     0.22461
2358.27442     0.2243
2358.33468     0.22348
2358.39495     0.22206
2358.45521     0.22096
2358.51548     0.22033
2358.57574     0.22054
2358.636       0.22393
2358.69627     0.22893
2358.75653     0.22808
2358.8168      0.22425
2358.87706     0.22141
2358.93733     0.21939
2358.99759     0.2179
2359.05786     0.21661
2359.11812     0.21564
2359.17839     0.215
2359.23865     0.21419
2359.29891     0.21319
2359.35918     0.21242
2359.41944     0.21196
2359.47971     0.2116
2359.53997     0.21075
2359.60024     0.20969
2359.6605      0.20911
2359.72077     0.20862
2359.78103     0.20766
2359.8413      0.20605
2359.90156     0.20504
2359.96182     0.20629
2360.02209     0.21038
2360.08235     0.21469
2360.14262     0.21366
2360.20288     0.20992
2360.26315     0.20679
2360.32341     0.20481
2360.38368     0.20334
2360.44394     0.20224
2360.50421     0.20171
2360.56447     0.20136
2360.62474     0.20056
2360.685       0.19978
2360.74527     0.19934
2360.80553     0.19884
2360.86579     0.19813
2360.92606     0.19736
2360.98632     0.19677
2361.04659     0.1963
2361.10685     0.19563
2361.16712     0.19446
2361.22738     0.19309
2361.28765     0.19321
2361.34791     0.19589
2361.40818     0.20061
2361.46844     0.20245
2361.52871     0.1994
2361.58897     0.19602
2361.64923     0.19372
2361.7095      0.19196
2361.76976     0.19088
2361.83003     0.19025
2361.89029     0.18975
2361.95056     0.18898
2362.01082     0.18821
2362.07109     0.18774
2362.13135     0.18732
2362.19162     0.18691
2362.25188     0.18653
2362.31214     0.18579
2362.37241     0.18524
2362.43267     0.18476
2362.49294     0.18413
2362.5532      0.18276
2362.61347     0.18211
2362.67373     0.18434
2362.734       0.18999
2362.79426     0.19196
2362.85453     0.18881
2362.91479     0.18594
2362.97505     0.1836
2363.03532     0.18133
2363.09559     0.18056
2363.15585     0.18005
2363.21611     0.17925
2363.27638     0.17834
2363.33664     0.17736
2363.39691     0.17735
2363.45717     0.17733
2363.51744     0.1762
2363.5777      0.17556
2363.63797     0.17533
2363.69823     0.17524
2363.7585      0.17509
2363.81876     0.17447
2363.87902     0.17196
2363.93929     0.17226
2363.99955     0.17563
2364.05982     0.18005
2364.12008     0.17994
2364.18035     0.17725
2364.24061     0.17522
2364.30088     0.17259
2364.36114     0.171
2364.42141     0.16979
2364.48167     0.16922
2364.54194     0.1691
2364.6022      0.16883
2364.66246     0.16806
2364.72273     0.16755
2364.78299     0.16717
2364.84326     0.16714
2364.90352     0.16712
2364.96379     0.16623
2365.02405     0.16567
2365.08432     0.16514
2365.14458     0.16455
2365.20485     0.16432
2365.26511     0.16609
2365.32537     0.17043
2365.38564     0.17212
2365.4459      0.16948
2365.50617     0.16606
2365.56643     0.1641
2365.6267      0.16318
2365.68696     0.16239
2365.74723     0.16139
2365.80749     0.16066
2365.86776     0.16032
2365.92802     0.16007
2365.98828     0.15955
2366.04855     0.15885
2366.10882     0.1585
2366.16908     0.15822
2366.22934     0.15778
2366.28961     0.15701
2366.34987     0.15623
2366.41014     0.15587
2366.4704      0.15652
2366.53067     0.15836
2366.59093     0.16182
2366.6512      0.16324
2366.71146     0.16045
2366.77173     0.1573
2366.83199     0.15544
2366.89226     0.15422
2366.95252     0.15366
2367.01278     0.15314
2367.07305     0.15233
2367.13331     0.15188
2367.19358     0.15167
2367.25384     0.15148
2367.31411     0.15103
2367.37437     0.15036
2367.43464     0.14995
2367.4949      0.14973
2367.55517     0.14919
2367.61543     0.14831
2367.67569     0.14786
2367.73596     0.14898
2367.79622     0.15207
2367.85649     0.15438
2367.91675     0.15276
2367.97702     0.14981
2368.03728     0.14796
2368.09755     0.14677
2368.15781     0.14565
2368.21808     0.14483
2368.27834     0.14457
2368.3386      0.14436
2368.39887     0.1435
2368.45913     0.14276
2368.5194      0.14256
2368.57966     0.14228
2368.63993     0.14195
2368.70019     0.14124
2368.76046     0.1405
2368.82072     0.14002
2368.88099     0.13989
2368.94125     0.14111
2369.00152     0.14377
2369.06178     0.14586
2369.12205     0.14457
2369.18231     0.14181
2369.24257     0.13985
2369.30284     0.13868
2369.3631      0.13787
2369.42337     0.13666
2369.48363     0.13621
2369.5439      0.1356
2369.60416     0.13509
2369.66443     0.1344
2369.72469     0.13351
2369.78496     0.1334
2369.84522     0.13264
2369.90549     0.1327
2369.96575     0.13231
2370.02601     0.13229
2370.08628     0.13206
2370.14654     0.13396
2370.20681     0.13596
2370.26707     0.13581
2370.32734     0.13432
2370.3876      0.1316
2370.44787     0.12902
2370.50813     0.12821
2370.56839     0.12806
2370.62866     0.12719
2370.68892     0.12631
2370.74919     0.12662
2370.80945     0.12618
2370.86972     0.12517
2370.92998     0.125
2370.99025     0.12469
2371.05051     0.12391
2371.11078     0.12314
2371.17104     0.12225
2371.23131     0.12241
2371.29157     0.12377
2371.35183     0.12529
2371.4121      0.12621
2371.47236     0.1245
2371.53263     0.12247
2371.59289     0.12097
2371.65316     0.11965
2371.71342     0.11871
2371.77369     0.11834
2371.83395     0.11801
2371.89422     0.11731
2371.95448     0.11657
2372.01475     0.11609
2372.07501     0.11575
2372.13528     0.11517
2372.19554     0.11449
2372.2558      0.11394
2372.31607     0.11366
2372.37633     0.11366
2372.4366      0.11417
2372.49686     0.11532
2372.55713     0.11567
2372.61739     0.11416
2372.67766     0.11212
2372.73792     0.11049
2372.79819     0.10958
2372.85845     0.10933
2372.91871     0.10876
2372.97898     0.10784
2373.03924     0.1073
2373.09951     0.10688
2373.15977     0.10639
2373.22004     0.10582
2373.2803      0.10519
2373.34057     0.10456
2373.40083     0.10422
2373.4611      0.10407
2373.52136     0.10405
2373.58162     0.10476
2373.64189     0.10555
2373.70215     0.10471
2373.76242     0.10286
2373.82268     0.10117
2373.88295     0.10033
2373.94321     0.10007
2374.00348     0.09935
2374.06374     0.09844
2374.12401     0.0979
2374.18427     0.09752
2374.24454     0.09716
2374.3048      0.09649
2374.36507     0.09579
2374.42533     0.0954
2374.48559     0.09509
2374.54586     0.09473
2374.60612     0.09471
2374.66639     0.09521
2374.72665     0.09581
2374.78692     0.09508
2374.84718     0.09352
2374.90745     0.0921
2374.96771     0.09116
2375.02798     0.09092
2375.08824     0.0903
2375.14851     0.08939
2375.20877     0.08867
2375.26903     0.08857
2375.3293      0.08844
2375.38956     0.08779
2375.44983     0.08688
2375.51009     0.08659
2375.57036     0.0869
2375.63062     0.0864
2375.69089     0.08614
2375.75115     0.08651
2375.81142     0.08686
2375.87168     0.0861
2375.93194     0.08462
2375.99221     0.08368
2376.05247     0.08266
2376.11274     0.08192
2376.173       0.08216
2376.23327     0.08108
2376.29353     0.08067
2376.3538      0.07983
2376.41406     0.07955
2376.47433     0.07954
2376.53459     0.07878
2376.59486     0.07868
2376.65512     0.07796
2376.71539     0.07766
2376.77565     0.07816
2376.83591     0.07873
2376.89618     0.07811
2376.95644     0.07638
2377.01671     0.07558
2377.07697     0.07488
2377.13724     0.07411
2377.1975      0.07395
2377.25777     0.07348
2377.31803     0.07278
2377.3783      0.07219
2377.43856     0.07194
2377.49883     0.07142
2377.55909     0.07068
2377.61935     0.0698
2377.67962     0.06971
2377.73988     0.06982
2377.80015     0.06972
2377.86041     0.0692
2377.92068     0.0681
2377.98094     0.06741
2378.04121     0.06682
2378.10147     0.06592
2378.16174     0.06509
2378.222       0.06461
2378.28226     0.06426
2378.34253     0.0635
2378.40279     0.0626
2378.46306     0.06208
2378.52332     0.06171
2378.58359     0.06108
2378.64385     0.06024
2378.70412     0.05984
2378.76438     0.05989
2378.82465     0.05968
2378.88491     0.05883
2378.94517     0.05761
2379.00544     0.0568
2379.0657      0.0562
2379.12597     0.05554
2379.18623     0.05458
2379.2465      0.05369
2379.30676     0.05335
2379.36703     0.05292
2379.42729     0.05198
2379.48756     0.05108
2379.54782     0.05057
2379.60809     0.05015
2379.66835     0.04966
2379.72862     0.04903
2379.78888     0.04847
2379.84914     0.04797
2379.90941     0.04732
2379.96967     0.04641
2380.02994     0.04561
2380.0902      0.04512
2380.15047     0.0447
2380.21073     0.04384
2380.271       0.04292
2380.33126     0.04248
2380.39153     0.04216
2380.45179     0.04166
2380.51206     0.04086
2380.57232     0.04027
2380.63258     0.04013
2380.69285     0.03988
2380.75311     0.03908
2380.81338     0.03816
2380.87364     0.0375
2380.93391     0.03714
2380.99417     0.03657
2381.05444     0.03567
2381.1147      0.03507
2381.17497     0.03464
2381.23523     0.03417
2381.29549     0.03367
2381.35576     0.03303
2381.41602     0.03249
2381.47629     0.03211
2381.53655     0.03188
2381.59682     0.03113
2381.65708     0.03017
2381.71735     0.02978
2381.77761     0.02965
2381.83788     0.02917
2381.89814     0.02839
2381.9584      0.0279
2382.01867     0.02732
2382.07893     0.02664
2382.1392      0.02621
2382.19946     0.02583
2382.25973     0.02564
2382.31999     0.02563
2382.38026     0.02473
2382.44052     0.02398
2382.50079     0.0237
2382.56105     0.0235
2382.62132     0.02286
2382.68158     0.02193
2382.74185     0.0215
2382.80211     0.02123
2382.86237     0.02108
2382.92264     0.02027
2382.9829      0.01911
2383.04317     0.01953
2383.10343     0.0199
2383.1637      0.01969
2383.22396     0.01901
2383.28423     0.019
2383.34449     0.01872
2383.40476     0.01817
2383.46502     0.01824
2383.52529     0.01808
2383.58555     0.01782
2383.64581     0.01753
2383.70608     0.01716
2383.76634     0.01684
2383.82661     0.01672
2383.88687     0.01696
2383.94714     0.0169
2384.0074      0.01649
2384.06767     0.01632
2384.12793     0.01647
2384.1882      0.01652
2384.24846     0.01614
2384.30872     0.01573
2384.36899     0.01566
2384.42925     0.01577
2384.48952     0.01584
2384.54978     0.01552
2384.61005     0.01539
2384.67031     0.0155
2384.73058     0.01549
2384.79084     0.01524
2384.85111     0.01491
2384.91137     0.01488
2384.97163     0.01507
2385.0319      0.01499
2385.09216     0.0147
2385.15243     0.01459
2385.21269     0.01473
2385.27296     0.01468
2385.33322     0.01439
2385.39349     0.01411
2385.45375     0.01426
2385.51402     0.01437
2385.57428     0.01422
2385.63455     0.01388
2385.69481     0.01381
2385.75508     0.014
2385.81534     0.01404
2385.8756      0.01374
2385.93587     0.01346
2385.99613     0.01353
2386.0564      0.01372
2386.11666     0.01349
2386.17693     0.0132
2386.23719     0.01325
2386.29746     0.01344
2386.35772     0.01333
2386.41799     0.01306
2386.47825     0.01287
2386.53852     0.01304
2386.59878     0.01323
2386.65904     0.01307
2386.71931     0.01286
2386.77957     0.01274
2386.83984     0.01278
2386.9001      0.0128
2386.96037     0.01256
2387.02063     0.01247
2387.0809      0.01251
2387.14116     0.01256
2387.20143     0.01249
2387.26169     0.01226
2387.32195     0.01233
2387.38222     0.01238
2387.44248     0.01236
2387.50275     0.01228
2387.56301     0.012
2387.62328     0.0121
2387.68354     0.01239
2387.74381     0.01241
2387.80407     0.01195
2387.86434     0.01168
2387.9246      0.012
2387.98486     0.01211
2388.04513     0.01156
2388.1054      0.01142
2388.16566     0.0115
2388.22592     0.0116
2388.28619     0.01124
2388.34645     0.01161
2388.40672     0.01213
2388.46698     0.01208
2388.52725     0.01133
2388.58751     0.01067
2388.64778     0.01093
2388.70804     0.01127
2388.76831     0.01129
2388.82857     0.01148
2388.88883     0.01124
2388.9491      0.0102
2389.00936     0.01036
2389.06963     0.0116
2389.12989     0.01152
2389.19016     0.01182
2389.25042     0.01147
2389.31069     0.01058
2389.37095     0.01101
2389.43122     0.01051
2389.49148     0.01054
2389.55175     0.01115
2389.61201     0.0107
2389.67227     0.01088
2389.73254     0.01053
2389.7928      0.01027
2389.85307     0.01048
2389.91333     0.0102
2389.9736      0.01054
2390.03386     0.01081
2390.09413     0.01076
2390.15439     0.01049
2390.21466     0.01024
2390.27492     0.01022
2390.33518     0.01042
2390.39545     0.01032
2390.45571     0.00997
2390.51598     0.00991
2390.57624     0.01019
2390.63651     0.01027
2390.69677     0.01003
2390.75704     0.00982
2390.8173      0.00984
2390.87757     0.01004
2390.93783     0.01009
2390.99809     0.00984
2391.05836     0.00994
2391.11863     0.01012
2391.17889     0.01006
2391.23915     0.00981
2391.29942     0.00967
2391.35968     0.00975
2391.41995     0.00989
2391.48021     0.00978
2391.54048     0.00945
2391.60074     0.0095
2391.66101     0.00969
2391.72127     0.0097
2391.78154     0.00953
2391.8418      0.00935
2391.90206     0.00944
2391.96233     0.0096
2392.02259     0.00941
2392.08286     0.00914
2392.14312     0.00914
2392.20339     0.00936
2392.26365     0.00936
2392.32392     0.00925
2392.38418     0.00914
2392.44445     0.00916
2392.50471     0.00921
2392.56497     0.00911
2392.62524     0.00885
2392.6855      0.00886
2392.74577     0.00903
2392.80603     0.00908
2392.8663      0.00889
2392.92656     0.0087
2392.98683     0.00889
2393.04709     0.00913
2393.10736     0.00895
2393.16762     0.00862
2393.22789     0.00879
2393.28815     0.00904
2393.34841     0.00898
2393.40868     0.00876
2393.46894     0.00855
2393.52921     0.00865
2393.58947     0.00881
2393.64974     0.00856
2393.71        0.00839
2393.77027     0.00849
2393.83053     0.00861
2393.8908      0.0086
2393.95106     0.00839
2394.01133     0.00819
2394.07159     0.00866
2394.13186     0.00859
2394.19212     0.00821
2394.25238     0.0083
2394.31265     0.00855
2394.37291     0.00868
2394.43318     0.00852
2394.49344     0.00827
2394.55371     0.00869
2394.61397     0.00896
2394.67424     0.0085
2394.7345      0.00798
2394.79477     0.00748
2394.85503     0.00768
2394.91529     0.00881
2394.97556     0.00888
2395.03582     0.0087
2395.09609     0.00833
2395.15635     0.00785
2395.21662     0.00809
2395.27688     0.00818
2395.33715     0.00792
2395.39741     0.0078
2395.45768     0.00793
2395.51794     0.00822
2395.5782      0.00819
2395.63847     0.00826
2395.69873     0.00801
2395.759       0.00789
2395.81926     0.00746
2395.87953     0.00771
2395.93979     0.00788
2396.00006     0.00721
2396.06032     0.00697
2396.12059     0.00721
2396.18085     0.00741
2396.24112     0.00794
2396.30138     0.00783
2396.36165     0.0074
2396.42191     0.00709
2396.48217     0.00756
2396.54244     0.00756
2396.6027      0.00714
2396.66297     0.00716
2396.72323     0.00725
2396.7835      0.00749
2396.84376     0.0074
2396.90403     0.00715
2396.96429     0.00714
2397.02456     0.00728
2397.08482     0.00738
2397.14509     0.00725
2397.20535     0.00702
2397.26561     0.00701
2397.32588     0.00728
2397.38614     0.00724
2397.44641     0.00702
2397.50667     0.00709
2397.56694     0.00725
2397.6272      0.00734
2397.68747     0.0071
2397.74773     0.007
2397.808       0.00706
2397.86826     0.00718
2397.92852     0.00716
2397.98879     0.00696
2398.04905     0.00688
2398.10932     0.00708
2398.16958     0.00716
2398.22985     0.00692
2398.29011     0.0068
2398.35038     0.00689
2398.41064     0.00691
2398.47091     0.0069
2398.53117     0.0067
2398.59143     0.00671
2398.6517      0.00686
2398.71197     0.00683
2398.77223     0.00656
2398.83249     0.00652
2398.89276     0.00678
2398.95302     0.00676
2399.01329     0.00659
2399.07355     0.0064
2399.13382     0.0065
2399.19408     0.00669
2399.25435     0.00671
2399.31461     0.00644
2399.37488     0.00644
2399.43514     0.0066
2399.4954      0.00674
2399.55567     0.00666
2399.61593     0.00642
2399.6762      0.00651
2399.73646     0.00686
2399.79673     0.00682
2399.85699     0.00645
2399.91726     0.00636
2399.97752     0.00658
2400.03779     0.00656
2400.09805     0.00666
2400.15832     0.00645
2400.21858     0.00638
2400.27884     0.00659
2400.33911     0.00672
2400.39937     0.00644
2400.45964     0.00625
2400.5199      0.00665
2400.58017     0.00698
2400.64043     0.00638
2400.7007      0.00591
2400.76096     0.00613
2400.82123     0.0062
2400.88149     0.00603
2400.94175     0.00563
2401.00202     0.00541
2401.06228     0.006
2401.12255     0.00632
2401.18281     0.00605
2401.24308     0.00572
2401.30334     0.00553
2401.36361     0.00657
2401.42387     0.00725
2401.48414     0.00589
2401.5444      0.00633
2401.60466     0.00655
2401.66493     0.00634
2401.7252      0.00564
2401.78546     0.00566
2401.84572     0.00624
2401.90599     0.0064
2401.96625     0.00548
2402.02652     0.00534
2402.08678     0.00583
2402.14705     0.00591
2402.20731     0.00547
2402.26758     0.00556
2402.32784     0.00594
2402.38811     0.00614
2402.44837     0.00629
2402.50863     0.00545
2402.5689      0.00509
2402.62916     0.00532
2402.68943     0.00554
2402.74969     0.0058
2402.80996     0.00586
2402.87022     0.00568
2402.93049     0.0057
2402.99075     0.00568
2403.05102     0.00532
2403.11128     0.00529
2403.17155     0.00537
2403.23181     0.00551
2403.29207     0.00558
2403.35234     0.00546
2403.4126      0.0053
2403.47287     0.00547
2403.53313     0.00564
2403.5934      0.00531
2403.65366     0.00518
2403.71393     0.00539
2403.77419     0.00547
2403.83446     0.00532
2403.89472     0.00508
2403.95498     0.00518
2404.01525     0.00539
2404.07551     0.00544
2404.13578     0.00521
2404.19604     0.00513
2404.25631     0.00528
2404.31657     0.00534
2404.37684     0.00533
2404.4371      0.00523
2404.49737     0.00518
2404.55763     0.00534
2404.6179      0.00524
2404.67816     0.00511
2404.73843     0.00512
2404.79869     0.00526
2404.85895     0.00536
2404.91922     0.00527
2404.97948     0.00509
2405.03975     0.00503
2405.10001     0.00523
2405.16028     0.0052
2405.22054     0.00488
2405.28081     0.00484
2405.34107     0.00498
2405.40134     0.00525
2405.4616      0.00527
2405.52187     0.00495
2405.58213     0.00492
2405.64239     0.00512
2405.70266     0.00508
2405.76292     0.00476
2405.82319     0.00471
2405.88345     0.00494
2405.94372     0.00517
2406.00398     0.00505
2406.06425     0.00476
2406.12451     0.0048
2406.18478     0.00496
2406.24504     0.00485
2406.3053      0.0048
2406.36557     0.00482
2406.42583     0.00489
2406.4861      0.00497
2406.54636     0.00496
2406.60663     0.00487
2406.66689     0.00485
2406.72716     0.00491
2406.78742     0.00497
2406.84769     0.00516
2406.90795     0.00483
2406.96821     0.00476
2407.02848     0.00488
2407.08874     0.00436
2407.14901     0.00451
2407.20927     0.00477
2407.26954     0.00454
2407.3298      0.00393
2407.39007     0.00421
2407.45033     0.00501
2407.5106      0.00536
2407.57086     0.00528
2407.63113     0.00514
2407.69139     0.00502
2407.75166     0.00497
2407.81192     0.00468
2407.87218     0.0039
2407.93245     0.00403
2407.99271     0.00462
2408.05298     0.00468
2408.11324     0.00538
2408.17351     0.00472
2408.23377     0.00498
2408.29404     0.00514
2408.3543      0.00465
2408.41457     0.00376
2408.47483     0.00426
2408.5351      0.00521
2408.59536     0.00475
2408.65562     0.00497
2408.71589     0.00477
2408.77615     0.00426
2408.83642     0.00449
2408.89668     0.00456
2408.95695     0.0045
2409.01721     0.0042
2409.07748     0.00427
2409.13774     0.00461
2409.19801     0.00469
2409.25827     0.00417
2409.31853     0.00402
2409.3788      0.00436
2409.43906     0.00445
2409.49933     0.00422
2409.55959     0.00417
2409.61986     0.00438
2409.68012     0.00453
2409.74039     0.00444
2409.80065     0.00424
2409.86092     0.0042
2409.92118     0.00429
2409.98144     0.00428
2410.04171     0.00424
2410.10197     0.00404
2410.16224     0.0041
2410.2225      0.00441
2410.28277     0.00426
2410.34303     0.00395
2410.4033      0.00389
2410.46356     0.00415
2410.52383     0.00425
2410.58409     0.00394
2410.64436     0.00373
2410.70462     0.00396
2410.76489     0.0042
2410.82515     0.00409
2410.88541     0.0039
2410.94568     0.00403
2411.00594     0.00416
2411.06621     0.00413
2411.12647     0.00393
2411.18674     0.00381
2411.247       0.004
2411.30727     0.00418
2411.36753     0.004
2411.4278      0.00383
2411.48806     0.0039
2411.54833     0.00403
2411.60859     0.00412
2411.66885     0.004
2411.72912     0.00378
2411.78938     0.00399
2411.84965     0.00421
2411.90991     0.00393
2411.97018     0.00373
2412.03044     0.00382
2412.09071     0.0039
2412.15097     0.00388
2412.21124     0.00361
2412.2715      0.00357
2412.33176     0.00374
2412.39203     0.00387
2412.45229     0.00365
2412.51256     0.00348
2412.57282     0.00362
2412.63309     0.00365
2412.69335     0.00356
2412.75362     0.00342
2412.81388     0.00329
2412.87415     0.00358
2412.93441     0.00392
2412.99467     0.00395
2413.05494     0.004
2413.1152      0.00396
2413.17547     0.00407
2413.23573     0.00383
2413.296       0.00324
2413.35626     0.00314
2413.41653     0.00401
2413.47679     0.00393
2413.53706     0.00348
2413.59732     0.00333
2413.65759     0.00342
2413.71785     0.00387
2413.77812     0.00353
2413.83838     0.00314
2413.89864     0.00336
2413.95891     0.00427
2414.01917     0.00444
2414.07944     0.00381
2414.1397      0.00313
2414.19997     0.0032
2414.26023     0.00283
2414.3205      0.00328
2414.38076     0.00358
2414.44103     0.00307
2414.50129     0.00328
2414.56156     0.00298
2414.62182     0.00287
2414.68208     0.00277
2414.74235     0.00299
2414.80261     0.0032
2414.86288     0.00301
2414.92314     0.00297
2414.98341     0.0032
2415.04367     0.00395
2415.10394     0.00379
2415.1642      0.00329
2415.22447     0.00311
2415.28473     0.00335
2415.34499     0.00368
2415.40526     0.00334
2415.46552     0.00321
2415.52579     0.00355
2415.58605     0.00356
2415.64632     0.00338
2415.70658     0.003
2415.76685     0.00305
2415.82711     0.00339
2415.88738     0.00347
2415.94764     0.00311
2416.0079      0.00295
2416.06817     0.00314
2416.12844     0.00314
2416.1887      0.00313
2416.24896     0.00308
2416.30923     0.00299
2416.36949     0.00311
2416.42976     0.00315
2416.49002     0.00289
2416.55029     0.00277
2416.61055     0.00302
2416.67082     0.00316
2416.73108     0.00304
2416.79135     0.0029
2416.85161     0.00298
2416.91187     0.00311
2416.97214     0.00305
2417.0324      0.00285
2417.09267     0.00277
2417.15293     0.00295
2417.2132      0.00299
2417.27346     0.00282
2417.33373     0.00279
2417.39399     0.00279
2417.45426     0.00298
2417.51452     0.00291
2417.57478     0.00265
2417.63505     0.00264
2417.69531     0.0029
2417.75558     0.00306
2417.81584     0.00291
2417.87611     0.0028
2417.93637     0.00298
2417.99664     0.00309
2418.0569      0.003
2418.11717     0.00282
2418.17743     0.00272
2418.2377      0.00284
2418.29796     0.00293
2418.35822     0.00265
2418.41849     0.0026
2418.47875     0.00274
2418.53902     0.00288
2418.59928     0.00279
2418.65955     0.00239
2418.71981     0.00253
2418.78008     0.00277
2418.84034     0.00289
2418.90061     0.00277
2418.96087     0.00259
2419.02114     0.00254
2419.0814      0.00259
2419.14167     0.0024
2419.20193     0.00228
2419.26219     0.00246
2419.32246     0.00266
2419.38272     0.00251
2419.44299     0.00233
2419.50325     0.00263
2419.56352     0.00304
2419.62378     0.00314
2419.68405     0.00262
2419.74431     0.00192
2419.80458     0.0024
2419.86484     0.00288
2419.9251      0.00315
2419.98537     0.00297
2420.04563     0.00293
2420.1059      0.00311
2420.16616     0.00296
2420.22643     0.00229
2420.28669     0.00169
2420.34696     0.00272
2420.40722     0.00339
2420.46749     0.00353
2420.52775     0.00261
2420.58801     0.00177
2420.64828     0.00223
2420.70854     0.00256
2420.76881     0.0027
2420.82907     0.00298
2420.88934     0.0034
2420.9496      0.00292
2421.00987     0.00304
2421.07013     0.00233
2421.1304      0.00237
2421.19066     0.00231
2421.25093     0.00254
2421.31119     0.00276
2421.37146     0.00201
2421.43172     0.00196
2421.49198     0.00238
2421.55225     0.00246
2421.61251     0.00232
2421.67278     0.00239
2421.73304     0.00212
2421.79331     0.00223
2421.85357     0.00245
2421.91384     0.00222
2421.9741      0.00222
2422.03437     0.00252
2422.09463     0.00252
2422.1549      0.00216
2422.21516     0.0019
2422.27542     0.00222
2422.33569     0.00235
2422.39595     0.0022
2422.45622     0.00215
2422.51648     0.0022
2422.57675     0.00227
2422.63701     0.00222
2422.69728     0.00193
2422.75754     0.00207
2422.81781     0.00223
2422.87807     0.00227
2422.93833     0.0021
2422.9986      0.00181
2423.05886     0.00204
2423.11913     0.00233
2423.17939     0.00228
2423.23966     0.00212
2423.29992     0.00204
2423.36019     0.0023
2423.42045     0.00239
2423.48072     0.00214
2423.54098     0.00202
2423.60124     0.00218
2423.66151     0.00232
2423.72177     0.0022
2423.78204     0.00207
2423.8423      0.00218
2423.90257     0.00221
2423.96283     0.00212
2424.0231      0.00192
2424.08336     0.00191
2424.14363     0.00201
2424.20389     0.00212
2424.26416     0.00206
2424.32442     0.00186
2424.38469     0.00195
2424.44495     0.00216
2424.50521     0.00212
2424.56548     0.00193
2424.62574     0.00199
2424.68601     0.0021
2424.74627     0.00207
2424.80654     0.00196
2424.8668      0.00185
2424.92707     0.00196
2424.98733     0.00202
2425.0476      0.00204
2425.10786     0.00185
2425.16813     0.00184
2425.22839     0.00202
2425.28865     0.00212
2425.34892     0.00216
2425.40918     0.00187
2425.46945     0.0018
2425.52971     0.00212
2425.58998     0.00199
2425.65024     0.00134
2425.71051     0.00149
2425.77077     0.00205
2425.83104     0.00246
2425.8913      0.00187
2425.95156     0.00151
2426.01183     0.00196
2426.07209     0.00245
2426.13236     0.00232
2426.19262     0.0019
2426.25289     0.00201
2426.31315     0.00258
2426.37342     0.00266
2426.43368     0.00251
2426.49395     0.00213
2426.55421     0.00253
2426.61447     0.00234
2426.67474     0.00203
2426.73501     0.0023
2426.79527     0.00164
2426.85553     0.00189
2426.9158      0.00155
2426.97606     7.8623E-4
2427.03633     0.00147
2427.09659     0.00136
2427.15686     0.00219
2427.21712     0.00243
2427.27739     0.00137
2427.33765     0.00175
2427.39792     0.00206
2427.45818     0.00219
2427.51844     0.00222
2427.57871     0.00109
2427.63897     9.20332E-4
2427.69924     0.00185
2427.7595      0.00159
2427.81977     9.25451E-4
2427.88003     0.00161
2427.9403      0.00203
2428.00056     0.0019
2428.06083     0.00158
2428.12109     0.00193
2428.18136     0.00197
2428.24162     0.00184
2428.30188     0.00181
2428.36215     0.00143
2428.42241     0.00146
2428.48268     0.00183
2428.54294     0.0018
2428.60321     0.00164
2428.66347     0.00147
2428.72374     0.0017
2428.784       0.00176
2428.84427     0.00165
2428.90453     0.00164
2428.96479     0.00167
2429.02506     0.00169
2429.08532     0.00158
2429.14559     0.00133
2429.20585     0.0014
2429.26612     0.00162
2429.32638     0.00167
2429.38665     0.00155
2429.44691     0.00142
2429.50718     0.00161
2429.56744     0.0017
2429.62771     0.00151
2429.68797     0.00136
2429.74824     0.00133
2429.8085      0.00147
2429.86876     0.00152
2429.92903     0.00127
2429.98929     0.00126
2430.04956     0.00145
2430.10982     0.00146
2430.17009     0.00125
2430.23035     0.00117
2430.29062     0.00127
2430.35088     0.00136
2430.41115     0.00144
2430.47141     0.00126
2430.53168     0.00134
2430.59194     0.0015
2430.6522      0.00149
2430.71247     0.00132
2430.77273     0.00127
2430.833       0.00143
2430.89326     0.00152
2430.95353     0.00135
2431.01379     0.00114
2431.07406     0.00121
2431.13432     0.00144
2431.19459     0.00142
2431.25485     0.0013
2431.31511     0.00109
2431.37538     0.00135
2431.43564     0.00162
2431.49591     0.00136
2431.55617     0.00107
2431.61644     0.00111
2431.6767      0.00129
2431.73697     0.00132
2431.79723     0.00139
2431.8575      0.00105
2431.91776     0.00102
2431.97802     9.67183E-4
2432.03829     8.82556E-4
2432.09855     0.00157
2432.15882     0.00193
2432.21908     0.0016
2432.27935     0.00141
2432.33961     9.42421E-4
2432.39988     3.36794E-4
2432.46014     0.00162
2432.52041     0.00154
2432.58067     8.85912E-4
2432.64094     3.75285E-4
2432.7012     -2.49342E-4
2432.76147    -3.21969E-4
2432.82173    -8.65959E-5
2432.88199     6.21777E-4
2432.94226     2.4015E-4
2433.00252     0.00174
2433.06279     0.00203
2433.12305     3.06269E-4
2433.18332     8.66642E-4
2433.24358     0.00137
2433.30385     0.00184
2433.36411     0.00188
2433.42438     0.00129
2433.48464     0.00157
2433.54491     0.00195
2433.60517     0.0015
2433.66543     3.62503E-6
2433.7257      4.22998E-4
2433.78596     6.11371E-4
2433.84623     8.45744E-4
2433.90649     0.00123
2433.96676     0.00113
2434.02702     9.98863E-4
2434.08729     0.00114
2434.14755     0.00109
2434.20782     5.78981E-4
2434.26808     5.32354E-4
2434.32834     0.00101
2434.38861     0.0012
2434.44887     9.57473E-4
2434.50914     0.0012
2434.5694      0.00111
2434.62967     0.00134
2434.68993     0.00156
2434.7502      0.00122
2434.81046     0.00115
2434.87073     0.00131
2434.93099     0.00138
2434.99125     0.00113
2435.05152     9.76202E-4
2435.11178     0.00104
2435.17205     0.0012
2435.23231     0.00128
2435.29258     0.00118
2435.35284     0.00114
2435.41311     0.00113
2435.47337     0.00113
2435.53364     0.00117
2435.5939      0.00101
2435.65417     0.00109
2435.71443     0.00124
2435.7747      0.00123
2435.83496     9.8705E-4
2435.89522     7.20423E-4
2435.95549     0.00101
2436.01575     0.00118
2436.07602     9.24542E-4
2436.13628     8.40915E-4
2436.19655     8.56288E-4
2436.25681     8.94661E-4
2436.31708     0.00105
2436.37734     8.09407E-4
2436.43761     7.3678E-4
2436.49787     9.46153E-4
2436.55814     0.00111
2436.6184      9.16898E-4
2436.67866     7.40271E-4
2436.73893     0.00112
2436.79919     0.0012
2436.85946     0.00115
2436.91972     9.23763E-4
2436.97999     7.77136E-4
2437.04025     0.00109
2437.10052     0.00108
2437.16078     8.03255E-4
2437.22104     7.06628E-4
2437.28131     8.51001E-4
2437.34157     8.61374E-4
2437.40184     8.46746E-4
2437.4621      7.72119E-4
2437.52237     8.80492E-4
2437.58263     0.00118
2437.6429      0.00107
2437.70316     8.25611E-4
2437.76343     5.87984E-4
2437.82369     6.53357E-4
2437.88396     8.1873E-4
2437.94422     9.38103E-4
2438.00448     6.76476E-4
2438.06475     4.53849E-4
2438.12501     9.97222E-4
2438.18528     0.00131
2438.24554     4.92967E-4
2438.30581     3.0534E-4
2438.36607     8.12713E-4
2438.42634     9.35086E-4
2438.4866      3.44592E-5
2438.54687    -5.79168E-4
2438.60713     3.55205E-4
2438.6674      9.95578E-4
2438.72766     0.00135
2438.78793     0.00102
2438.84819     0.00122
2438.90845     0.00117
2438.96872     9.55443E-4
2439.02898     4.90816E-4
2439.08925     5.72188E-4
2439.14951     0.00129
2439.20978     0.00151
2439.27004     8.74307E-4
2439.33031     4.2068E-4
2439.39057     2.80531E-5
2439.45084     7.89426E-4
2439.5111      0.00122
2439.57136    -1.43828E-4
2439.63163     1.85545E-4
2439.69189     0.00106
2439.75216     9.26291E-4
2439.81242     8.16664E-4
2439.87269     4.40365E-5
2439.93295     3.63409E-4
2439.99322     7.19782E-4
2440.05348     5.61155E-4
2440.11375     0.00103
2440.17401     0.00107
2440.23428     0.00171
2440.29454     0.0012
2440.3548      5.9002E-4
2440.41507     3.38393E-4
2440.47533     4.35766E-4
2440.5356      7.94139E-4
2440.59586     8.01512E-4
2440.65613     5.26885E-4
2440.71639     6.23257E-4
2440.77666     6.8863E-4
2440.83692     7.15003E-4
2440.89719     8.58376E-4
2440.95745     7.03749E-4
2441.01772     7.67122E-4
2441.07798     9.03495E-4
2441.13825     7.64868E-4
2441.19851     4.30241E-4
2441.25877     2.65614E-4
2441.31904     6.11987E-4
2441.3793      7.1036E-4
2441.43957     4.38733E-4
2441.49983     3.80105E-4
2441.5601      4.84478E-4
2441.62036     6.90851E-4
2441.68063     7.68224E-4
2441.74089     6.36597E-4
2441.80116     5.7597E-4
2441.86142     8.09343E-4
2441.92168     9.81716E-4
2441.98195     6.31089E-4
2442.04221     3.21462E-4
2442.10248     3.96835E-4
2442.16274     6.30208E-4
2442.22301     7.02581E-4
2442.28327     6.66954E-4
2442.34354     4.87326E-4
2442.4038      5.57699E-4
2442.46407     6.13072E-4
2442.52433     5.09445E-4
2442.58459     4.03818E-4
2442.64486     6.23191E-4
2442.70512     8.00564E-4
2442.76539     6.76937E-4
2442.82565     3.9331E-4
2442.88592     3.73683E-4
2442.94618     6.43056E-4
2443.00645     8.41429E-4
2443.06671     5.74802E-4
2443.12698     2.45175E-4
2443.18724     4.76547E-4
2443.24751     6.7792E-4
2443.30777     5.12293E-4
2443.36804     3.57666E-4
2443.4283      4.07039E-4
2443.48856     5.74412E-4
2443.54883     7.24785E-4
2443.60909     4.49158E-4
2443.66936     4.09531E-4
2443.72962     5.76904E-4
2443.78989     6.42277E-4
2443.85015     5.5165E-4
2443.91042     4.00023E-4
2443.97068     6.79395E-4
2444.03095     8.85768E-4
2444.09121     6.69141E-4
2444.15148     6.18514E-4
2444.21174     8.56887E-4
2444.272       8.0826E-4
2444.33227     8.56633E-4
2444.39253     0.00111
2444.4528      8.01379E-4
2444.51306     2.79752E-4
2444.57333     7.47125E-4
2444.63359     6.31498E-4
2444.69386     1.95871E-4
2444.75412    -1.21757E-4
2444.81439    -8.03836E-5
2444.87465     7.22989E-4
2444.93491     7.08362E-4
2444.99518    -2.92648E-5
2445.05544    -5.18919E-5
2445.11571     9.77481E-4
2445.17597     0.00145
2445.23624     2.85227E-4
2445.2965     -4.714E-4
2445.35677     6.35973E-4
2445.41703     0.00107
2445.4773      6.44719E-4
2445.53756     8.00915E-5
2445.59782     4.14464E-4
2445.65809     7.30837E-4
2445.71835     1.8121E-4
2445.77862     4.82583E-4
2445.83888     5.85956E-4
2445.89915    -1.33671E-4
2445.95941     7.36702E-4
2446.01968     2.06075E-4
2446.07994     4.44789E-6
2446.14021     0.00148
2446.20047     0.00137
2446.26074     5.26567E-4
2446.321       4.4794E-4
2446.38127     0.00104
2446.44153     7.62685E-4
2446.50179     3.10584E-5
2446.56206     1.42431E-4
2446.62232     8.84804E-4
2446.68259     6.18177E-4
2446.74285     9.9055E-4
2446.80312     6.69923E-4
2446.86338     1.11296E-4
2446.92365     3.03669E-4
2446.98391     4.90042E-4
2447.04418     5.49415E-4
2447.10444     1.60788E-4
2447.16471     1.24161E-4
2447.22497     2.61534E-4
2447.28523     5.43906E-4
2447.3455      6.46279E-4
2447.40576     5.28652E-4
2447.46603     4.46025E-4
2447.52629     6.89398E-4
2447.58656     6.98771E-4
2447.64682     2.45144E-4
2447.70709     2.28517E-4
2447.76735     5.8989E-4
2447.82762     6.36263E-4
2447.88788     4.67636E-4
2447.94814     3.50009E-4
2448.00841     2.81382E-4
2448.06867     4.02754E-4
2448.12894     5.31127E-4
2448.1892      5.765E-4
2448.24947     5.50873E-4
2448.30973     6.81246E-4
2448.37        7.99619E-4
2448.43026     4.09992E-4
2448.49053     2.89365E-4
2448.55079     5.48738E-4
2448.61105     6.39111E-4
2448.67132     6.38484E-4
2448.73158     5.00857E-4
2448.79185     3.7323E-4
2448.85211     3.69602E-4
2448.91238     5.55975E-4
2448.97264     5.16348E-4
2449.03291     3.28721E-4
2449.09317     4.68094E-4
2449.15344     8.01467E-4
2449.2137      6.3684E-4
2449.27397     4.13213E-4
2449.33423     4.63586E-4
2449.3945      4.79959E-4
2449.45476     5.03332E-4
2449.51502     3.25705E-4
2449.57529     1.88078E-4
2449.63555     4.09451E-4
2449.69582     7.83823E-4
2449.75608     5.47196E-4
2449.81635     2.41569E-4
2449.87661     4.01942E-4
2449.93688     7.08315E-4
2449.99714     7.24688E-4
