2250.03919     0.00143
2250.09946     0.0011
2250.15972     2.54785E-4
2250.21999     3.04933E-4
2250.28025     9.04081E-4
2250.34051     0.00114
2250.40078     7.17377E-4
2250.46104     1.69525E-4
2250.52131     5.18673E-4
2250.58157     0.00106
2250.64184     8.75969E-4
2250.7021     -4.28832E-5
2250.76237    -6.07353E-5
2250.82263     8.52413E-4
2250.8829      0.00107
2250.94316     3.33709E-4
2251.00342    -1.29144E-4
2251.06369     5.58004E-4
2251.12395     0.00128
2251.18422     9.493E-4
2251.24448     2.09448E-4
2251.30475     2.80596E-4
2251.36501     0.00108
2251.42528     0.00141
2251.48554     7.2604E-4
2251.54581     3.35188E-4
2251.60607     0.00114
2251.66633     0.00172
2251.7266      0.00121
2251.78686     4.3478E-4
2251.84713     6.01928E-4
2251.90739     0.0015
2251.96766     0.00157
2252.02792     6.64371E-4
2252.08819     3.03519E-4
2252.14845     0.00101
2252.20872     0.00156
2252.26898     0.00101
2252.32925     1.93111E-4
2252.38951     4.26259E-4
2252.44978     0.0013
2252.51004     0.00119
2252.5703      2.83703E-4
2252.63057     5.28507E-5
2252.69083     7.75999E-4
2252.7511      0.0011
2252.81136     2.67295E-4
2252.87163    -4.74558E-4
2252.93189     9.35904E-5
2252.99216     9.33738E-4
2253.05242     7.45886E-4
2253.11269    -1.08966E-4
2253.17295    -2.61818E-4
2253.23322     6.1033E-4
2253.29348     0.00116
2253.35374     4.48626E-4
2253.41401    -9.02261E-5
2253.47427     4.98922E-4
2253.53454     0.00123
2253.5948      0.00107
2253.65507     2.73366E-4
2253.71533     3.44514E-4
2253.7756      0.00117
2253.83586     0.0014
2253.89613     8.56957E-4
2253.95639     4.93105E-4
2254.01665     8.77253E-4
2254.07692     0.00145
2254.13718     0.00127
2254.19745     5.25697E-4
2254.25771     4.71845E-4
2254.31798     0.00121
2254.37824     0.00128
2254.43851     5.36289E-4
2254.49877     2.12437E-4
2254.55904     8.54585E-4
2254.6193      0.00136
2254.67956     6.28881E-4
2254.73983     8.02848E-6
2254.80009     3.50176E-4
2254.86036     0.00124
2254.92062     9.44472E-4
2254.98089     2.3262E-4
2255.04115    -4.92318E-5
2255.10142     4.09916E-4
2255.16168     0.00119
2255.22195    -1.89788E-4
2255.28221    -8.7264E-4
2255.34248    -4.34922E-5
2255.40274     8.32656E-4
2255.46301     0.00104
2255.52327     2.72952E-4
2255.58353     4.541E-4
2255.6438      0.00138
2255.70406     0.00115
2255.76433    -4.56609E-7
2255.82459    -3.43087E-5
2255.88486     8.12839E-4
2255.94512     0.0014
2256.00539     0.00117
2256.06565    -1.97169E-5
2256.12592    -3.6569E-5
2256.18618     9.68579E-4
2256.24645     0.00149
2256.30671     0.00141
2256.36697     5.85023E-4
2256.42724     9.78171E-4
2256.4875      0.00152
2256.54777     0.00141
2256.60803     4.71615E-4
2256.6683      1.16762E-4
2256.72856     9.1391E-4
2256.78883     0.00129
2256.84909     3.87206E-4
2256.90935    -1.68646E-4
2256.96962     4.66502E-4
2257.02988     0.00101
2257.09015     6.00798E-4
2257.15041    -1.73054E-4
2257.21068    -8.19061E-5
2257.27094     8.56242E-4
2257.33121     0.00107
2257.39147     1.32538E-4
2257.45174    -1.77314E-4
2257.512       5.38834E-4
2257.57227     0.0011
2257.63253     5.61129E-4
2257.69279    -1.94723E-4
2257.75306     1.34253E-5
2257.81332     8.49573E-4
2257.87359     9.42721E-4
2257.93385     1.61869E-4
2257.99412    -6.7983E-5
2258.05438     7.43165E-4
2258.11465     0.00133
2258.17491     7.88461E-4
2258.23518     3.46088E-5
2258.29544     4.00757E-4
2258.35571     0.00131
2258.41597     0.00129
2258.47624     4.19201E-4
2258.5365      1.87348E-4
2258.59676     0.00104
2258.65703     0.00145
2258.71729     7.66792E-4
2258.77756     9.49402E-5
2258.83782     3.58088E-4
2258.89809     0.00125
2258.95835     0.00113
2259.01862     1.79532E-4
2259.07888    -3.23201E-5
2259.13915     7.34828E-4
2259.19941     0.00123
2259.25967     5.52124E-4
2259.31994    -1.36728E-4
2259.3802      3.6742E-4
2259.44047     0.00101
2259.50073     6.12715E-4
2259.561      -2.33137E-4
2259.62126    -1.96989E-4
2259.68153     6.42159E-4
2259.74179     8.86307E-4
2259.80206     1.91455E-4
2259.86232    -2.87397E-4
2259.92258     2.92751E-4
2259.98285     0.00111
2260.04311     8.93047E-4
2260.10338    -5.68052E-5
2260.16364    -7.16573E-5
2260.22391     9.37491E-4
2260.28417     0.00121
2260.34444     4.18787E-4
2260.4047      5.29345E-5
2260.46497     8.56082E-4
2260.52523     0.00144
2260.5855      0.00106
2260.64576     2.98526E-4
2260.70603     3.88674E-4
2260.76629     0.0012
2260.82656     0.00136
2260.88682     7.27118E-4
2260.94708     3.41266E-4
2261.00735     7.02414E-4
2261.06761     0.00148
2261.12788     0.00121
2261.18814     4.54858E-4
2261.24841     6.91006E-4
2261.30867     0.00112
2261.36894     7.31301E-4
2261.4292     -3.08551E-4
2261.48947    -4.87403E-4
2261.54973     2.44745E-4
2261.60999     8.76893E-4
2261.67026     7.27041E-4
2261.73052    -2.75811E-4
2261.79079    -4.61663E-4
2261.85105     4.29485E-4
2261.91132     6.80633E-4
2261.97158     2.77808E-5
2262.03185    -6.00071E-4
2262.09211     6.90767E-5
2262.15238     9.82225E-4
2262.21264    -1.06627E-4
2262.2729     -5.4048E-4
2262.33317     3.63668E-4
2262.39343     0.00107
2262.4537      6.83964E-4
2262.51396     2.00112E-4
2262.57423     3.4226E-4
2262.63449     0.00145
2262.69476     0.00184
2262.75502     0.00113
2262.81529    -1.08148E-4
2262.87555     4.22E-4
2262.93582     0.00159
2262.99608     0.00139
2263.05635     4.54444E-4
2263.11661     4.39592E-4
2263.17687     0.0012
2263.23714     0.0013
2263.2974      4.07035E-4
2263.35767    -1.33817E-4
2263.41793     4.71331E-4
2263.4782      0.00109
2263.53846     6.31627E-4
2263.59873    -2.49225E-4
2263.65899    -1.14077E-4
2263.71926     7.88071E-4
2263.77952     7.88219E-4
2263.83979    -1.10633E-4
2263.90005    -3.44485E-4
2263.96031     4.00663E-4
2264.02058     0.001
2264.08084     3.74959E-4
2264.14111    -4.56894E-4
2264.20137    -1.19746E-4
2264.26164     6.61402E-4
2264.3219      7.6455E-4
2264.38217     7.06982E-5
2264.44243    -1.09154E-4
2264.5027      7.05994E-4
2264.56296     0.00118
2264.62322     6.2829E-4
2264.68349     4.74379E-5
2264.74375     4.64586E-4
2264.80402     0.00134
2264.86428     0.0015
2264.92455     7.5303E-4
2264.98481     4.50178E-4
2265.04508     0.00111
2265.10534     0.00158
2265.16561     8.37621E-4
2265.22587     2.19769E-4
2265.28613     7.69917E-4
2265.3464      0.0015
2265.40666     0.00132
2265.46693     5.41361E-4
2265.52719     4.74509E-4
2265.58746     0.00121
2265.64772     0.00146
2265.70799     6.79953E-4
2265.76825     8.01008E-5
2265.82852     6.34249E-4
2265.88878     0.00137
2265.94905     9.41545E-4
2266.00931     5.06925E-5
2266.06958     6.78404E-5
2266.12984     8.38988E-4
2266.1901      9.86136E-4
2266.25037     1.78284E-4
2266.31063    -3.67568E-4
2266.3709      3.6758E-4
2266.43116     0.00112
2266.49143     6.34876E-4
2266.55169    -1.15976E-4
2266.61196     1.44172E-4
2266.67222     9.8132E-4
2266.73249     0.00117
2266.79275     4.80616E-4
2266.85302     1.29764E-4
2266.91328     7.16912E-4
2266.97354     0.00125
2267.03381     9.47207E-4
2267.09407     1.49355E-4
2267.15434     4.97503E-4
2267.2146      0.00131
2267.27487     0.00119
2267.33513     3.16947E-4
2267.3954      1.03095E-4
2267.45566     6.98243E-4
2267.51593     0.0013
2267.57619     8.86539E-4
2267.63645    -1.18313E-4
2267.69672     2.20835E-4
2267.75698     0.00129
2267.81725     5.03131E-4
2267.87751    -5.24721E-4
2267.93778    -9.53574E-4
2267.99804    -5.59426E-4
2268.05831     3.65722E-4
2268.11857     6.87026E-6
2268.17884    -2.23982E-4
2268.2391      3.33166E-4
2268.29936     5.59314E-4
2268.35963     6.92462E-4
2268.41989    -2.2039E-4
2268.48016    -4.74242E-4
2268.54042     5.36906E-4
2268.60069     0.00166
2268.66095     0.00116
2268.72122     4.2435E-4
2268.78148     4.45498E-4
2268.84175     0.00105
2268.90201     7.64793E-4
2268.96228     1.29941E-4
2269.02254     2.69089E-4
2269.08281     0.00121
2269.14307     0.00126
2269.20333     4.78533E-4
2269.2636      3.15681E-4
2269.32386     8.50829E-4
2269.38413     0.00137
2269.44439     9.92125E-4
2269.50466     2.94273E-4
2269.56492     4.81421E-4
2269.62519     0.00137
2269.68545     0.00142
2269.74572     4.82865E-4
2269.80598     1.46012E-4
2269.86625     7.4016E-4
2269.92651     0.00127
2269.98677     7.28456E-4
2270.04704    -6.43958E-5
2270.1073      2.93752E-4
2270.16757     9.879E-4
2270.22783     9.78048E-4
2270.2881      1.50196E-4
2270.34836    -2.04656E-4
2270.40863     5.38492E-4
2270.46889     9.9064E-4
2270.52916     3.81788E-4
2270.58942    -2.75064E-4
2270.64968     1.10836E-5
2270.70995     7.67232E-4
2270.77021     7.85379E-4
2270.83048    -1.23473E-4
2270.89074    -2.90325E-4
2270.95101     4.63823E-4
2271.01127     9.24971E-4
2271.07154     4.73119E-4
2271.1318     -1.78733E-4
2271.19207     3.00415E-4
2271.25233     0.00118
2271.31259     0.00107
2271.37286     2.00859E-4
2271.43313     2.11007E-4
2271.49339     0.00107
2271.55365     0.0013
2271.61392     7.06451E-4
2271.67418     2.58598E-4
2271.73445     7.49746E-4
2271.79471     0.00143
2271.85498     0.00119
2271.91524     4.8719E-4
2271.97551     5.39338E-4
2272.03577     0.00126
2272.09604     0.00138
2272.1563      4.55782E-4
2272.21656    -1.3307E-4
2272.27683     4.56078E-4
2272.33709     0.00113
2272.39736     7.35374E-4
2272.45762    -1.29478E-4
2272.51789    -5.53304E-5
2272.57815     7.24818E-4
2272.63842     8.64965E-4
2272.69868     1.69113E-4
2272.75895    -2.78739E-4
2272.81921     4.01409E-4
2272.87948     0.00104
2272.93974     5.48705E-4
2273.         -3.21469E-5
2273.06027     1.07001E-4
2273.12053     7.36149E-4
2273.1808      0.00102
2273.24106     3.70445E-4
2273.30133    -7.94073E-5
2273.36159     6.97741E-4
2273.42186     0.00137
2273.48212     8.82037E-4
2273.54239     1.80184E-4
2273.60265     6.58332E-4
2273.66291     0.00183
2273.72318     0.00206
2273.78344     0.00114
2273.84371     4.13924E-4
2273.90397     0.00116
2273.96424     0.00174
2274.0245      8.45368E-4
2274.08477     7.41516E-4
2274.14503     0.00146
2274.2053      0.00203
2274.26556     0.00182
2274.32582     4.83108E-4
2274.38609     2.01256E-4
2274.44636     8.52404E-4
2274.50662     7.78551E-4
2274.56688     3.13699E-4
2274.62715    -1.94153E-4
2274.68741     1.11995E-4
2274.74768     9.49143E-4
2274.80794     0.00112
2274.86821    -1.67561E-4
2274.92847    -8.04413E-4
2274.98874     1.25735E-4
2275.049       9.31883E-4
2275.10927     4.28031E-4
2275.16953    -1.73821E-4
2275.22979     7.97327E-4
2275.29006     0.00182
2275.35032     0.00134
2275.41059     5.76771E-4
2275.47085     7.11918E-4
2275.53112     0.00172
2275.59138     0.00207
2275.65165     0.00128
2275.71191     8.2551E-4
2275.77218     0.00131
2275.83244     0.00185
2275.89271     0.00152
2275.95297     8.23102E-4
2276.01323     0.00107
2276.0735      0.00187
2276.13376     0.0019
2276.19403     0.0011
2276.25429     8.44842E-4
2276.31456     0.00169
2276.37482     0.00218
2276.43509     0.00155
2276.49535     8.79433E-4
2276.55562     0.00115
2276.61588     0.00195
2276.67614     0.00186
2276.73641     0.00114
2276.79667     0.001
2276.85694     0.00168
2276.9172      0.00227
2276.97747     0.00177
2277.03773     0.00103
2277.098       0.00144
2277.15826     0.00235
2277.21853     0.00209
2277.27879     0.00125
2277.33906     0.00122
2277.39932     0.00223
2277.45959     0.00273
2277.51985     0.00208
2277.58011     0.0016
2277.64038     0.00217
2277.70064     0.00308
2277.76091     0.00288
2277.82117     0.0021
2277.88144     0.00214
2277.9417      0.00297
2278.00197     0.00325
2278.06223     0.00263
2278.1225      0.00223
2278.18276     0.00303
2278.24303     0.00381
2278.30329     0.00354
2278.36355     0.00264
2278.42382     0.00271
2278.48408     0.00363
2278.54435     0.00391
2278.60461     0.00323
2278.66488     0.0028
2278.72514     0.00361
2278.78541     0.00441
2278.84567     0.00387
2278.90594     0.00299
2278.9662      0.00327
2279.02646     0.00412
2279.08673     0.00425
2279.14699     0.00357
2279.20726     0.00333
2279.26752     0.00406
2279.32779     0.00476
2279.38805     0.0044
2279.44832     0.00403
2279.50858     0.00451
2279.56885     0.00548
2279.62911     0.00571
2279.68937     0.00511
2279.74964     0.00534
2279.8099      0.00684
2279.87017     0.0075
2279.93043     0.00711
2279.9907      0.00707
2280.05096     0.00755
2280.11123     0.0085
2280.17149     0.00926
2280.23176     0.00849
2280.29202     0.00935
2280.35229     0.01016
2280.41255     0.01025
2280.47282     0.01001
2280.53308     0.00938
2280.59334     0.01024
2280.65361     0.0114
2280.71387     0.0116
2280.77414     0.01153
2280.8344      0.01175
2280.89467     0.01227
2280.95493     0.01276
2281.0152      0.013
2281.07546     0.01343
2281.13573     0.01479
2281.19599     0.01624
2281.25625     0.01681
2281.31652     0.01712
2281.37678     0.01832
2281.43705     0.0208
2281.49731     0.02206
2281.55758     0.0227
2281.61784     0.02387
2281.67811     0.02666
2281.73837     0.02925
2281.79864     0.03084
2281.8589      0.03168
2281.91916     0.03358
2281.97943     0.03633
2282.03969     0.03865
2282.09996     0.04038
2282.16022     0.04253
2282.22049     0.04564
2282.28075     0.04862
2282.34102     0.05036
2282.40128     0.05194
2282.46155     0.05427
2282.52181     0.05658
2282.58208     0.05771
2282.64234     0.05762
2282.7026      0.05741
2282.76287     0.05751
2282.82313     0.0569
2282.8834      0.05473
2282.94366     0.0522
2283.00393     0.0504
2283.06419     0.04889
2283.12446     0.04643
2283.18472     0.04316
2283.24499     0.04062
2283.30525     0.03898
2283.36552     0.03684
2283.42578     0.03392
2283.48605     0.03114
2283.54631     0.02938
2283.60657     0.02809
2283.66684     0.02586
2283.7271      0.02323
2283.78737     0.02151
2283.84763     0.02066
2283.9079      0.01943
2283.96816     0.01737
2284.02843     0.01555
2284.08869     0.01491
2284.14896     0.01469
2284.20922     0.01341
2284.26948     0.0118
2284.32975     0.01108
2284.39001     0.01112
2284.45028     0.01072
2284.51054     0.00958
2284.57081     0.00883
2284.63107     0.00922
2284.69134     0.00961
2284.7516      0.00897
2284.81187     0.00815
2284.87213     0.00843
2284.93239     0.00929
2284.99266     0.00938
2285.05293     0.00862
2285.11319     0.00827
2285.17345     0.00884
2285.23372     0.00925
2285.29398     0.00844
2285.35425     0.0073
2285.41451     0.00726
2285.47478     0.00778
2285.53504     0.00737
2285.59531     0.00612
2285.65557     0.0055
2285.71584     0.00582
2285.7761      0.00582
2285.83636     0.00474
2285.89663     0.00355
2285.95689     0.00362
2286.01716     0.00425
2286.07742     0.00391
2286.13769     0.00279
2286.19795     0.00251
2286.25822     0.00298
2286.31848     0.00337
2286.37875     0.0029
2286.43901     0.0019
2286.49928     0.00201
2286.55954     0.00265
2286.6198      0.00237
2286.68007     0.00136
2286.74033     0.00139
2286.8006      0.00214
2286.86086     0.00257
2286.92113     0.00133
2286.98139     0.00105
2287.04166     0.00125
2287.10192     0.00177
2287.16219     0.00141
2287.22245     4.76766E-4
2287.28271     0.00104
2287.34298     0.00185
2287.40324     0.0017
2287.46351     9.11358E-4
2287.52377     0.00138
2287.58404     0.00132
2287.6443      6.85801E-4
2287.70457     5.63949E-4
2287.76483     4.13097E-4
2287.8251      5.59245E-4
2287.88536     9.41393E-4
2287.94563     6.15541E-4
2288.00589    -8.3109E-6
2288.06616     1.73837E-4
2288.12642     8.09985E-4
2288.18668     0.00105
2288.24695     4.12281E-4
2288.30721    -3.73571E-4
2288.36748    -1.62423E-4
2288.42774     6.62725E-4
2288.48801     8.09873E-4
2288.54827     1.90205E-5
2288.60854    -1.52832E-4
2288.6688      7.00316E-4
2288.72907     0.00112
2288.78933     7.16612E-4
2288.8496      2.4576E-4
2288.90986     5.70908E-4
2288.97012     0.0013
2289.03039     0.00121
2289.09065     3.72352E-4
2289.15092     1.965E-4
2289.21118     9.88648E-4
2289.27145     0.00137
2289.33171     6.31944E-4
2289.39198    -2.27908E-4
2289.45224     3.6224E-4
2289.51251     0.00116
2289.57277     6.29535E-4
2289.63303    -1.68317E-4
2289.6933     -1.68169E-4
2289.75356     6.34979E-4
2289.81383     7.55127E-4
2289.87409    -3.57249E-5
2289.93436    -5.23577E-4
2289.99462     8.2571E-5
2290.05489     9.16719E-4
2290.11515     5.75867E-4
2290.17542    -2.59985E-4
2290.23568    -1.99837E-4
2290.29594     5.68311E-4
2290.35621     6.87459E-4
2290.41647    -1.24393E-4
2290.47674    -4.49246E-4
2290.537       1.47902E-4
2290.59727     7.8305E-4
2290.65753     5.06198E-4
2290.7178     -2.57654E-4
2290.77806    -1.63506E-4
2290.83833     6.53642E-4
2290.89859     8.2579E-4
2290.95886     3.9938E-5
2291.01912    -2.37914E-4
2291.07939     5.18234E-4
2291.13965     0.00115
2291.19991     6.9153E-4
2291.26018     2.26776E-5
2291.32044     3.71826E-4
2291.38071     0.00129
2291.44097     0.00131
2291.50124     3.63269E-4
2291.5615      1.75417E-4
2291.62177     8.44565E-4
2291.68203     0.00115
2291.7423      4.45861E-4
2291.80256    -3.30991E-4
2291.86283     1.53157E-4
2291.92309     8.89305E-4
2291.98335     6.75453E-4
2292.04362    -1.80399E-4
2292.10388    -4.09251E-4
2292.16415     2.90897E-4
2292.22441     6.32045E-4
2292.28468     4.81925E-5
2292.34494    -6.0366E-4
2292.40521    -2.92512E-4
2292.46547     2.87636E-4
2292.52574    -1.10216E-4
2292.586      -6.87068E-4
2292.64626    -2.9192E-4
2292.70653     6.11228E-4
2292.76679     5.34376E-4
2292.82706    -2.02476E-4
2292.88732    -6.15328E-4
2292.94759    -6.41802E-5
2293.00785     0.00117
2293.06812     4.36116E-4
2293.12838    -2.88736E-4
2293.18865    -2.99588E-4
2293.24891     1.0256E-4
2293.30917     2.16707E-4
2293.36944     2.82855E-4
2293.4297      1.06003E-4
2293.48997     9.22151E-4
2293.55023     0.00144
2293.6105      7.39447E-4
2293.67076     2.05951E-5
2293.73103     3.47743E-4
2293.79129     0.00142
2293.85156     0.00153
2293.91182     4.93187E-4
2293.97209    -3.24665E-4
2294.03235     2.90483E-4
2294.09262     8.34631E-4
2294.15288     5.70779E-4
2294.21314     1.29265E-5
2294.27341     1.40744E-5
2294.33367     8.49222E-4
2294.39394     7.8037E-4
2294.4542      3.27518E-4
2294.51447     1.12666E-4
2294.57473     5.02814E-4
2294.635       8.89962E-4
2294.69526     2.4611E-4
2294.75553    -5.53742E-4
2294.81579    -2.51594E-4
2294.87606     8.31554E-4
2294.93632     7.31702E-4
2294.99658    -1.1715E-4
2295.05685    -2.74002E-4
2295.11711     5.15146E-4
2295.17738     9.11293E-4
2295.23764     3.61441E-4
2295.29791    -1.19411E-4
2295.35817     4.62737E-4
2295.41844     0.00133
2295.4787      0.00104
2295.53897     1.47181E-4
2295.59923     2.7329E-5
2295.65949     0.00103
2295.71976     0.0014
2295.78002     7.56773E-4
2295.84029     3.70921E-4
2295.90055     9.32886E-4
2295.96082     0.00173
2296.02108     0.00134
2296.08135     3.88552E-4
2296.14161     2.83774E-4
2296.20188     0.00102
2296.26214     0.00119
2296.3224      4.0544E-4
2296.38267    -1.05338E-4
2296.44293     4.09883E-4
2296.5032      9.83105E-4
2296.56346     5.06327E-4
2296.62373    -3.79451E-4
2296.68399    -2.00229E-4
2296.74426     7.24993E-4
2296.80452     7.80215E-4
2296.86479    -1.45632E-5
2296.92505    -3.78341E-4
2296.98532     3.03881E-4
2297.04558     9.46103E-4
2297.10585     5.78324E-4
2297.16611     1.25463E-5
2297.22637     3.61768E-4
2297.28664     0.00109
2297.3469      9.77212E-4
2297.40717     3.07434E-4
2297.46743     7.16558E-5
2297.5277      8.29878E-4
2297.58796     0.00131
2297.64823     7.79322E-4
2297.70849     1.62543E-4
2297.76876     4.40765E-4
2297.82902     0.00124
2297.88929     0.00129
2297.94955     5.23431E-4
2298.00981     4.43653E-4
2298.07008     0.00127
2298.13034     0.00174
2298.19061     0.00124
2298.25087     7.84541E-4
2298.31114     0.00105
2298.3714      0.00151
2298.43167     0.00148
2298.49193     7.39428E-4
2298.5522      2.1565E-4
2298.61246     5.91872E-4
2298.67272     9.71094E-4
2298.73299     3.62316E-4
2298.79325    -3.49462E-4
2298.85352     1.9576E-4
2298.91378     0.00102
2298.97405     6.09203E-4
2299.03431    -5.24575E-4
2299.09458    -3.65353E-4
2299.15484     8.14869E-4
2299.21511     0.00113
2299.27537     6.4313E-5
2299.33563    -6.47465E-4
2299.3959      2.35757E-4
2299.45617     0.00104
2299.51643     8.86201E-4
2299.57669     3.90423E-4
2299.63696     4.84644E-4
2299.69722     0.00144
2299.75749     9.51088E-4
2299.81775     2.9231E-4
2299.87802    -2.22468E-4
2299.93828     2.63754E-4
2299.99855     7.99976E-4
2300.05881     2.28198E-4
2300.11908    -3.8358E-4
2300.17934    -2.49358E-4
2300.2396      0.00186
2300.29987     0.00307
2300.36013     0.0022
2300.4204      0.00214
2300.48066     0.00224
2300.54093     0.00214
2300.60119     0.00148
2300.66146     7.88417E-4
2300.72172     9.13639E-4
2300.78199     0.0014
2300.84225     0.00117
2300.90252     6.33304E-4
2300.96278     4.98526E-4
2301.02304     0.00101
2301.08331     0.00142
2301.14357     7.45192E-4
2301.20384     1.34139E-5
2301.2641      4.77636E-4
2301.32437     0.00108
2301.38463     0.00101
2301.4449      2.99302E-4
2301.50516     1.48523E-4
2301.56543     0.0011
2301.62569     0.00152
2301.68595     8.45189E-4
2301.74622     2.65411E-4
2301.80648     9.38633E-4
2301.86675     0.0017
2301.92701     0.0013
2301.98728     6.29299E-4
2302.04754     7.03521E-4
2302.10781     0.00143
2302.16807     0.00184
2302.22834     0.00126
2302.2886      7.61408E-4
2302.34886     0.00143
2302.40913     0.00231
2302.4694      0.00226
2302.52966     0.00171
2302.58992     0.0021
2302.65019     0.00277
2302.71045     0.00227
2302.77072     0.00107
2302.83098     5.76405E-4
2302.89125     0.00115
2302.95151     0.00162
2303.01178     9.91071E-4
2303.07204     3.00293E-4
2303.13231     5.35515E-4
2303.19257     0.00136
2303.25283     0.00137
2303.3131      5.34181E-4
2303.37336     2.78402E-4
2303.43363     0.00109
2303.49389     0.0015
2303.55416     0.00101
2303.61442     4.9229E-4
2303.67469     9.79512E-4
2303.73495     0.00176
2303.79522     0.00155
2303.85548     6.06178E-4
2303.91574     4.884E-4
2303.97601     0.00136
2304.03627     0.00167
2304.09654     0.00101
2304.1568      5.80287E-4
2304.21707     0.00111
2304.27733     0.00181
2304.3376      0.00169
2304.39786     0.00107
2304.45813     0.00116
2304.51839     0.00224
2304.57866     0.00304
2304.63892     0.00245
2304.69918     0.00218
2304.75945     0.00309
2304.81971     0.00348
2304.87998     0.00249
2304.94024     0.00127
2305.00051     0.00105
2305.06077     0.00178
2305.12104     0.00195
2305.1813      8.6606E-4
2305.24157     4.40282E-4
2305.30183     0.00113
2305.3621      0.00144
2305.42236     0.00105
2305.48263     4.99169E-4
2305.54289     1.66391E-4
2305.60315     0.00164
2305.66342     0.00254
2305.72368     0.0016
2305.78395     0.00108
2305.84421     0.00141
2305.90448     0.00197
2305.96474     0.0012
2306.02501     3.81166E-4
2306.08527     3.42388E-4
2306.14554     0.00133
2306.2058      0.0023
2306.26606     0.00185
2306.32633     0.00127
2306.38659     0.00183
2306.44686     0.00227
2306.50712     0.00196
2306.56739     0.00164
2306.62765     0.0016
2306.68792     0.00274
2306.74818     0.0035
2306.80845     0.00364
2306.86871     0.00346
2306.92897     0.00388
2306.98924     0.00345
2307.0495      0.00225
2307.10977     0.00132
2307.17003     0.00156
2307.2303      0.00227
2307.29056     0.00192
2307.35083     9.73048E-4
2307.41109     8.3727E-4
2307.47136     0.00189
2307.53162     0.0023
2307.59189     0.00171
2307.65215     0.00122
2307.71242     0.00149
2307.77268     0.00211
2307.83294     0.00174
2307.89321     9.16045E-4
2307.95347     9.85267E-4
2308.01374     0.00188
2308.074       0.00213
2308.13427     0.00137
2308.19453     0.00106
2308.2548      0.00165
2308.31506     0.00238
2308.37533     0.00223
2308.43559     0.00165
2308.49586     0.00208
2308.55612     0.00299
2308.61638     0.00287
2308.67665     0.00209
2308.73691     0.002
2308.79718     0.00301
2308.85744     0.00414
2308.91771     0.00451
2308.97797     0.0044
2309.03824     0.00429
2309.0985      0.00387
2309.15877     0.00316
2309.21903     0.00211
2309.27929     0.00176
2309.33956     0.00243
2309.39982     0.00291
2309.46009     0.00242
2309.52035     0.00189
2309.58062     0.00223
2309.64088     0.00269
2309.70115     0.00229
2309.76141     0.00146
2309.82168     0.00123
2309.88194     0.00198
2309.9422      0.00258
2310.00247     0.00183
2310.06274     0.00111
2310.123       0.00171
2310.18326     0.00267
2310.24353     0.00246
2310.30379     0.00167
2310.36406     0.00186
2310.42432     0.00277
2310.48459     0.00313
2310.54485     0.00246
2310.60512     0.00188
2310.66538     0.00241
2310.72565     0.00327
2310.78591     0.00315
2310.84617     0.00278
2310.90644     0.00346
2310.9667      0.00509
2311.02697     0.00644
2311.08723     0.00595
2311.1475      0.00439
2311.20776     0.0038
2311.26803     0.00386
2311.32829     0.00323
2311.38856     0.00256
2311.44882     0.00262
2311.50909     0.00331
2311.56935     0.00354
2311.62961     0.00256
2311.68988     0.00217
2311.75014     0.00254
2311.81041     0.0028
2311.87067     0.00257
2311.93094     0.0018
2311.9912      0.00187
2312.05147     0.00298
2312.11173     0.00331
2312.172       0.00214
2312.23226     0.00169
2312.29252     0.00329
2312.35279     0.00402
2312.41305     0.00362
2312.47332     0.00248
2312.53358     0.00301
2312.59385     0.0038
2312.65411     0.00366
2312.71438     0.00281
2312.77464     0.00264
2312.83491     0.00304
2312.89517     0.00436
2312.95543     0.00486
2313.0157      0.00551
2313.07597     0.00725
2313.13623     0.0082
2313.19649     0.00676
2313.25676     0.00462
2313.31702     0.0043
2313.37729     0.00457
2313.43755     0.00485
2313.49782     0.00376
2313.55808     0.00266
2313.61835     0.00317
2313.67861     0.00373
2313.73888     0.00344
2313.79914     0.0026
2313.85941     0.00251
2313.91967     0.00334
2313.97993     0.00385
2314.0402      0.00308
2314.10046     0.00249
2314.16073     0.00326
2314.22099     0.00419
2314.28126     0.00386
2314.34152     0.00285
2314.40179     0.00275
2314.46205     0.00352
2314.52232     0.00375
2314.58258     0.00292
2314.64284     0.00249
2314.70311     0.00336
2314.76337     0.00419
2314.82364     0.00401
2314.8839      0.00376
2314.94417     0.00463
2315.00443     0.00644
2315.0647      0.00813
2315.12496     0.00893
2315.18523     0.00891
2315.24549     0.00798
2315.30575     0.00677
2315.36602     0.00524
2315.42628     0.00406
2315.48655     0.0042
2315.54681     0.00485
2315.60708     0.0045
2315.66734     0.00365
2315.72761     0.00352
2315.78787     0.0042
2315.84814     0.00473
2315.9084      0.00429
2315.96867     0.00377
2316.02893     0.00439
2316.0892      0.00542
2316.14946     0.00524
2316.20972     0.00412
2316.26999     0.00375
2316.33025     0.00429
2316.39052     0.00464
2316.45078     0.00387
2316.51105     0.00316
2316.57131     0.00374
2316.63158     0.00462
2316.69184     0.00451
2316.75211     0.00401
2316.81237     0.00436
2316.87264     0.00576
2316.9329      0.00683
2316.99316     0.00711
2317.05343     0.0085
2317.11369     0.01088
2317.17396     0.01149
2317.23422     0.00902
2317.29449     0.00651
2317.35475     0.00562
2317.41502     0.00594
2317.47528     0.00589
2317.53555     0.00499
2317.59581     0.00459
2317.65607     0.00519
2317.71634     0.0058
2317.7766      0.00567
2317.83687     0.00498
2317.89713     0.00559
2317.9574      0.00689
2318.01766     0.00643
2318.07793     0.00548
2318.13819     0.00503
2318.19846     0.00574
2318.25872     0.00615
2318.31898     0.00524
2318.37925     0.00465
2318.43951     0.00537
2318.49978     0.00607
2318.56004     0.0059
2318.62031     0.00522
2318.68057     0.00506
2318.74084     0.00584
2318.8011      0.00646
2318.86137     0.00743
2318.92163     0.00828
2318.9819      0.00816
2319.04216     0.01015
2319.10243     0.01235
2319.16269     0.01248
2319.22295     0.01092
2319.28322     0.00899
2319.34348     0.00804
2319.40375     0.0067
2319.46401     0.00602
2319.52428     0.00713
2319.58454     0.00762
2319.64481     0.00738
2319.70507     0.00684
2319.76534     0.00694
2319.8256      0.00765
2319.88587     0.00778
2319.94613     0.00701
2320.00639     0.00646
2320.06666     0.00702
2320.12692     0.00775
2320.18719     0.00735
2320.24745     0.00653
2320.30772     0.00654
2320.36798     0.00753
2320.42825     0.00794
2320.48851     0.00736
2320.54878     0.00716
2320.60904     0.00791
2320.6693      0.00895
2320.72957     0.00897
2320.78983     0.00835
2320.8501      0.00891
2320.91036     0.01075
2320.97063     0.01258
2321.03089     0.01423
2321.09116     0.0158
2321.15142     0.01519
2321.21169     0.01254
2321.27195     0.00996
2321.33221     0.00857
2321.39248     0.00872
2321.45274     0.00955
2321.51301     0.00979
2321.57327     0.00907
2321.63354     0.00864
2321.6938      0.00929
2321.75407     0.00965
2321.81433     0.00881
2321.8746      0.00823
2321.93486     0.00878
2321.99513     0.00986
2322.05539     0.00978
2322.11566     0.00895
2322.17592     0.00884
2322.23618     0.0098
2322.29645     0.01049
2322.35671     0.01013
2322.41698     0.00999
2322.47724     0.01067
2322.53751     0.01153
2322.59777     0.01119
2322.65804     0.01023
2322.7183      0.01052
2322.77857     0.01218
2322.83883     0.01377
2322.8991      0.01519
2322.95936     0.01751
2323.01962     0.02013
2323.07989     0.01932
2323.14015     0.01587
2323.20042     0.01314
2323.26068     0.01244
2323.32095     0.01291
2323.38121     0.01272
2323.44148     0.01151
2323.50174     0.01095
2323.56201     0.01154
2323.62227     0.01213
2323.68253     0.0118
2323.7428      0.01105
2323.80306     0.01145
2323.86333     0.01263
2323.92359     0.01297
2323.98386     0.01248
2324.04412     0.01234
2324.10439     0.01303
2324.16465     0.0137
2324.22492     0.01415
2324.28518     0.01328
2324.34544     0.01351
2324.40571     0.01462
2324.46598     0.01475
2324.52624     0.01392
2324.5865      0.01431
2324.64677     0.01605
2324.70703     0.01753
2324.7673      0.01918
2324.82756     0.02189
2324.88783     0.02645
2324.94809     0.02893
2325.00836     0.02544
2325.06862     0.02106
2325.12889     0.0179
2325.18915     0.01668
2325.24941     0.01626
2325.30968     0.01668
2325.36994     0.01602
2325.43021     0.01681
2325.49047     0.01832
2325.55074     0.01807
2325.611       0.01687
2325.67127     0.01689
2325.73153     0.01803
2325.7918      0.01877
2325.85206     0.01884
2325.91232     0.0189
2325.97259     0.02002
2326.03285     0.02101
2326.09312     0.02087
2326.15338     0.02086
2326.21365     0.02156
2326.27391     0.02254
2326.33418     0.0237
2326.39444     0.02406
2326.45471     0.02462
2326.51497     0.02672
2326.57524     0.02909
2326.6355      0.031
2326.69576     0.03373
2326.75603     0.03873
2326.81629     0.04315
2326.87656     0.04137
2326.93682     0.03682
2326.99709     0.03419
2327.05735     0.03367
2327.11762     0.03352
2327.17788     0.03262
2327.23815     0.03174
2327.29841     0.03194
2327.35867     0.03258
2327.41894     0.03253
2327.47921     0.03186
2327.53947     0.03155
2327.59973     0.03264
2327.66        0.03323
2327.72026     0.03247
2327.78053     0.0315
2327.84079     0.03173
2327.90106     0.03272
2327.96132     0.03264
2328.02159     0.03205
2328.08185     0.03205
2328.14212     0.03323
2328.20238     0.03431
2328.26264     0.03441
2328.32291     0.03461
2328.38317     0.03606
2328.44344     0.03849
2328.5037      0.04039
2328.56397     0.04251
2328.62423     0.04709
2328.6845      0.0509
2328.74476     0.04821
2328.80503     0.04308
2328.86529     0.04013
2328.92555     0.03953
2328.98582     0.03973
2329.04608     0.03933
2329.10635     0.03883
2329.16661     0.03914
2329.22688     0.04031
2329.28714     0.04134
2329.34741     0.04114
2329.40767     0.04105
2329.46794     0.04188
2329.5282      0.04277
2329.58847     0.04249
2329.64873     0.04215
2329.709       0.04287
2329.76926     0.04421
2329.82952     0.04491
2329.88979     0.04467
2329.95005     0.04496
2330.01032     0.04655
2330.07058     0.04834
2330.13085     0.04883
2330.19111     0.04875
2330.25138     0.04997
2330.31164     0.0523
2330.37191     0.05472
2330.43217     0.05822
2330.49244     0.06347
2330.5527      0.0657
2330.61296     0.06265
2330.67323     0.05798
2330.73349     0.05523
2330.79376     0.05524
2330.85402     0.05545
2330.91429     0.05572
2330.97455     0.05592
2331.03482     0.05637
2331.09508     0.05705
2331.15535     0.0581
2331.21561     0.05755
2331.27587     0.05676
2331.33614     0.0576
2331.3964      0.05991
2331.45667     0.06052
2331.51693     0.05945
2331.5772      0.06033
2331.63746     0.06151
2331.69773     0.06274
2331.75799     0.06383
2331.81826     0.06358
2331.87852     0.06445
2331.93878     0.06646
2331.99905     0.06656
2332.05931     0.0665
2332.11958     0.06929
2332.17984     0.07389
2332.24011     0.07839
2332.30037     0.0844
2332.36064     0.08563
2332.4209      0.08212
2332.48117     0.07889
2332.54143     0.07612
2332.6017      0.07506
2332.66196     0.07533
2332.72223     0.07635
2332.78249     0.07697
2332.84275     0.0767
2332.90302     0.07707
2332.96328     0.07867
2333.02355     0.08004
2333.08381     0.0803
2333.14408     0.08045
2333.20434     0.08149
2333.26461     0.08327
2333.32487     0.08449
2333.38514     0.08482
2333.4454      0.08541
2333.50567     0.08695
2333.56593     0.08844
2333.62619     0.0891
2333.68646     0.08932
2333.74672     0.09072
2333.80699     0.09309
2333.86725     0.09482
2333.92752     0.09615
2333.98778     0.09982
2334.04805     0.10739
2334.10831     0.11506
2334.16858     0.11403
2334.22884     0.10875
2334.2891      0.10606
2334.34937     0.1053
2334.40963     0.10483
2334.4699      0.10446
2334.53016     0.10533
2334.59043     0.10705
2334.65069     0.10832
2334.71096     0.10893
2334.77122     0.10963
2334.83149     0.11145
2334.89175     0.1134
2334.95201     0.11453
2335.01228     0.11527
2335.07255     0.11682
2335.13281     0.11896
2335.19307     0.12054
2335.25334     0.12149
2335.3136      0.12255
2335.37387     0.12454
2335.43413     0.12683
2335.4944      0.12826
2335.55466     0.1293
2335.61493     0.13143
2335.67519     0.13474
2335.73546     0.13908
2335.79572     0.14607
2335.85598     0.15609
2335.91625     0.16014
2335.97651     0.15535
2336.03678     0.15053
2336.09704     0.14854
2336.15731     0.149
2336.21757     0.15081
2336.27784     0.15223
2336.3381      0.15301
2336.39837     0.15432
2336.45863     0.15659
2336.5189      0.1591
2336.57916     0.16075
2336.63942     0.16198
2336.69969     0.16476
2336.75995     0.16769
2336.82022     0.16975
2336.88048     0.17113
2336.94075     0.17386
2337.00101     0.17755
2337.06128     0.18042
2337.12154     0.18179
2337.18181     0.18314
2337.24207     0.18632
2337.30233     0.19006
2337.3626      0.19174
2337.42286     0.1933
2337.48313     0.19985
2337.54339     0.20954
2337.60366     0.22249
2337.66392     0.22717
2337.72419     0.22313
2337.78445     0.21996
2337.84472     0.22074
2337.90498     0.22148
2337.96524     0.22217
2338.02551     0.2241
2338.08578     0.22759
2338.14604     0.231
2338.2063      0.23425
2338.26657     0.23679
2338.32683     0.24061
2338.3871      0.24403
2338.44736     0.24766
2338.50763     0.2516
2338.56789     0.25474
2338.62816     0.2591
2338.68842     0.26321
2338.74869     0.26649
2338.80895     0.2701
2338.86921     0.27504
2338.92948     0.27992
2338.98974     0.28372
2339.05001     0.28716
2339.11027     0.29133
2339.17054     0.29728
2339.2308      0.30663
2339.29107     0.32173
2339.35133     0.33575
2339.4116      0.33788
2339.47186     0.33575
2339.53213     0.33572
2339.59239     0.33786
2339.65265     0.34197
2339.71292     0.34721
2339.77318     0.35218
2339.83345     0.35637
2339.89371     0.36136
2339.95398     0.36769
2340.01424     0.37365
2340.07451     0.3792
2340.13477     0.38473
2340.19504     0.39115
2340.2553      0.39813
2340.31556     0.40461
2340.37583     0.41066
2340.43609     0.41747
2340.49636     0.4249
2340.55662     0.4314
2340.61689     0.43756
2340.67715     0.44355
2340.73742     0.45016
2340.79768     0.45717
2340.85795     0.46415
2340.91821     0.47413
2340.97848     0.49351
2341.03874     0.51416
2341.09901     0.52166
2341.15927     0.52318
2341.21953     0.52618
2341.2798      0.53201
2341.34006     0.5387
2341.40033     0.54474
2341.46059     0.55135
2341.52086     0.55928
2341.58112     0.56801
2341.64139     0.57636
2341.70165     0.58349
2341.76192     0.59126
2341.82218     0.5999
2341.88245     0.60807
2341.94271     0.61563
2342.00297     0.62297
2342.06324     0.6308
2342.1235      0.63841
2342.18377     0.64567
2342.24403     0.65185
2342.3043      0.65787
2342.36456     0.66433
2342.42483     0.66902
2342.48509     0.67302
2342.54536     0.67918
2342.60562     0.69097
2342.66588     0.71117
2342.72615     0.72594
2342.78641     0.72736
2342.84668     0.72656
2342.90694     0.72669
2342.96721     0.72796
2343.02747     0.7308
2343.08774     0.73294
2343.148       0.73513
2343.20827     0.73844
2343.26853     0.74321
2343.32879     0.7479
2343.38906     0.74941
2343.44932     0.74992
2343.50959     0.75387
2343.56985     0.75762
2343.63012     0.75799
2343.69038     0.75682
2343.75065     0.75892
2343.81091     0.759
2343.87118     0.7581
2343.93144     0.75615
2343.99171     0.75786
2344.05197     0.76095
2344.11224     0.7601
2344.1725      0.7522
2344.23276     0.75465
2344.29303     0.77046
2344.35329     0.78023
2344.41356     0.77513
2344.47382     0.76973
2344.53409     0.76514
2344.59435     0.76152
2344.65462     0.75749
2344.71488     0.75539
2344.77515     0.75466
2344.83541     0.75283
2344.89568     0.74859
2344.95594     0.74728
2345.0162      0.74362
2345.07647     0.74023
2345.13673     0.73852
2345.197       0.73649
2345.25726     0.73521
2345.31753     0.73291
2345.37779     0.72996
2345.43806     0.72704
2345.49832     0.72526
2345.55859     0.72262
2345.61885     0.71925
2345.67911     0.71524
2345.73938     0.71069
2345.79964     0.70776
2345.85991     0.70913
2345.92017     0.71257
2345.98044     0.71222
2346.0407      0.7072
2346.10097     0.7022
2346.16123     0.69866
2346.2215      0.6942
2346.28176     0.68979
2346.34202     0.6865
2346.40229     0.68315
2346.46255     0.6798
2346.52282     0.67629
2346.58308     0.67196
2346.64335     0.66878
2346.70361     0.66619
2346.76388     0.66276
2346.82414     0.65911
2346.88441     0.65654
2346.94467     0.65386
2347.00494     0.64996
2347.0652      0.64592
2347.12547     0.64256
2347.18573     0.63907
2347.24599     0.63588
2347.30626     0.63165
2347.36652     0.62744
2347.42679     0.62582
2347.48705     0.62652
2347.54732     0.626
2347.60758     0.62286
2347.66785     0.61798
2347.72811     0.61337
2347.78838     0.60918
2347.84864     0.60514
2347.9089      0.60147
2347.96917     0.59854
2348.02943     0.59549
2348.0897      0.59159
2348.14996     0.58794
2348.21023     0.58542
2348.27049     0.58308
2348.33076     0.5802
2348.39102     0.57606
2348.45129     0.57174
2348.51155     0.56823
2348.57181     0.56568
2348.63208     0.56264
2348.69234     0.55818
2348.75261     0.55462
2348.81287     0.55199
2348.87314     0.54953
2348.9334      0.54731
2348.99367     0.54341
2349.05393     0.53971
2349.1142      0.53608
2349.17446     0.53204
2349.23473     0.52778
2349.29499     0.52451
2349.35525     0.52206
2349.41552     0.5187
2349.47578     0.51538
2349.53605     0.51255
2349.59631     0.51126
2349.65658     0.50873
2349.71684     0.50488
2349.77711     0.50027
2349.83737     0.49738
2349.89764     0.49652
2349.9579      0.49402
2350.01817     0.48947
2350.07843     0.48549
2350.1387      0.48214
2350.19896     0.4801
2350.25922     0.47899
2350.31949     0.47357
2350.37975     0.46838
2350.44002     0.46756
2350.50028     0.46567
2350.56055     0.46017
2350.62081     0.45487
2350.68108     0.45401
2350.74134     0.45437
2350.80161     0.45106
2350.86187     0.44682
2350.92213     0.44274
2350.9824      0.43918
2351.04266     0.43641
2351.10293     0.43295
2351.16319     0.42911
2351.22346     0.42759
2351.28372     0.4269
2351.34399     0.4251
2351.40425     0.42381
2351.46452     0.42293
2351.52478     0.42
2351.58505     0.41666
2351.64531     0.41288
2351.70558     0.40906
2351.76584     0.40633
2351.8261      0.40405
2351.88637     0.40037
2351.94663     0.39705
2352.0069      0.39506
2352.06716     0.39305
2352.12743     0.3906
2352.18769     0.38779
2352.24796     0.38578
2352.30822     0.38413
2352.36849     0.38179
2352.42875     0.3787
2352.48902     0.37547
2352.54928     0.37352
2352.60954     0.37176
2352.66981     0.36927
2352.73007     0.36646
2352.79034     0.36549
2352.8506      0.36837
2352.91087     0.3708
2352.97113     0.3678
2353.0314      0.3622
2353.09166     0.3579
2353.15193     0.35517
2353.21219     0.3519
2353.27245     0.34858
2353.33272     0.34634
2353.39298     0.34509
2353.45325     0.34372
2353.51351     0.34136
2353.57378     0.33872
2353.63404     0.33671
2353.69431     0.33512
2353.75457     0.33282
2353.81484     0.33019
2353.8751      0.32833
2353.93536     0.3272
2353.99563     0.32565
2354.05589     0.32351
2354.11616     0.32158
2354.17642     0.32029
2354.23669     0.31966
2354.29695     0.32121
2354.35722     0.32462
2354.41748     0.32571
2354.47775     0.32202
2354.53801     0.3166
2354.59828     0.31199
2354.65854     0.30923
2354.71881     0.30815
2354.77907     0.30709
2354.83933     0.30448
2354.8996      0.30168
2354.95986     0.30023
2355.02013     0.29926
2355.08039     0.29756
2355.14066     0.29498
2355.20092     0.2933
2355.26119     0.29285
2355.32145     0.29201
2355.38172     0.29031
2355.44198     0.2889
2355.50225     0.28744
2355.56251     0.28607
2355.62277     0.28456
2355.68304     0.28315
2355.7433      0.28485
2355.80357     0.29114
2355.86383     0.29329
2355.9241      0.28897
2355.98436     0.28384
2356.04463     0.27952
2356.10489     0.2771
2356.16516     0.27458
2356.22542     0.2732
2356.28568     0.27226
2356.34595     0.2717
2356.40621     0.27065
2356.46648     0.26873
2356.52674     0.26616
2356.58701     0.26488
2356.64727     0.26443
2356.70754     0.26315
2356.7678      0.26192
2356.82807     0.26108
2356.88833     0.26107
2356.94859     0.25899
2357.00886     0.25701
2357.06912     0.25662
2357.12939     0.25598
2357.18965     0.25967
2357.24992     0.26651
2357.31018     0.26748
2357.37045     0.26361
2357.43071     0.25906
2357.49098     0.25475
2357.55124     0.25098
2357.61151     0.25005
2357.67177     0.24863
2357.73204     0.24758
2357.7923      0.24663
2357.85256     0.24512
2357.91283     0.24436
2357.97309     0.24433
2358.03336     0.24334
2358.09362     0.24139
2358.15389     0.24021
2358.21415     0.24006
2358.27442     0.23986
2358.33468     0.23857
2358.39495     0.23737
2358.45521     0.23705
2358.51548     0.23775
2358.57574     0.24054
2358.636       0.24646
2358.69627     0.25028
2358.75653     0.24697
2358.8168      0.24103
2358.87706     0.23621
2358.93733     0.23332
2358.99759     0.23233
2359.05786     0.23159
2359.11812     0.22983
2359.17839     0.22793
2359.23865     0.22719
2359.29891     0.22711
2359.35918     0.22663
2359.41944     0.22568
2359.47971     0.22464
2359.53997     0.22436
2359.60024     0.22419
2359.6605      0.22317
2359.72077     0.22179
2359.78103     0.22125
2359.8413      0.22184
2359.90156     0.22258
2359.96182     0.22525
2360.02209     0.23167
2360.08235     0.2363
2360.14262     0.23152
2360.20288     0.22454
2360.26315     0.22005
2360.32341     0.21774
2360.38368     0.21691
2360.44394     0.21596
2360.50421     0.21441
2360.56447     0.21357
2360.62474     0.2136
2360.685       0.21318
2360.74527     0.21188
2360.80553     0.21056
2360.86579     0.21038
2360.92606     0.21065
2360.98632     0.21005
2361.04659     0.20901
2361.10685     0.20857
2361.16712     0.20907
2361.22738     0.20982
2361.28765     0.2112
2361.34791     0.21539
2361.40818     0.22214
2361.46844     0.22215
2361.52871     0.21602
2361.58897     0.21071
2361.64923     0.20739
2361.7095      0.20624
2361.76976     0.20536
2361.83003     0.20382
2361.89029     0.20248
2361.95056     0.20231
2362.01082     0.20215
2362.07109     0.20102
2362.13135     0.1993
2362.19162     0.19887
2362.25188     0.1993
2362.31214     0.19965
2362.37241     0.19958
2362.43267     0.19841
2362.49294     0.19771
2362.5532      0.19784
2362.61347     0.19876
2362.67373     0.20416
2362.734       0.21165
2362.79426     0.21204
2362.85453     0.20392
2362.91479     0.19877
2362.97505     0.19561
2363.03532     0.19416
2363.09559     0.19319
2363.15585     0.19167
2363.21611     0.1909
2363.27638     0.19159
2363.33664     0.19119
2363.39691     0.19077
2363.45717     0.19015
2363.51744     0.18852
2363.5777      0.19031
2363.63797     0.1908
2363.69823     0.18885
2363.7585      0.18854
2363.81876     0.18769
2363.87902     0.18945
2363.93929     0.19334
2363.99955     0.19828
2364.05982     0.20122
2364.12008     0.20057
2364.18035     0.19526
2364.24061     0.18977
2364.30088     0.18638
2364.36114     0.18531
2364.42141     0.18528
2364.48167     0.18408
2364.54194     0.18256
2364.6022      0.18209
2364.66246     0.18223
2364.72273     0.18212
2364.78299     0.18101
2364.84326     0.18026
2364.90352     0.18058
2364.96379     0.18094
2365.02405     0.18024
2365.08432     0.17891
2365.14458     0.17908
2365.20485     0.18211
2365.26511     0.18732
2365.32537     0.19202
2365.38564     0.19179
2365.4459      0.18683
2365.50617     0.18252
2365.56643     0.17972
2365.6267      0.17739
2365.68696     0.17649
2365.74723     0.1765
2365.80749     0.17606
2365.86776     0.17475
2365.92802     0.17378
2365.98828     0.17376
2366.04855     0.17409
2366.10882     0.17335
2366.16908     0.17225
2366.22934     0.17245
2366.28961     0.17309
2366.34987     0.17296
2366.41014     0.17273
2366.4704      0.17384
2366.53067     0.17878
2366.59093     0.18373
2366.6512      0.18166
2366.71146     0.17669
2366.77173     0.17259
2366.83199     0.17071
2366.89226     0.16935
2366.95252     0.16749
2367.01278     0.16664
2367.07305     0.16673
2367.13331     0.16649
2367.19358     0.16543
2367.25384     0.16435
2367.31411     0.1644
2367.37437     0.16495
2367.43464     0.16455
2367.4949      0.16356
2367.55517     0.16336
2367.61543     0.16432
2367.67569     0.16583
2367.73596     0.16861
2367.79622     0.17334
2367.85649     0.17491
2367.91675     0.17096
2367.97702     0.16622
2368.03728     0.16241
2368.09755     0.1607
2368.15781     0.16079
2368.21808     0.1603
2368.27834     0.15857
2368.3386      0.15728
2368.39887     0.15789
2368.45913     0.15791
2368.5194      0.15706
2368.57966     0.15584
2368.63993     0.15564
2368.70019     0.1566
2368.76046     0.15633
2368.82072     0.15559
2368.88099     0.15456
2368.94125     0.15746
2369.00152     0.16138
2369.06178     0.16241
2369.12205     0.15925
2369.18231     0.15718
2369.24257     0.15418
2369.30284     0.15307
2369.3631      0.15259
2369.42337     0.14943
2369.48363     0.14915
2369.5439      0.15087
2369.60416     0.15014
2369.66443     0.14861
2369.72469     0.1487
2369.78496     0.14913
2369.84522     0.14872
2369.90549     0.14784
2369.96575     0.14752
2370.02601     0.14766
2370.08628     0.14969
2370.14654     0.15168
2370.20681     0.15497
2370.26707     0.15566
2370.32734     0.15159
2370.3876      0.14704
2370.44787     0.14415
2370.50813     0.14338
2370.56839     0.14316
2370.62866     0.14213
2370.68892     0.14058
2370.74919     0.13977
2370.80945     0.13982
2370.86972     0.13992
2370.92998     0.13916
2370.99025     0.13806
2371.05051     0.13752
2371.11078     0.13798
2371.17104     0.13826
2371.23131     0.13829
2371.29157     0.14015
2371.35183     0.14373
2371.4121      0.14457
2371.47236     0.14011
2371.53263     0.1358
2371.59289     0.13417
2371.65316     0.13375
2371.71342     0.13304
2371.77369     0.13164
2371.83395     0.13056
2371.89422     0.1306
2371.95448     0.13064
2372.01475     0.12956
2372.07501     0.12845
2372.13528     0.12859
2372.19554     0.12922
2372.2558      0.12898
2372.31607     0.12804
2372.37633     0.12845
2372.4366      0.1314
2372.49686     0.13433
2372.55713     0.13278
2372.61739     0.12851
2372.67766     0.12595
2372.73792     0.12505
2372.79819     0.12411
2372.85845     0.12236
2372.91871     0.12151
2372.97898     0.12195
2373.03924     0.12153
2373.09951     0.11992
2373.15977     0.11908
2373.22004     0.11907
2373.2803      0.11912
2373.34057     0.11877
2373.40083     0.11782
2373.4611      0.1181
2373.52136     0.12025
2373.58162     0.12253
2373.64189     0.12228
2373.70215     0.11914
2373.76242     0.11682
2373.82268     0.1157
2373.88295     0.11429
2373.94321     0.1127
2374.00348     0.11209
2374.06374     0.11234
2374.12401     0.11196
2374.18427     0.1108
2374.24454     0.10985
2374.3048      0.11027
2374.36507     0.11044
2374.42533     0.10936
2374.48559     0.10852
2374.54586     0.10875
2374.60612     0.11057
2374.66639     0.11283
2374.72665     0.11237
2374.78692     0.11045
2374.84718     0.10809
2374.90745     0.10644
2374.96771     0.10451
2375.02798     0.10339
2375.08824     0.10294
2375.14851     0.10305
2375.20877     0.1029
2375.26903     0.10058
2375.3293      0.09983
2375.38956     0.10112
2375.44983     0.10032
2375.51009     0.09938
2375.57036     0.09798
2375.63062     0.10021
2375.69089     0.10319
2375.75115     0.10326
2375.81142     0.10117
2375.87168     0.09912
2375.93194     0.0991
2375.99221     0.0983
2376.05247     0.0954
2376.11274     0.09468
2376.173       0.09476
2376.23327     0.09407
2376.29353     0.09326
2376.3538      0.0926
2376.41406     0.09204
2376.47433     0.09226
2376.53459     0.09161
2376.59486     0.09093
2376.65512     0.09116
2376.71539     0.09216
2376.77565     0.09335
2376.83591     0.09236
2376.89618     0.08956
2376.95644     0.0878
2377.01671     0.08785
2377.07697     0.08738
2377.13724     0.08578
2377.1975      0.08455
2377.25777     0.08455
2377.31803     0.08462
2377.3783      0.08373
2377.43856     0.08266
2377.49883     0.08223
2377.55909     0.0826
2377.61935     0.08252
2377.67962     0.08173
2377.73988     0.08159
2377.80015     0.08241
2377.86041     0.08199
2377.92068     0.07978
2377.98094     0.07777
2378.04121     0.07722
2378.10147     0.07745
2378.16174     0.07683
2378.222       0.07546
2378.28226     0.0744
2378.34253     0.07452
2378.40279     0.07453
2378.46306     0.07356
2378.52332     0.07245
2378.58359     0.07236
2378.64385     0.07279
2378.70412     0.0727
2378.76438     0.07205
2378.82465     0.07106
2378.88491     0.07053
2378.94517     0.06981
2379.00544     0.06824
2379.0657      0.06688
2379.12597     0.06659
2379.18623     0.0667
2379.2465      0.06585
2379.30676     0.06414
2379.36703     0.06321
2379.42729     0.06329
2379.48756     0.06327
2379.54782     0.0619
2379.60809     0.06068
2379.66835     0.06121
2379.72862     0.06187
2379.78888     0.06064
2379.84914     0.05846
2379.90941     0.05729
2379.96967     0.05713
2380.02994     0.05654
2380.0902      0.05505
2380.15047     0.05379
2380.21073     0.05364
2380.271       0.0536
2380.33126     0.05255
2380.39153     0.05085
2380.45179     0.05019
2380.51206     0.05072
2380.57232     0.05071
2380.63258     0.0497
2380.69285     0.04894
2380.75311     0.04858
2380.81338     0.04778
2380.87364     0.0464
2380.93391     0.04546
2380.99417     0.04538
2381.05444     0.04535
2381.1147      0.04365
2381.17497     0.04243
2381.23523     0.04216
2381.29549     0.04149
2381.35576     0.04139
2381.41602     0.04094
2381.47629     0.03957
2381.53655     0.04001
2381.59682     0.04189
2381.65708     0.04031
2381.71735     0.03704
2381.77761     0.03595
2381.83788     0.03669
2381.89814     0.03713
2381.9584      0.03417
2382.01867     0.03304
2382.07893     0.03181
2382.1392      0.03297
2382.19946     0.03357
2382.25973     0.03233
2382.31999     0.03188
2382.38026     0.03151
2382.44052     0.03103
2382.50079     0.03021
2382.56105     0.02908
2382.62132     0.02952
2382.68158     0.02939
2382.74185     0.02826
2382.80211     0.02739
2382.86237     0.02633
2382.92264     0.0261
2382.9829      0.02672
2383.04317     0.02563
2383.10343     0.02443
2383.1637      0.02443
2383.22396     0.02493
2383.28423     0.02478
2383.34449     0.02387
2383.40476     0.02332
2383.46502     0.02344
2383.52529     0.02324
2383.58555     0.02223
2383.64581     0.02132
2383.70608     0.02168
2383.76634     0.02202
2383.82661     0.02136
2383.88687     0.02035
2383.94714     0.0202
2384.0074      0.02089
2384.06767     0.0209
2384.12793     0.01986
2384.1882      0.01929
2384.24846     0.01976
2384.30872     0.02005
2384.36899     0.01927
2384.42925     0.01828
2384.48952     0.01833
2384.54978     0.01886
2384.61005     0.01859
2384.67031     0.0178
2384.73058     0.01756
2384.79084     0.01821
2384.85111     0.01852
2384.91137     0.01791
2384.97163     0.0171
2385.0319      0.01727
2385.09216     0.018
2385.15243     0.0179
2385.21269     0.01706
2385.27296     0.01671
2385.33322     0.01745
2385.39349     0.01774
2385.45375     0.01704
2385.51402     0.01638
2385.57428     0.01672
2385.63455     0.0175
2385.69481     0.01724
2385.75508     0.01642
2385.81534     0.0163
2385.8756      0.01696
2385.93587     0.01708
2385.99613     0.01611
2386.0564      0.01543
2386.11666     0.01591
2386.17693     0.01648
2386.23719     0.01609
2386.29746     0.01519
2386.35772     0.01524
2386.41799     0.01608
2386.47825     0.01621
2386.53852     0.01526
2386.59878     0.01473
2386.65904     0.01531
2386.71931     0.01582
2386.77957     0.01552
2386.83984     0.01465
2386.9001      0.01438
2386.96037     0.01497
2387.02063     0.01545
2387.0809      0.01499
2387.14116     0.01456
2387.20143     0.01521
2387.26169     0.01568
2387.32195     0.01457
2387.38222     0.01408
2387.44248     0.01445
2387.50275     0.01475
2387.56301     0.01464
2387.62328     0.01477
2387.68354     0.01513
2387.74381     0.0156
2387.80407     0.01524
2387.86434     0.0151
2387.9246      0.01503
2387.98486     0.01406
2388.04513     0.01502
2388.1054      0.01503
2388.16566     0.01381
2388.22592     0.01243
2388.28619     0.01218
2388.34645     0.01314
2388.40672     0.01279
2388.46698     0.0116
2388.52725     0.01216
2388.58751     0.01327
2388.64778     0.01262
2388.70804     0.01246
2388.76831     0.01255
2388.82857     0.01229
2388.88883     0.01347
2388.9491      0.0129
2389.00936     0.01188
2389.06963     0.01269
2389.12989     0.01334
2389.19016     0.01208
2389.25042     0.01182
2389.31069     0.01184
2389.37095     0.01241
2389.43122     0.01288
2389.49148     0.01177
2389.55175     0.01141
2389.61201     0.01244
2389.67227     0.01292
2389.73254     0.01255
2389.7928      0.012
2389.85307     0.01219
2389.91333     0.0129
2389.9736      0.01312
2390.03386     0.01231
2390.09413     0.01185
2390.15439     0.01233
2390.21466     0.01284
2390.27492     0.01227
2390.33518     0.01138
2390.39545     0.01155
2390.45571     0.0125
2390.51598     0.01258
2390.57624     0.01152
2390.63651     0.011
2390.69677     0.01163
2390.75704     0.01222
2390.8173      0.01158
2390.87757     0.01079
2390.93783     0.01133
2390.99809     0.01212
2391.05836     0.01182
2391.11863     0.01079
2391.17889     0.01052
2391.23915     0.01137
2391.29942     0.01185
2391.35968     0.01118
2391.41995     0.01045
2391.48021     0.011
2391.54048     0.0117
2391.60074     0.0115
2391.66101     0.01037
2391.72127     0.01018
2391.78154     0.01113
2391.8418      0.01142
2391.90206     0.01099
2391.96233     0.01038
2392.02259     0.01063
2392.08286     0.0113
2392.14312     0.01121
2392.20339     0.01042
2392.26365     0.01029
2392.32392     0.01103
2392.38418     0.0113
2392.44445     0.01061
2392.50471     0.01011
2392.56497     0.01069
2392.62524     0.01129
2392.6855      0.01078
2392.74577     0.01003
2392.80603     0.01005
2392.8663      0.01054
2392.92656     0.01066
2392.98683     0.01019
2393.04709     0.00963
2393.10736     0.00977
2393.16762     0.01023
2393.22789     0.00995
2393.28815     0.00904
2393.34841     0.00919
2393.40868     0.01011
2393.46894     0.01005
2393.52921     0.00931
2393.58947     0.00868
2393.64974     0.00985
2393.71        0.01105
2393.77027     0.00969
2393.83053     0.00831
2393.8908      0.00898
2393.95106     0.01077
2394.01133     0.01073
2394.07159     0.0096
2394.13186     0.00918
2394.19212     0.01009
2394.25238     0.01101
2394.31265     0.00942
2394.37291     0.01009
2394.43318     0.01069
2394.49344     0.0098
2394.55371     0.01056
2394.61397     0.00928
2394.67424     0.00941
2394.7345      0.00991
2394.79477     0.00931
2394.85503     0.00816
2394.91529     0.00883
2394.97556     0.01
2395.03582     0.00932
2395.09609     0.00924
2395.15635     0.00874
2395.21662     0.00905
2395.27688     0.01061
2395.33715     0.01016
2395.39741     0.00876
2395.45768     0.00786
2395.51794     0.00851
2395.5782      0.00968
2395.63847     0.00906
2395.69873     0.00811
2395.759       0.00796
2395.81926     0.00918
2395.87953     0.00942
2395.93979     0.00847
2396.00006     0.00807
2396.06032     0.00887
2396.12059     0.00942
2396.18085     0.00896
2396.24112     0.00824
2396.30138     0.00834
2396.36165     0.00923
2396.42191     0.00933
2396.48217     0.00859
2396.54244     0.00833
2396.6027      0.00905
2396.66297     0.00952
2396.72323     0.0089
2396.7835      0.00811
2396.84376     0.00844
2396.90403     0.00921
2396.96429     0.00901
2397.02456     0.00823
2397.08482     0.00793
2397.14509     0.00854
2397.20535     0.00908
2397.26561     0.0083
2397.32588     0.00768
2397.38614     0.00826
2397.44641     0.00874
2397.50667     0.00828
2397.56694     0.0078
2397.6272      0.00773
2397.68747     0.00832
2397.74773     0.00877
2397.808       0.00798
2397.86826     0.00728
2397.92852     0.00788
2397.98879     0.00852
2398.04905     0.00833
2398.10932     0.00753
2398.16958     0.00743
2398.22985     0.00823
2398.29011     0.00861
2398.35038     0.00777
2398.41064     0.00731
2398.47091     0.00804
2398.53117     0.00849
2398.59143     0.00802
2398.6517      0.00744
2398.71197     0.00761
2398.77223     0.00848
2398.83249     0.00861
2398.89276     0.0077
2398.95302     0.00732
2399.01329     0.00797
2399.07355     0.00843
2399.13382     0.00776
2399.19408     0.00709
2399.25435     0.00731
2399.31461     0.00802
2399.37488     0.00794
2399.43514     0.00714
2399.4954      0.00681
2399.55567     0.00757
2399.61593     0.00801
2399.6762      0.00707
2399.73646     0.00648
2399.79673     0.00733
2399.85699     0.00763
2399.91726     0.00745
2399.97752     0.0065
2400.03779     0.0062
2400.09805     0.00753
2400.15832     0.00776
2400.21858     0.00663
2400.27884     0.00605
2400.33911     0.00646
2400.39937     0.0076
2400.45964     0.00747
2400.5199      0.00664
2400.58017     0.00663
2400.64043     0.00805
2400.7007      0.0101
2400.76096     0.00856
2400.82123     0.00677
2400.88149     0.00675
2400.94175     0.00866
2401.00202     0.00626
2401.06228     0.00521
2401.12255     0.00692
2401.18281     0.00752
2401.24308     0.00744
2401.30334     0.00623
2401.36361     0.00567
2401.42387     0.00705
2401.48414     0.00803
2401.5444      0.00714
2401.60466     0.00679
2401.66493     0.0074
2401.7252      0.00745
2401.78546     0.00719
2401.84572     0.00648
2401.90599     0.00607
2401.96625     0.00592
2402.02652     0.00703
2402.08678     0.00691
2402.14705     0.00593
2402.20731     0.00585
2402.26758     0.00663
2402.32784     0.00715
2402.38811     0.00665
2402.44837     0.00599
2402.50863     0.00654
2402.5689      0.00725
2402.62916     0.00667
2402.68943     0.00588
2402.74969     0.00628
2402.80996     0.0072
2402.87022     0.00697
2402.93049     0.00636
2402.99075     0.00635
2403.05102     0.00692
2403.11128     0.00724
2403.17155     0.0067
2403.23181     0.00599
2403.29207     0.00636
2403.35234     0.00711
2403.4126      0.00707
2403.47287     0.00619
2403.53313     0.00599
2403.5934      0.00673
2403.65366     0.00694
2403.71393     0.00628
2403.77419     0.00565
2403.83446     0.00622
2403.89472     0.00708
2403.95498     0.00662
2404.01525     0.00564
2404.07551     0.0055
2404.13578     0.00626
2404.19604     0.00658
2404.25631     0.00594
2404.31657     0.00541
2404.37684     0.00585
2404.4371      0.00656
2404.49737     0.00621
2404.55763     0.0052
2404.6179      0.00539
2404.67816     0.00615
2404.73843     0.00639
2404.79869     0.0057
2404.85895     0.00537
2404.91922     0.00601
2404.97948     0.00679
2405.03975     0.00641
2405.10001     0.00562
2405.16028     0.00581
2405.22054     0.00653
2405.28081     0.00652
2405.34107     0.00587
2405.40134     0.00567
2405.4616      0.00643
2405.52187     0.00695
2405.58213     0.00597
2405.64239     0.00493
2405.70266     0.00542
2405.76292     0.00643
2405.82319     0.00623
2405.88345     0.0055
2405.94372     0.00545
2406.00398     0.00581
2406.06425     0.00645
2406.12451     0.00546
2406.18478     0.00443
2406.24504     0.00492
2406.3053      0.0063
2406.36557     0.00611
2406.42583     0.00457
2406.4861      0.00375
2406.54636     0.0056
2406.60663     0.00576
2406.66689     0.00383
2406.72716     0.00411
2406.78742     0.00526
2406.84769     0.00637
2406.90795     0.00521
2406.96821     0.00473
2407.02848     0.00591
2407.08874     0.00745
2407.14901     0.007
2407.20927     0.00575
2407.26954     0.00548
2407.3298      0.00648
2407.39007     0.00493
2407.45033     0.00556
2407.5106      0.00579
2407.57086     0.00512
2407.63113     0.00544
2407.69139     0.00586
2407.75166     0.00583
2407.81192     0.00434
2407.87218     0.00521
2407.93245     0.00614
2407.99271     0.00592
2408.05298     0.00617
2408.11324     0.0054
2408.17351     0.00633
2408.23377     0.00665
2408.29404     0.00451
2408.3543      0.00414
2408.41457     0.00513
2408.47483     0.00551
2408.5351      0.00482
2408.59536     0.00454
2408.65562     0.00503
2408.71589     0.00561
2408.77615     0.00526
2408.83642     0.00471
2408.89668     0.00421
2408.95695     0.00511
2409.01721     0.00571
2409.07748     0.00507
2409.13774     0.00434
2409.19801     0.00482
2409.25827     0.0056
2409.31853     0.00551
2409.3788      0.00477
2409.43906     0.00475
2409.49933     0.00553
2409.55959     0.00575
2409.61986     0.00506
2409.68012     0.00456
2409.74039     0.00502
2409.80065     0.00567
2409.86092     0.00548
2409.92118     0.00457
2409.98144     0.00424
2410.04171     0.00502
2410.10197     0.00574
2410.16224     0.0048
2410.2225      0.00406
2410.28277     0.00456
2410.34303     0.00524
2410.4033      0.00487
2410.46356     0.004
2410.52383     0.00412
2410.58409     0.00495
2410.64436     0.00497
2410.70462     0.00386
2410.76489     0.00347
2410.82515     0.00434
2410.88541     0.00515
2410.94568     0.00456
2411.00594     0.00378
2411.06621     0.00401
2411.12647     0.00452
2411.18674     0.00469
2411.247       0.00417
2411.30727     0.00392
2411.36753     0.00443
2411.4278      0.00503
2411.48806     0.00467
2411.54833     0.00398
2411.60859     0.00423
2411.66885     0.00501
2411.72912     0.00503
2411.78938     0.00426
2411.84965     0.00423
2411.90991     0.00494
2411.97018     0.00509
2412.03044     0.00459
2412.09071     0.00394
2412.15097     0.00425
2412.21124     0.00529
2412.2715      0.00535
2412.33176     0.00412
2412.39203     0.00401
2412.45229     0.00448
2412.51256     0.00484
2412.57282     0.00436
2412.63309     0.00434
2412.69335     0.00508
2412.75362     0.00546
2412.81388     0.0035
2412.87415     0.00222
2412.93441     0.00418
2412.99467     0.00568
2413.05494     0.00577
2413.1152      0.0057
2413.17547     0.00362
2413.23573     0.00272
2413.296       0.00381
2413.35626     0.0033
2413.41653     0.00241
2413.47679     0.00247
2413.53706     0.00355
2413.59732     0.00424
2413.65759     0.00434
2413.71785     0.00398
2413.77812     0.00446
2413.83838     0.00578
2413.89864     0.00666
2413.95891     0.00445
2414.01917     0.00263
2414.07944     0.00301
2414.1397      0.00343
2414.19997     0.00415
2414.26023     0.00423
2414.3205      0.00488
2414.38076     0.00479
2414.44103     0.00418
2414.50129     0.00346
2414.56156     0.00337
2414.62182     0.00407
2414.68208     0.00389
2414.74235     0.00288
2414.80261     0.00253
2414.86288     0.00332
2414.92314     0.0042
2414.98341     0.00375
2415.04367     0.00277
2415.10394     0.00296
2415.1642      0.00385
2415.22447     0.00362
2415.28473     0.00253
2415.34499     0.00232
2415.40526     0.00324
2415.46552     0.00391
2415.52579     0.00323
2415.58605     0.00266
2415.64632     0.00323
2415.70658     0.00408
2415.76685     0.0039
2415.82711     0.00291
2415.88738     0.0028
2415.94764     0.00383
2416.0079      0.00426
2416.06817     0.00349
2416.12844     0.0031
2416.1887      0.00351
2416.24896     0.00424
2416.30923     0.00386
2416.36949     0.00316
2416.42976     0.00348
2416.49002     0.00392
2416.55029     0.00398
2416.61055     0.00321
2416.67082     0.00286
2416.73108     0.00351
2416.79135     0.00388
2416.85161     0.00352
2416.91187     0.00264
2416.97214     0.00263
2417.0324      0.00369
2417.09267     0.00384
2417.15293     0.00306
2417.2132      0.00263
2417.27346     0.0032
2417.33373     0.00378
2417.39399     0.00326
2417.45426     0.00239
2417.51452     0.00251
2417.57478     0.00307
2417.63505     0.00328
2417.69531     0.00281
2417.75558     0.00241
2417.81584     0.00306
2417.87611     0.00361
2417.93637     0.00302
2417.99664     0.00244
2418.0569      0.00268
2418.11717     0.00345
2418.17743     0.00368
2418.2377      0.0033
2418.29796     0.00304
2418.35822     0.00335
2418.41849     0.00381
2418.47875     0.00324
2418.53902     0.00226
2418.59928     0.00277
2418.65955     0.00354
2418.71981     0.00315
2418.78008     0.00222
2418.84034     0.00208
2418.90061     0.00243
2418.96087     0.00379
2419.02114     0.00458
2419.0814      0.00368
2419.14167     0.00313
2419.20193     0.00261
2419.26219     0.00408
2419.32246     0.00282
2419.38272     9.32568E-4
2419.44299     0.0021
2419.50325     0.00407
2419.56352     0.00298
2419.62378     7.59456E-4
2419.68405     0.00142
2419.74431     0.00297
2419.80458     0.00343
2419.86484     0.0025
2419.9251      0.00277
2419.98537     0.00384
2420.04563     0.00312
2420.1059      0.00375
2420.16616     0.00315
2420.22643     0.00267
2420.28669     0.00367
2420.34696     0.00322
2420.40722     0.00261
2420.46749     0.00398
2420.52775     0.0035
2420.58801     0.00326
2420.64828     0.0027
2420.70854     0.00102
2420.76881     0.00282
2420.82907     0.00412
2420.88934     0.0027
2420.9496      0.00228
2421.00987     0.00229
2421.07013     0.00287
2421.1304      0.00286
2421.19066     0.00188
2421.25093     0.00185
2421.31119     0.00256
2421.37146     0.00293
2421.43172     0.00239
2421.49198     0.00176
2421.55225     0.00255
2421.61251     0.0032
2421.67278     0.00264
2421.73304     0.00173
2421.79331     0.00159
2421.85357     0.00252
2421.91384     0.00289
2421.9741      0.00223
2422.03437     0.00158
2422.09463     0.00182
2422.1549      0.00264
2422.21516     0.00271
2422.27542     0.00204
2422.33569     0.00195
2422.39595     0.00264
2422.45622     0.00306
2422.51648     0.00215
2422.57675     0.00145
2422.63701     0.00232
2422.69728     0.00306
2422.75754     0.00292
2422.81781     0.00234
2422.87807     0.00237
2422.93833     0.00283
2422.9986      0.00298
2423.05886     0.0025
2423.11913     0.00207
2423.17939     0.00247
2423.23966     0.00297
2423.29992     0.00243
2423.36019     0.00159
2423.42045     0.00202
2423.48072     0.00269
2423.54098     0.00276
2423.60124     0.00186
2423.66151     0.00158
2423.72177     0.00246
2423.78204     0.00291
2423.8423      0.00203
2423.90257     0.00111
2423.96283     0.00146
2424.0231      0.00231
2424.08336     0.00226
2424.14363     0.00154
2424.20389     0.00138
2424.26416     0.00224
2424.32442     0.00258
2424.38469     0.00167
2424.44495     0.00109
2424.50521     0.0015
2424.56548     0.00257
2424.62574     0.00251
2424.68601     0.00154
2424.74627     0.00139
2424.80654     0.00193
2424.8668      0.00236
2424.92707     0.00241
2424.98733     0.00211
2425.0476      0.00223
2425.10786     0.00281
2425.16813     0.0019
2425.22839     0.00168
2425.28865     0.00198
2425.34892     0.00293
2425.40918     0.0037
2425.46945     0.00241
2425.52971     0.00199
2425.58998     0.00316
2425.65024     0.00427
2425.71051     0.0034
2425.77077     0.00206
2425.83104     0.00156
2425.8913      8.34534E-4
2425.95156     0.00254
2426.01183     0.00344
2426.07209     0.00305
2426.13236     0.00234
2426.19262     0.00122
2426.25289     0.00206
2426.31315     5.13087E-4
2426.37342    -5.10691E-4
2426.43368     3.76531E-4
2426.49395     8.90753E-4
2426.55421    -2.41025E-4
2426.61447    -0.00107
2426.67474     0.00196
2426.73501     0.00265
2426.79527     0.00202
2426.85553     0.00205
2426.9158      0.00221
2426.97606     0.0025
2427.03633     0.00265
2427.09659     0.00145
2427.15686     6.92194E-4
2427.21712     9.31416E-4
2427.27739     0.00283
2427.33765     0.00234
2427.39792     3.39082E-4
2427.45818     9.83304E-4
2427.51844     0.00198
2427.57871     0.00147
2427.63897     6.31969E-4
2427.69924     0.00109
2427.7595      0.00207
2427.81977     0.00231
2427.88003     0.00129
2427.9403      8.09079E-4
2428.00056     0.00147
2428.06083     0.00224
2428.12109     0.00202
2428.18136     0.00104
2428.24162     7.83188E-4
2428.30188     0.00134
2428.36215     0.00143
2428.42241     8.20854E-4
2428.48268     7.03076E-4
2428.54294     0.00123
2428.60321     0.00164
2428.66347     0.00128
2428.72374     4.66964E-4
2428.784       8.11186E-4
2428.84427     0.00164
2428.90453     0.00179
2428.96479     0.00127
2429.02506     5.40073E-4
2429.08532     0.00116
2429.14559     0.00208
2429.20585     0.00168
2429.26612     9.94961E-4
2429.32638     0.00109
2429.38665     0.00182
2429.44691     0.00168
2429.50718     8.60848E-4
2429.56744     6.6807E-4
2429.62771     0.00149
2429.68797     0.00209
2429.74824     0.0015
2429.8085      9.06958E-4
2429.86876     0.00118
2429.92903     0.00173
2429.98929     0.00177
2430.04956     0.00103
2430.10982     8.11067E-4
2430.17009     0.00141
2430.23035     0.00166
2430.29062     0.00101
2430.35088     4.39955E-4
2430.41115     7.84177E-4
2430.47141     0.00142
2430.53168     0.00137
2430.59194     4.55843E-4
2430.6522      3.00065E-4
2430.71247     0.00119
2430.77273     0.00136
2430.833       5.2173E-4
2430.89326    -2.08048E-4
2430.95353     3.65174E-4
2431.01379     0.00138
2431.07406     0.00135
2431.13432     8.8084E-4
2431.19459     6.54062E-4
2431.25485     0.00111
2431.31511     0.00165
2431.37538     0.00113
2431.43564     1.25949E-4
2431.49591     1.41712E-5
2431.55617     7.95393E-4
2431.61644     0.00162
2431.6767      6.39837E-4
2431.73697    -3.69412E-5
2431.79723     0.00157
2431.8575      0.00112
2431.91776    -0.00134
2431.97802     3.63946E-4
2432.03829     0.00289
2432.09855     0.00312
2432.15882     0.0027
2432.21908     0.00303
2432.27935     0.00322
2432.33961     0.00221
2432.39988    -4.915E-4
2432.46014    -2.65278E-4
2432.52041     0.00106
2432.58067     0.00202
2432.64094     0.00213
2432.7012      0.00167
2432.76147    -5.01169E-4
2432.82173    -7.73947E-4
2432.88199     8.68275E-4
2432.94226     8.99497E-4
2433.00252     8.60719E-4
2433.06279     9.77941E-4
2433.12305     5.51163E-4
2433.18332     7.34385E-4
2433.24358     1.61606E-4
2433.30385     5.28828E-4
2433.36411     7.3405E-4
2433.42438     0.00129
2433.48464     0.001
2433.54491     9.4716E-5
2433.60517     4.79938E-4
2433.66543     0.00111
2433.7257      0.00102
2433.78596     6.24604E-4
2433.84623     6.71825E-4
2433.90649     0.00105
2433.96676     0.00151
2434.02702     0.0012
2434.08729     3.45713E-4
2434.14755     7.04935E-4
2434.20782     0.00138
2434.26808     0.00139
2434.32834     6.25601E-4
2434.38861     2.83823E-4
2434.44887     0.00101
2434.50914     0.00174
2434.5694      0.00148
2434.62967     6.1271E-4
2434.68993     4.60932E-4
2434.7502      0.00125
2434.81046     0.00116
2434.87073     1.32598E-4
2434.93099    -1.3618E-4
2434.99125     7.74042E-4
2435.05152     0.00145
2435.11178     9.98485E-4
2435.17205     2.20707E-4
2435.23231     2.87929E-4
2435.29258     0.00108
2435.35284     0.00137
2435.41311     4.08595E-4
2435.47337     5.18169E-5
2435.53364     7.41039E-4
2435.5939      0.00135
2435.65417     8.68483E-4
2435.71443     4.14705E-4
2435.7747      6.80926E-4
2435.83496     0.00148
2435.89522     0.00166
2435.95549     7.26592E-4
2436.01575     5.87814E-4
2436.07602     0.00156
2436.13628     0.0018
2436.19655     0.00127
2436.25681     6.50702E-4
2436.31708     0.0011
2436.37734     0.00177
2436.43761     0.00147
2436.49787     6.48589E-4
2436.55814     4.51811E-4
2436.6184      0.00109
2436.67866     0.00133
2436.73893     7.38477E-4
2436.79919     4.28699E-4
2436.85946     9.34921E-4
2436.91972     0.00129
2436.97999     9.09365E-4
2437.04025     3.05586E-4
2437.10052     4.59808E-4
2437.16078     9.5803E-4
2437.22104     9.80252E-4
2437.28131     7.32474E-4
2437.34157     3.05696E-4
2437.40184     8.63918E-4
2437.4621      0.00147
2437.52237     8.82362E-4
2437.58263    -2.56416E-4
2437.6429     -1.19454E-6
2437.70316     9.39027E-4
2437.76343     9.26249E-4
2437.82369     7.64471E-4
2437.88396     0.00134
2437.94422     0.00203
2438.00448     0.00203
2438.06475     0.00128
2438.12501    -0.00167
2438.18528    -0.0019
2438.24554    -6.64975E-4
2438.30581     1.51246E-4
2438.36607     6.66468E-4
2438.42634    -1.9531E-4
2438.4866      4.01912E-4
2438.54687     0.00204
2438.60713     6.13559E-5
2438.6674     -0.00118
2438.72766     5.668E-4
2438.78793     0.0026
2438.84819     0.00204
2438.90845     0.00192
2438.96872     0.00135
2439.02898     0.00101
2439.08925     1.81131E-4
2439.14951     1.39353E-4
2439.20978     5.61575E-4
2439.27004     0.00103
2439.33031     0.00142
2439.39057     6.60241E-4
2439.45084    -9.24537E-4
2439.5111     -5.89315E-4
2439.57136     7.29906E-4
2439.63163     5.91128E-4
2439.69189     4.13502E-5
2439.75216    -3.14279E-5
2439.81242     1.69794E-4
2439.87269     0.00104
2439.93295     7.88238E-4
2439.99322    -5.05403E-5
2440.05348    -7.03184E-5
2440.11375     6.33904E-4
2440.17401     0.00118
2440.23428     2.59347E-4
2440.29454    -4.14307E-5
2440.3548      4.95791E-4
2440.41507     0.0014
2440.47533     7.72235E-4
2440.5356      1.63457E-4
2440.59586     3.15679E-4
2440.65613     0.00107
2440.71639     0.00119
2440.77666    -8.56555E-5
2440.83692    -4.27434E-4
2440.89719     5.07788E-4
2440.95745     0.00114
2441.01772     7.76232E-4
2441.07798     6.6454E-5
2441.13825    -1.43241E-5
2441.19851     7.82898E-4
2441.25877     8.6012E-4
2441.31904    -4.46584E-5
2441.3793     -2.34436E-4
2441.43957     4.08785E-4
2441.49983     8.63007E-4
2441.5601      1.46229E-4
2441.62036    -4.07549E-4
2441.68063     8.16731E-5
2441.74089     8.31895E-4
2441.80116     7.35117E-4
2441.86142     2.63388E-5
2441.92168    -9.14393E-5
2441.98195     6.10783E-4
2442.04221     9.42004E-4
2442.10248     5.50226E-4
2442.16274    -1.03552E-4
2442.22301     8.76702E-5
2442.28327     8.24892E-4
2442.34354     6.13114E-4
2442.4038      4.33359E-5
2442.46407     4.05578E-5
2442.52433     6.5578E-4
2442.58459     0.00112
2442.64486     5.14224E-4
2442.70512     6.74454E-5
2442.76539     7.48667E-4
2442.82565     0.00123
2442.88592     5.94111E-4
2442.94618    -1.27667E-4
2443.00645    -1.58445E-4
2443.06671     5.86777E-4
2443.12698     8.84999E-4
2443.18724     3.64221E-4
2443.24751    -2.20557E-4
2443.30777     2.01664E-4
2443.36804     9.76886E-4
2443.4283      8.59108E-4
2443.48856     1.3433E-4
2443.54883    -6.04479E-5
2443.60909     1.89774E-4
2443.66936     1.43996E-4
2443.72962    -8.86782E-4
2443.78989    -7.2056E-4
2443.85015     6.43662E-4
2443.91042     7.37884E-4
2443.97068    -1.68946E-5
2444.03095    -6.37673E-4
2444.09121    -5.26451E-4
2444.15148    -9.52289E-5
2444.21174     2.08993E-4
2444.272       6.44215E-4
2444.33227    -1.66563E-4
2444.39253    -6.93412E-5
2444.4528     -5.83119E-4
2444.51306     4.25103E-4
2444.57333     3.60324E-4
2444.63359    -4.10454E-4
2444.69386     1.14768E-4
2444.75412     0.00103
2444.81439     0.00132
2444.87465     6.26434E-4
2444.93491     0.00112
2444.99518     0.0017
2445.05544    -1.229E-4
2445.11571    -0.00152
2445.17597    -0.00204
2445.23624     1.60765E-4
2445.2965      4.59987E-4
2445.35677    -0.00104
2445.41703     0.00111
2445.4773      0.00113
2445.53756     5.60875E-4
2445.59782    -0.00129
2445.65809    -6.55681E-4
2445.71835     0.00146
2445.77862     0.00155
2445.83888     0.00101
2445.89915     0.00149
2445.95941     7.64428E-4
2446.01968    -1.73498E-5
2446.07994    -9.21128E-4
2446.14021    -7.92906E-4
2446.20047    -0.00119
2446.26074    -9.85462E-4
2446.321       5.5076E-4
2446.38127     0.00127
2446.44153     8.83203E-4
2446.50179     2.88425E-4
2446.56206     0.00105
2446.62232     0.0012
2446.68259     2.54091E-4
2446.74285    -1.12687E-4
2446.80312     5.64535E-4
2446.86338     0.00119
2446.92365     5.13979E-4
2446.98391    -1.30799E-4
2447.04418     3.28423E-4
2447.10444     0.00104
2447.16471     0.00112
2447.22497     4.33088E-4
2447.28523     6.03102E-5
2447.3455      5.59532E-4
2447.40576     0.00122
2447.46603     8.21976E-4
2447.52629    -3.28022E-5
2447.58656     1.8742E-4
2447.64682     9.36642E-4
2447.70709     9.48864E-4
2447.76735     2.04085E-4
2447.82762    -1.99693E-4
2447.88788     4.81529E-4
2447.94814     0.00102
2448.00841     4.16973E-4
2448.06867    -5.72805E-4
2448.12894     9.41685E-6
2448.1892      7.75639E-4
2448.24947     3.53861E-4
2448.30973    -4.35917E-4
2448.37       -3.50696E-4
2448.43026     5.83526E-4
2448.49053     8.63748E-4
2448.55079    -6.90298E-5
2448.61105    -3.60808E-4
2448.67132     3.21414E-4
2448.73158     8.11636E-4
2448.79185     5.81858E-4
2448.85211    -1.5492E-4
2448.91238     7.43016E-5
2448.97264     7.48523E-4
2449.03291     0.00105
2449.09317     2.94967E-4
2449.15344    -2.71811E-4
2449.2137      3.14411E-4
2449.27397     0.00108
2449.33423     8.12855E-4
2449.3945     -2.49923E-4
2449.45476    -3.10701E-4
2449.51502     8.24521E-4
2449.57529     0.001
2449.63555     1.49645E-5
2449.69582    -4.42814E-4
2449.75608     7.13408E-4
2449.81635     0.00129
2449.87661     4.77852E-4
2449.93688    -4.08926E-4
2449.99714    -6.00704E-4
