2250.03919     0.0021
2250.09946     0.00177
2250.15972     0.00105
2250.21999     0.00108
2250.28025     0.00185
2250.34051     0.00194
2250.40078     0.0012
2250.46104     8.79751E-4
2250.52131     0.0015
2250.58157     0.00206
2250.64184     0.00159
2250.7021      8.87751E-4
2250.76237     0.00108
2250.82263     0.00187
2250.8829      0.00198
2250.94316     0.0013
2251.00342     0.00105
2251.06369     0.00171
2251.12395     0.00224
2251.18422     0.00182
2251.24448     0.00116
2251.30475     0.00145
2251.36501     0.00225
2251.42528     0.00226
2251.48554     0.00155
2251.54581     0.00132
2251.60607     0.00197
2251.66633     0.00243
2251.7266      0.0019
2251.78686     0.00132
2251.84713     0.00163
2251.90739     0.00227
2251.96766     0.00218
2252.02792     0.00146
2252.08819     0.00132
2252.14845     0.00193
2252.20872     0.0022
2252.26898     0.00154
2252.32925     0.00103
2252.38951     0.00139
2252.44978     0.00201
2252.51004     0.0017
2252.5703      8.88751E-4
2252.63057     9.04751E-4
2252.69083     0.00166
2252.7511      0.00196
2252.81136     0.00128
2252.87163     7.65751E-4
2252.93189     0.00126
2252.99216     0.00192
2253.05242     0.00169
2253.11269     9.89751E-4
2253.17295     0.00114
2253.23322     0.00186
2253.29348     0.00201
2253.35374     0.00144
2253.41401     0.0011
2253.47427     0.00163
2253.53454     0.00218
2253.5948      0.00176
2253.65507     0.00116
2253.71533     0.00145
2253.7756      0.00215
2253.83586     0.00225
2253.89613     0.00159
2253.95639     0.00126
2254.01665     0.00186
2254.07692     0.00228
2254.13718     0.00176
2254.19745     0.00117
2254.25771     0.00143
2254.31798     0.00209
2254.37824     0.00195
2254.43851     0.00116
2254.49877     0.00101
2254.55904     0.00163
2254.6193      0.00192
2254.67956     0.00132
2254.73983     7.31751E-4
2254.80009     0.00104
2254.86036     0.00176
2254.92062     0.00164
2254.98089     8.95751E-4
2255.04115     7.87751E-4
2255.10142     0.00144
2255.16168     0.00182
2255.22195     0.00125
2255.28221     7.85751E-4
2255.34248     0.00127
2255.40274     0.00182
2255.46301     0.00164
2255.52327     8.92751E-4
2255.58353     8.66751E-4
2255.6438      0.00172
2255.70406     0.00211
2255.76433     0.0016
2255.82459     0.00121
2255.88486     0.00181
2255.94512     0.0023
2256.00539     0.00199
2256.06565     0.00129
2256.12592     0.0013
2256.18618     0.002
2256.24645     0.00224
2256.30671     0.00159
2256.36697     0.00115
2256.42724     0.00153
2256.4875      0.00215
2256.54777     0.00181
2256.60803     0.00103
2256.6683      0.00112
2256.72856     0.00186
2256.78883     0.0019
2256.84909     0.00114
2256.90935     8.54751E-4
2256.96962     0.00145
2257.02988     0.00188
2257.09015     0.00142
2257.15041     7.36751E-4
2257.21068     8.96751E-4
2257.27094     0.00161
2257.33121     0.0016
2257.39147     8.13751E-4
2257.45174     5.76751E-4
2257.512       0.00137
2257.57227     0.00187
2257.63253     0.00142
2257.69279     9.64751E-4
2257.75306     0.00132
2257.81332     0.00204
2257.87359     0.00198
2257.93385     0.00132
2257.99412     0.00127
2258.05438     0.00198
2258.11465     0.00231
2258.17491     0.0017
2258.23518     0.00119
2258.29544     0.00159
2258.35571     0.00219
2258.41597     0.00194
2258.47624     0.00129
2258.5365      0.00125
2258.59676     0.00193
2258.65703     0.00214
2258.71729     0.00142
2258.77756     9.01751E-4
2258.83782     0.00132
2258.89809     0.00189
2258.95835     0.00153
2259.01862     8.32751E-4
2259.07888     8.76751E-4
2259.13915     0.00152
2259.19941     0.0016
2259.25967     9.29751E-4
2259.31994     4.82751E-4
2259.3802      9.27751E-4
2259.44047     0.00154
2259.50073     0.00132
2259.561       7.58751E-4
2259.62126     9.81751E-4
2259.68153     0.00176
2259.74179     0.00184
2259.80206     0.00117
2259.86232     9.13751E-4
2259.92258     0.00155
2259.98285     0.00214
2260.04311     0.0017
2260.10338     0.00109
2260.16364     0.00139
2260.22391     0.00216
2260.28417     0.00217
2260.34444     0.00144
2260.4047      0.00121
2260.46497     0.00189
2260.52523     0.00232
2260.5855      0.00188
2260.64576     0.00126
2260.70603     0.0015
2260.76629     0.00225
2260.82656     0.00208
2260.88682     0.00125
2260.94708     0.00101
2261.00735     0.00165
2261.06761     0.00193
2261.12788     0.00122
2261.18814     6.43751E-4
2261.24841     9.45751E-4
2261.30867     0.00164
2261.36894     0.00152
2261.4292      7.50751E-4
2261.48947     6.89751E-4
2261.54973     0.00144
2261.60999     0.00177
2261.67026     0.00117
2261.73052     6.32751E-4
2261.79079     0.00109
2261.85105     0.00181
2261.91132     0.00162
2261.97158     9.79751E-4
2262.03185     0.00106
2262.09211     0.00192
2262.15238     0.00219
2262.21264     0.0015
2262.2729      0.00122
2262.33317     0.0018
2262.39343     0.00233
2262.4537      0.00203
2262.51396     0.00135
2262.57423     0.00147
2262.63449     0.00227
2262.69476     0.00235
2262.75502     0.00164
2262.81529     0.00128
2262.87555     0.00189
2262.93582     0.00228
2262.99608     0.00171
2263.05635     9.70751E-4
2263.11661     0.00113
2263.17687     0.00179
2263.23714     0.00185
2263.2974      0.00117
2263.35767     8.79751E-4
2263.41793     0.00159
2263.4782      0.00202
2263.53846     0.00144
2263.59873     8.07751E-4
2263.65899     0.00114
2263.71926     0.00185
2263.77952     0.00175
2263.83979     0.00107
2263.90005     9.11751E-4
2263.96031     0.00164
2264.02058     0.00211
2264.08084     0.00157
2264.14111     0.00104
2264.20137     0.00145
2264.26164     0.00215
2264.3219      0.002
2264.38217     0.00137
2264.44243     0.00142
2264.5027      0.00209
2264.56296     0.0024
2264.62322     0.00184
2264.68349     0.00137
2264.74375     0.00176
2264.80402     0.00234
2264.86428     0.00207
2264.92455     0.00136
2264.98481     0.00145
2265.04508     0.00234
2265.10534     0.00261
2265.16561     0.00195
2265.22587     0.00152
2265.28613     0.00205
2265.3464      0.00262
2265.40666     0.00227
2265.46693     0.00164
2265.52719     0.0018
2265.58746     0.00247
2265.64772     0.00245
2265.70799     0.0016
2265.76825     0.00118
2265.82852     0.00174
2265.88878     0.00224
2265.94905     0.00177
2266.00931     0.00117
2266.06958     0.0014
2266.12984     0.00208
2266.1901      0.00209
2266.25037     0.00141
2266.31063     0.00123
2266.3709      0.00185
2266.43116     0.00228
2266.49143     0.00176
2266.55169     0.00121
2266.61196     0.00148
2266.67222     0.00217
2266.73249     0.00216
2266.79275     0.00149
2266.85302     0.00143
2266.91328     0.0022
2266.97354     0.00263
2267.03381     0.00213
2267.09407     0.00153
2267.15434     0.0019
2267.2146      0.0026
2267.27487     0.00235
2267.33513     0.00155
2267.3954      0.00152
2267.45566     0.00218
2267.51593     0.00249
2267.57619     0.00189
2267.63645     0.00133
2267.69672     0.00178
2267.75698     0.00229
2267.81725     0.00197
2267.87751     0.00123
2267.93778     0.00114
2267.99804     0.00192
2268.05831     0.00221
2268.11857     0.00149
2268.17884     0.00105
2268.2391      0.00155
2268.29936     0.00213
2268.35963     0.00174
2268.41989     0.00101
2268.48016     0.00106
2268.54042     0.00189
2268.60069     0.00213
2268.66095     0.00162
2268.72122     0.00141
2268.78148     0.00201
2268.84175     0.00268
2268.90201     0.00237
2268.96228     0.0017
2269.02254     0.00186
2269.08281     0.00249
2269.14307     0.00261
2269.20333     0.00188
2269.2636      0.00156
2269.32386     0.00234
2269.38413     0.00279
2269.44439     0.00223
2269.50466     0.00153
2269.56492     0.00186
2269.62519     0.00258
2269.68545     0.00235
2269.74572     0.00146
2269.80598     0.00121
2269.86625     0.00188
2269.92651     0.00225
2269.98677     0.00169
2270.04704     9.74751E-4
2270.1073      0.00127
2270.16757     0.00183
2270.22783     0.00156
2270.2881      8.54751E-4
2270.34836     9.18751E-4
2270.40863     0.0018
2270.46889     0.00214
2270.52916     0.00156
2270.58942     0.00112
2270.64968     0.00165
2270.70995     0.00234
2270.77021     0.00205
2270.83048     0.00135
2270.89074     0.00145
2270.95101     0.00221
2271.01127     0.00243
2271.07154     0.0018
2271.1318      0.00143
2271.19207     0.00201
2271.25233     0.00262
2271.31259     0.00227
2271.37286     0.00159
2271.43313     0.00172
2271.49339     0.00246
2271.55365     0.00253
2271.61392     0.00179
2271.67418     0.0014
2271.73445     0.00196
2271.79471     0.00244
2271.85498     0.00181
2271.91524     9.77751E-4
2271.97551     0.00114
2272.03577     0.00189
2272.09604     0.00203
2272.1563      0.00138
2272.21656     0.00109
2272.27683     0.00169
2272.33709     0.0021
2272.39736     0.00161
2272.45762     0.00102
2272.51789     0.00135
2272.57815     0.0021
2272.63842     0.00202
2272.69868     0.00123
2272.75895     0.00108
2272.81921     0.00186
2272.87948     0.00235
2272.93974     0.00179
2273.          0.00128
2273.06027     0.00173
2273.12053     0.00243
2273.1808      0.00234
2273.24106     0.0017
2273.30133     0.00165
2273.36159     0.00237
2273.42186     0.00268
2273.48212     0.00211
2273.54239     0.00157
2273.60265     0.00191
2273.66291     0.00249
2273.72318     0.00228
2273.78344     0.00161
2273.84371     0.0016
2273.90397     0.0023
2273.96424     0.00258
2274.0245      0.00187
2274.08477     0.00145
2274.14503     0.00198
2274.2053      0.0025
2274.26556     0.00214
2274.32582     0.00145
2274.38609     0.00147
2274.44636     0.00208
2274.50662     0.00228
2274.56688     0.00153
2274.62715     0.00132
2274.68741     0.00192
2274.74768     0.00243
2274.80794     0.00192
2274.86821     0.00128
2274.92847     0.0015
2274.98874     0.0022
2275.049       0.00233
2275.10927     0.00168
2275.16953     0.00149
2275.22979     0.00208
2275.29006     0.00247
2275.35032     0.00202
2275.41059     0.00146
2275.47085     0.00194
2275.53112     0.00282
2275.59138     0.00281
2275.65165     0.00223
2275.71191     0.00211
2275.77218     0.00272
2275.83244     0.00311
2275.89271     0.00265
2275.95297     0.00208
2276.01323     0.00238
2276.0735      0.00305
2276.13376     0.00289
2276.19403     0.00215
2276.25429     0.00213
2276.31456     0.00277
2276.37482     0.00301
2276.43509     0.00244
2276.49535     0.00195
2276.55562     0.00229
2276.61588     0.00287
2276.67614     0.0027
2276.73641     0.00196
2276.79667     0.00197
2276.85694     0.00262
2276.9172      0.00279
2276.97747     0.00214
2277.03773     0.00168
2277.098       0.00225
2277.15826     0.00305
2277.21853     0.00287
2277.27879     0.00233
2277.33906     0.00255
2277.39932     0.00327
2277.45959     0.00349
2277.51985     0.00288
2277.58011     0.00256
2277.64038     0.00318
2277.70064     0.00387
2277.76091     0.00354
2277.82117     0.00295
2277.88144     0.00319
2277.9417      0.00399
2278.00197     0.00416
2278.06223     0.00346
2278.1225      0.00323
2278.18276     0.00383
2278.24303     0.00421
2278.30329     0.00376
2278.36355     0.00329
2278.42382     0.00359
2278.48408     0.00428
2278.54435     0.00412
2278.60461     0.00341
2278.66488     0.00325
2278.72514     0.00392
2278.78541     0.00448
2278.84567     0.004
2278.90594     0.00351
2278.9662      0.00396
2279.02646     0.00472
2279.08673     0.00474
2279.14699     0.00408
2279.20726     0.0041
2279.26752     0.00497
2279.32779     0.00536
2279.38805     0.005
2279.44832     0.0047
2279.50858     0.00532
2279.56885     0.00626
2279.62911     0.0063
2279.68937     0.00586
2279.74964     0.00616
2279.8099      0.00729
2279.87017     0.00798
2279.93043     0.00779
2279.9907      0.00781
2280.05096     0.00878
2280.11123     0.00984
2280.17149     0.00993
2280.23176     0.00949
2280.29202     0.00961
2280.35229     0.01042
2280.41255     0.01058
2280.47282     0.0099
2280.53308     0.00952
2280.59334     0.01008
2280.65361     0.01076
2280.71387     0.01048
2280.77414     0.01011
2280.8344      0.01078
2280.89467     0.01208
2280.95493     0.01292
2281.0152      0.01304
2281.07546     0.01374
2281.13573     0.01547
2281.19599     0.01721
2281.25625     0.01819
2281.31652     0.01913
2281.37678     0.02088
2281.43705     0.0231
2281.49731     0.02464
2281.55758     0.02531
2281.61784     0.02639
2281.67811     0.02839
2281.73837     0.03042
2281.79864     0.0316
2281.8589      0.03295
2281.91916     0.03559
2281.97943     0.03886
2282.03969     0.04171
2282.09996     0.04414
2282.16022     0.04726
2282.22049     0.05125
2282.28075     0.05478
2282.34102     0.05704
2282.40128     0.05874
2282.46155     0.06052
2282.52181     0.06159
2282.58208     0.0607
2282.64234     0.0583
2282.7026      0.05575
2282.76287     0.05331
2282.82313     0.04994
2282.8834      0.04581
2282.94366     0.0421
2283.00393     0.03949
2283.06419     0.03717
2283.12446     0.03402
2283.18472     0.03062
2283.24499     0.02821
2283.30525     0.0266
2283.36552     0.02464
2283.42578     0.02198
2283.48605     0.01997
2283.54631     0.01902
2283.60657     0.01815
2283.66684     0.01647
2283.7271      0.01456
2283.78737     0.01357
2283.84763     0.01317
2283.9079      0.01228
2283.96816     0.01073
2284.02843     0.00977
2284.08869     0.00978
2284.14896     0.0098
2284.20922     0.00892
2284.26948     0.00793
2284.32975     0.00797
2284.39001     0.00859
2284.45028     0.00852
2284.51054     0.00787
2284.57081     0.0078
2284.63107     0.00866
2284.69134     0.00934
2284.7516      0.00923
2284.81187     0.00912
2284.87213     0.00986
2284.93239     0.01081
2284.99266     0.01076
2285.05293     0.00995
2285.11319     0.00954
2285.17345     0.00969
2285.23372     0.00938
2285.29398     0.00817
2285.35425     0.00699
2285.41451     0.00681
2285.47478     0.00692
2285.53504     0.00616
2285.59531     0.00496
2285.65557     0.00453
2285.71584     0.00494
2285.7761      0.00495
2285.83636     0.00411
2285.89663     0.00352
2285.95689     0.00384
2286.01716     0.00425
2286.07742     0.00383
2286.13769     0.00298
2286.19795     0.00298
2286.25822     0.00361
2286.31848     0.0037
2286.37875     0.00312
2286.43901     0.0027
2286.49928     0.00318
2286.55954     0.00363
2286.6198      0.00326
2286.68007     0.00256
2286.74033     0.00257
2286.8006      0.00318
2286.86086     0.00303
2286.92113     0.00228
2286.98139     0.00198
2287.04166     0.00253
2287.10192     0.00292
2287.16219     0.00237
2287.22245     0.00158
2287.28271     0.00178
2287.34298     0.00237
2287.40324     0.00234
2287.46351     0.0017
2287.52377     0.00143
2287.58404     0.00183
2287.6443      0.00222
2287.70457     0.00184
2287.76483     0.0012
2287.8251      0.00128
2287.88536     0.00191
2287.94563     0.00194
2288.00589     0.00122
2288.06616     0.00108
2288.12642     0.00174
2288.18668     0.00214
2288.24695     0.00169
2288.30721     0.00127
2288.36748     0.00169
2288.42774     0.00236
2288.48801     0.00219
2288.54827     0.00141
2288.60854     0.0014
2288.6688      0.00203
2288.72907     0.00227
2288.78933     0.00177
2288.8496      0.00137
2288.90986     0.00186
2288.97012     0.00241
2289.03039     0.00209
2289.09065     0.00137
2289.15092     0.00143
2289.21118     0.00209
2289.27145     0.00224
2289.33171     0.00159
2289.39198     0.00121
2289.45224     0.00171
2289.51251     0.00225
2289.57277     0.00183
2289.63303     0.00111
2289.6933      0.0012
2289.75356     0.00185
2289.81383     0.00186
2289.87409     0.00108
2289.93436     7.98751E-4
2289.99462     0.00134
2290.05489     0.00172
2290.11515     0.00128
2290.17542     6.35751E-4
2290.23568     9.18751E-4
2290.29594     0.0017
2290.35621     0.00178
2290.41647     0.00119
2290.47674     0.00105
2290.537       0.00173
2290.59727     0.00218
2290.65753     0.00168
2290.7178      0.00119
2290.77806     0.00155
2290.83833     0.00226
2290.89859     0.00219
2290.95886     0.00144
2291.01912     0.00129
2291.07939     0.00198
2291.13965     0.00231
2291.19991     0.00168
2291.26018     0.00122
2291.32044     0.00164
2291.38071     0.00215
2291.44097     0.00184
2291.50124     9.28751E-4
2291.5615      7.44751E-4
2291.62177     0.00149
2291.68203     0.0018
2291.7423      0.00121
2291.80256     8.00751E-4
2291.86283     0.00138
2291.92309     0.00206
2291.98335     0.00167
2292.04362     9.22751E-4
2292.10388     9.53751E-4
2292.16415     0.00156
2292.22441     0.00176
2292.28468     0.00112
2292.34494     8.23751E-4
2292.40521     0.00133
2292.46547     0.00186
2292.52574     0.00161
2292.586       9.57751E-4
2292.64626     0.00116
2292.70653     0.00198
2292.76679     0.0021
2292.82706     0.00142
2292.88732     0.00118
2292.94759     0.00166
2293.00785     0.002
2293.06812     0.00163
2293.12838     0.00108
2293.18865     0.00126
2293.24891     0.002
2293.30917     0.00212
2293.36944     0.00135
2293.4297      0.00119
2293.48997     0.00191
2293.55023     0.0022
2293.6105      0.00148
2293.67076     8.75751E-4
2293.73103     0.00113
2293.79129     0.00161
2293.85156     0.00173
2293.91182     0.00122
2293.97209     0.00103
2294.03235     0.00173
2294.09262     0.00197
2294.15288     0.00121
2294.21314     6.54751E-4
2294.27341     9.75751E-4
2294.33367     0.0015
2294.39394     0.00121
2294.4542      4.30751E-4
2294.51447     5.85751E-4
2294.57473     0.00164
2294.635       0.00201
2294.69526     0.00136
2294.75553     9.57751E-4
2294.81579     0.00139
2294.87606     0.00204
2294.93632     0.00179
2294.99658     0.00114
2295.05685     0.00133
2295.11711     0.00207
2295.17738     0.00221
2295.23764     0.00154
2295.29791     0.00116
2295.35817     0.00168
2295.41844     0.00225
2295.4787      0.00193
2295.53897     0.00126
2295.59923     0.00139
2295.65949     0.00205
2295.71976     0.00201
2295.78002     0.00114
2295.84029     6.91726E-4
2295.90055     0.00113
2295.96082     0.00155
2296.02108     0.00112
2296.08135     6.04018E-4
2296.14161     0.00102
2296.20188     0.00182
2296.26214     0.00178
2296.3224      0.00101
2296.38267     7.42633E-4
2296.44293     0.00131
2296.5032      0.00179
2296.56346     0.00139
2296.62373     8.13924E-4
2296.68399     0.00112
2296.74426     0.00181
2296.80452     0.00171
2296.86479     9.44216E-4
2296.92505     7.81539E-4
2296.98532     0.00143
2297.04558     0.00182
2297.10585     0.00122
2297.16611     7.2783E-4
2297.22637     0.00123
2297.28664     0.002
2297.3469      0.0019
2297.40717     0.00126
2297.46743     0.00116
2297.5277      0.00179
2297.58796     0.00213
2297.64823     0.0016
2297.70849     0.0012
2297.76876     0.00171
2297.82902     0.00229
2297.88929     0.00203
2297.94955     0.00122
2298.00981     0.00119
2298.07008     0.00173
2298.13034     0.00165
2298.19061     7.1232E-4
2298.25087     1.49643E-4
2298.31114     6.54966E-4
2298.3714      0.00123
2298.43167     9.00612E-4
2298.49193     2.42934E-4
2298.5522      5.71257E-4
2298.61246     0.00149
2298.67272     0.00166
2298.73299     0.00105
2298.79325     6.79549E-4
2298.85352     0.00135
2298.91378     0.0018
2298.97405     0.00127
2299.03431     7.40841E-4
2299.09458     0.00102
2299.15484     0.0018
2299.21511     0.00177
2299.27537     0.0011
2299.33563     0.00103
2299.3959      0.00165
2299.45617     0.0021
2299.51643     0.0015
2299.57669     8.65747E-4
2299.63696     0.00112
2299.69722     0.00174
2299.75749     0.00174
2299.81775     0.00122
2299.87802     0.0011
2299.93828     0.00182
2299.99855     0.00219
2300.05881     0.00159
2300.11908     0.00105
2300.17934     0.00139
2300.2396      0.00174
2300.29987     0.00126
2300.36013     2.37945E-4
2300.4204     -1.34732E-4
2300.48066     4.98591E-4
2300.54093     0.00108
2300.60119     8.40236E-4
2300.66146     6.39559E-4
2300.72172     0.00114
2300.78199     0.0018
2300.84225     0.00157
2300.90252     7.37851E-4
2300.96278     5.91174E-4
2301.02304     0.00126
2301.08331     0.00161
2301.14357     0.00108
2301.20384     6.93465E-4
2301.2641      0.00124
2301.32437     0.00184
2301.38463     0.00157
2301.4449      0.00102
2301.50516     0.00107
2301.56543     0.00169
2301.62569     0.00181
2301.68595     0.00121
2301.74622     0.00104
2301.80648     0.0018
2301.86675     0.00235
2301.92701     0.00192
2301.98728     0.00133
2302.04754     0.0015
2302.10781     0.0021
2302.16807     0.00197
2302.22834     0.00109
2302.2886      7.87278E-4
2302.34886     0.00136
2302.40913     0.00164
2302.4694      8.34247E-4
2302.52966    -2.4243E-4
2302.58992    -4.52108E-4
2302.65019     2.89215E-4
2302.71045     8.10538E-4
2302.77072     5.93861E-4
2302.83098     6.19184E-4
2302.89125     0.0014
2302.95151     0.00177
2303.01178     0.00125
2303.07204     7.60476E-4
2303.13231     0.0011
2303.19257     0.00186
2303.25283     0.00156
2303.3131      7.85767E-4
2303.37336     6.6709E-4
2303.43363     0.00124
2303.49389     0.00152
2303.55416     9.38059E-4
2303.61442     4.96382E-4
2303.67469     9.85705E-4
2303.73495     0.00175
2303.79522     0.00174
2303.85548     0.00123
2303.91574     0.00133
2303.97601     0.00208
2304.03627     0.00226
2304.09654     0.00161
2304.1568      0.00128
2304.21707     0.0018
2304.27733     0.00232
2304.3376      0.00188
2304.39786     0.00107
2304.45813     9.30903E-4
2304.51839     0.00127
2304.57866     8.80549E-4
2304.63892    -3.37129E-4
2304.69918    -0.00114
2304.75945    -7.53483E-4
2304.81971     3.0084E-4
2304.87998     7.06163E-4
2304.94024     5.16486E-4
2305.00051     9.89809E-4
2305.06077     0.00173
2305.12104     0.00176
2305.1813      0.00103
2305.24157     7.79101E-4
2305.30183     0.00145
2305.3621      0.00182
2305.42236     0.00117
2305.48263     5.79392E-4
2305.54289     8.04715E-4
2305.60315     0.00135
2305.66342     0.0012
2305.72368     6.33684E-4
2305.78395     8.48007E-4
2305.84421     0.00159
2305.90448     0.00197
2305.96474     0.0016
2306.02501     0.00121
2306.08527     0.00164
2306.14554     0.00233
2306.2058      0.0021
2306.26606     0.00146
2306.32633     0.00133
2306.38659     0.0019
2306.44686     0.00202
2306.50712     0.00122
2306.56739     5.64205E-4
2306.62765     7.56528E-4
2306.68792     0.00127
2306.74818     6.02173E-4
2306.80845    -0.00104
2306.86871    -0.00179
2306.92897    -8.56858E-4
2306.98924     3.49465E-4
2307.0495      5.03788E-4
2307.10977     4.28111E-4
2307.17003     0.0012
2307.2303      0.00192
2307.29056     0.00164
2307.35083     9.06403E-4
2307.41109     9.36725E-4
2307.47136     0.00154
2307.53162     0.00159
2307.59189     7.40694E-4
2307.65215     5.20017E-4
2307.71242     0.00149
2307.77268     0.00215
2307.83294     0.00177
2307.89321     0.00109
2307.95347     0.00133
2308.01374     0.00205
2308.074       0.00209
2308.13427     0.00139
2308.19453     0.00123
2308.2548      0.00188
2308.31506     0.0023
2308.37533     0.00174
2308.43559     9.89215E-4
2308.49586     0.00115
2308.55612     0.00177
2308.61638     0.00177
2308.67665     0.00102
2308.73691     5.91829E-4
2308.79718     7.13152E-4
2308.85744     2.66475E-4
2308.91771    -0.00129
2308.97797    -0.0025
2309.03824    -0.00165
2309.0985      2.75767E-4
2309.15877     0.00108
2309.21903     8.00413E-4
2309.27929     8.97736E-4
2309.33956     0.0016
2309.39982     0.00175
2309.46009     0.00104
2309.52035     4.81027E-4
2309.58062     9.5435E-4
2309.64088     0.00177
2309.70115     0.00168
2309.76141     0.00106
2309.82168     0.00118
2309.88194     0.00197
2309.9422      0.00225
2310.00247     0.00161
2310.06274     0.00125
2310.123       0.00173
2310.18326     0.0022
2310.24353     0.00175
2310.30379     0.00102
2310.36406     0.00111
2310.42432     0.00159
2310.48459     0.00163
2310.54485     0.00122
2310.60512     0.00113
2310.66538     0.00179
2310.72565     0.00224
2310.78591     0.00152
2310.84617     2.81131E-4
2310.90644    -3.95546E-4
2310.9667     -9.27223E-4
2311.02697    -0.00224
2311.08723    -0.00316
2311.1475     -0.0018
2311.20776     4.01069E-4
2311.26803     0.00152
2311.32829     0.00121
2311.38856     5.04038E-4
2311.44882     6.97361E-4
2311.50909     0.00152
2311.56935     0.00171
2311.62961     0.00124
2311.68988     0.00131
2311.75014     0.00203
2311.81041     0.00247
2311.87067     0.00191
2311.93094     0.00134
2311.9912      0.00173
2312.05147     0.00231
2312.11173     0.00214
2312.172       0.00139
2312.23226     0.00109
2312.29252     0.00167
2312.35279     0.00183
2312.41305     0.00112
2312.47332     0.0011
2312.53358     0.00191
2312.59385     0.00239
2312.65411     0.00216
2312.71438     0.0016
2312.77464     0.00156
2312.83491     0.00189
2312.89517     0.00145
2312.95543    -3.55567E-4
2313.0157     -0.00262
2313.07597    -0.00409
2313.13623    -0.00388
2313.19649    -0.0024
2313.25676    -0.00108
2313.31702    -5.66292E-5
2313.37729     0.00109
2313.43755     0.00164
2313.49782     0.0014
2313.55808     0.00148
2313.61835     0.00211
2313.67861     0.00277
2313.73888     0.00244
2313.79914     0.00178
2313.85941     0.00196
2313.91967     0.00264
2313.97993     0.0026
2314.0402      0.00178
2314.10046     0.00128
2314.16073     0.00162
2314.22099     0.00182
2314.28126     0.00135
2314.34152     9.7286E-4
2314.40179     0.00158
2314.46205     0.00256
2314.52232     0.00266
2314.58258     0.00195
2314.64284     0.00181
2314.70311     0.00244
2314.76337     0.00266
2314.82364     0.00183
2314.8839      6.80766E-4
2314.94417     2.90894E-5
2315.00443    -9.18588E-4
2315.0647     -0.00346
2315.12496    -0.00631
2315.18523    -0.00603
2315.24549    -0.00266
2315.30575     1.04027E-4
2315.36602     9.5335E-4
2315.42628     0.00131
2315.48655     0.00223
2315.54681     0.00308
2315.60708     0.003
2315.66734     0.00237
2315.72761     0.00235
2315.78787     0.00296
2315.84814     0.00305
2315.9084      0.00224
2315.96867     0.00162
2316.02893     0.00193
2316.0892      0.00227
2316.14946     0.00188
2316.20972     0.0015
2316.26999     0.00199
2316.33025     0.00295
2316.39052     0.00326
2316.45078     0.00268
2316.51105     0.00224
2316.57131     0.0028
2316.63158     0.00328
2316.69184     0.00281
2316.75211     0.00195
2316.81237     0.00169
2316.87264     0.00177
2316.9329      7.09746E-4
2316.99316    -0.00206
2317.05343    -0.00525
2317.11369    -0.00736
2317.17396    -0.00691
2317.23422    -0.00404
2317.29449    -0.00111
2317.35475     0.00107
2317.41502     0.00267
2317.47528     0.0031
2317.53555     0.00265
2317.59581     0.00268
2317.65607     0.0034
2317.71634     0.00373
2317.7766      0.00303
2317.83687     0.00225
2317.89713     0.00234
2317.9574      0.00282
2318.01766     0.00282
2318.07793     0.00258
2318.13819     0.00276
2318.19846     0.00354
2318.25872     0.00386
2318.31898     0.0033
2318.37925     0.00277
2318.43951     0.00314
2318.49978     0.00385
2318.56004     0.00361
2318.62031     0.00272
2318.68057     0.00247
2318.74084     0.00273
2318.8011      0.00225
2318.86137     4.03079E-4
2318.92163    -0.00158
2318.9819     -0.00297
2319.04216    -0.00484
2319.10243    -0.00779
2319.16269    -0.00821
2319.22295    -0.0041
2319.28322     3.14339E-4
2319.34348     0.00224
2319.40375     0.00239
2319.46401     0.00259
2319.52428     0.00356
2319.58454     0.00422
2319.64481     0.00381
2319.70507     0.00293
2319.76534     0.00287
2319.8256      0.00379
2319.88587     0.00433
2319.94613     0.00402
2320.00639     0.00395
2320.06666     0.00464
2320.12692     0.00515
2320.18719     0.00475
2320.24745     0.00417
2320.30772     0.00434
2320.36798     0.0049
2320.42825     0.00466
2320.48851     0.00371
2320.54878     0.00317
2320.60904     0.00341
2320.6693      0.00338
2320.72957     0.00238
2320.78983     0.00135
2320.8501      9.70735E-4
2320.91036     4.10577E-5
2320.97063    -0.00308
2321.03089    -0.00776
2321.09116    -0.0099
2321.15142    -0.00634
2321.21169    -0.00137
2321.27195     0.00119
2321.33221     0.00235
2321.39248     0.00353
2321.45274     0.0044
2321.51301     0.00422
2321.57327     0.00359
2321.63354     0.00406
2321.6938      0.00542
2321.75407     0.00604
2321.81433     0.00567
2321.8746      0.00546
2321.93486     0.00609
2321.99513     0.00672
2322.05539     0.0064
2322.11566     0.00569
2322.17592     0.00578
2322.23618     0.00643
2322.29645     0.00629
2322.35671     0.00531
2322.41698     0.00462
2322.47724     0.00482
2322.53751     0.0053
2322.59777     0.00509
2322.65804     0.00423
2322.7183      0.00373
2322.77857     0.00331
2322.83883     0.00138
2322.8991     -0.00284
2322.95936    -0.00784
2323.01962    -0.01008
2323.07989    -0.00689
2323.14015    -0.00216
2323.20042     8.51328E-4
2323.26068     0.00298
2323.32095     0.00456
2323.38121     0.00536
2323.44148     0.00559
2323.50174     0.00617
2323.56201     0.00732
2323.62227     0.00796
2323.68253     0.00756
2323.7428      0.0072
2323.80306     0.00773
2323.86333     0.00855
2323.92359     0.00843
2323.98386     0.00767
2324.04412     0.00742
2324.10439     0.00789
2324.16465     0.00801
2324.22492     0.00727
2324.28518     0.00689
2324.34544     0.00768
2324.40571     0.00863
2324.46598     0.00853
2324.52624     0.00753
2324.5865      0.00694
2324.64677     0.00669
2324.70703     0.0052
2324.7673      0.00162
2324.82756    -0.00344
2324.88783    -0.00828
2324.94809    -0.00924
2325.00836    -0.00482
2325.06862     1.16339E-4
2325.12889     0.00419
2325.18915     0.00731
2325.24941     0.00867
2325.30968     0.00892
2325.36994     0.00928
2325.43021     0.01033
2325.49047     0.01116
2325.55074     0.01102
2325.611       0.01061
2325.67127     0.01119
2325.73153     0.01201
2325.7918      0.01207
2325.85206     0.01136
2325.91232     0.01109
2325.97259     0.01201
2326.03285     0.01305
2326.09312     0.01334
2326.15338     0.01341
2326.21365     0.01412
2326.27391     0.01526
2326.33418     0.01564
2326.39444     0.01507
2326.45471     0.01478
2326.51497     0.01502
2326.57524     0.01449
2326.6355      0.01184
2326.69576     0.00747
2326.75603     0.00339
2326.81629     0.00286
2326.87656     0.00808
2326.93682     0.01464
2326.99709     0.01933
2327.05735     0.0223
2327.11762     0.02349
2327.17788     0.02309
2327.23815     0.02242
2327.29841     0.02255
2327.35867     0.02293
2327.41894     0.02249
2327.47921     0.02131
2327.53947     0.02075
2327.59973     0.0209
2327.66        0.02068
2327.72026     0.01991
2327.78053     0.01953
2327.84079     0.02007
2327.90106     0.02069
2327.96132     0.02037
2328.02159     0.01962
2328.08185     0.01965
2328.14212     0.02031
2328.20238     0.02032
2328.26264     0.01923
2328.32291     0.0181
2328.38317     0.01739
2328.44344     0.01589
2328.5037      0.01231
2328.56397     0.00683
2328.62423     0.00184
2328.6845      0.00116
2328.74476     0.00636
2328.80503     0.01231
2328.86529     0.0167
2328.92555     0.01987
2328.98582     0.02185
2329.04608     0.02227
2329.10635     0.02224
2329.16661     0.02292
2329.22688     0.02397
2329.28714     0.02428
2329.34741     0.02385
2329.40767     0.02417
2329.46794     0.02549
2329.5282      0.02646
2329.58847     0.02642
2329.64873     0.02627
2329.709       0.02691
2329.76926     0.02791
2329.82952     0.02817
2329.88979     0.02776
2329.95005     0.02775
2330.01032     0.02827
2330.07058     0.02842
2330.13085     0.02742
2330.19111     0.02615
2330.25138     0.02536
2330.31164     0.02387
2330.37191     0.01989
2330.43217     0.01393
2330.49244     0.0102
2330.5527      0.01374
2330.61296     0.02034
2330.67323     0.02539
2330.73349     0.02871
2330.79376     0.03111
2330.85402     0.03292
2330.91429     0.03348
2330.97455     0.03339
2331.03482     0.03411
2331.09508     0.03563
2331.15535     0.03655
2331.21561     0.03643
2331.27587     0.03661
2331.33614     0.0375
2331.3964      0.03844
2331.45667     0.03846
2331.51693     0.03812
2331.5772      0.03849
2331.63746     0.0395
2331.69773     0.03972
2331.75799     0.03912
2331.81826     0.03909
2331.87852     0.03973
2331.93878     0.04024
2331.99905     0.03926
2332.05931     0.03715
2332.11958     0.03477
2332.17984     0.03166
2332.24011     0.02686
2332.30037     0.0227
2332.36064     0.02581
2332.4209      0.03292
2332.48117     0.03856
2332.54143     0.04175
2332.6017      0.04358
2332.66196     0.0457
2332.72223     0.0476
2332.78249     0.0486
2332.84275     0.04892
2332.90302     0.0496
2332.96328     0.05093
2333.02355     0.0519
2333.08381     0.05193
2333.14408     0.05196
2333.20434     0.05283
2333.26461     0.05388
2333.32487     0.05412
2333.38514     0.05384
2333.4454      0.05435
2333.50567     0.05561
2333.56593     0.0564
2333.62619     0.05605
2333.68646     0.05565
2333.74672     0.05593
2333.80699     0.05574
2333.86725     0.05379
2333.92752     0.0498
2333.98778     0.04504
2334.04805     0.04104
2334.10831     0.04049
2334.16858     0.04567
2334.22884     0.05238
2334.2891      0.05798
2334.34937     0.06195
2334.40963     0.06392
2334.4699      0.06502
2334.53016     0.06663
2334.59043     0.06851
2334.65069     0.06964
2334.71096     0.06997
2334.77122     0.07067
2334.83149     0.07215
2334.89175     0.07349
2334.95201     0.07388
2335.01228     0.07408
2335.07255     0.07514
2335.13281     0.07672
2335.19307     0.0776
2335.25334     0.07775
2335.3136      0.07819
2335.37387     0.07932
2335.43413     0.08021
2335.4944      0.07979
2335.55466     0.07857
2335.61493     0.07749
2335.67519     0.07566
2335.73546     0.07195
2335.79572     0.06736
2335.85598     0.06656
2335.91625     0.07253
2335.97651     0.07947
2336.03678     0.08458
2336.09704     0.08815
2336.15731     0.09133
2336.21757     0.09421
2336.27784     0.09581
2336.3381      0.0966
2336.39837     0.09791
2336.45863     0.10003
2336.5189      0.10181
2336.57916     0.10275
2336.63942     0.10382
2336.69969     0.10585
2336.75995     0.10799
2336.82022     0.10919
2336.88048     0.10998
2336.94075     0.11149
2337.00101     0.11354
2337.06128     0.11501
2337.12154     0.11555
2337.18181     0.11614
2337.24207     0.11723
2337.30233     0.1178
2337.3626      0.11651
2337.42286     0.11344
2337.48313     0.11001
2337.54339     0.10865
2337.60366     0.11188
2337.66392     0.1192
2337.72419     0.12578
2337.78445     0.13166
2337.84472     0.13635
2337.90498     0.13897
2337.96524     0.14092
2338.02551     0.1438
2338.08578     0.14691
2338.14604     0.14942
2338.2063      0.15099
2338.26657     0.15302
2338.32683     0.15599
2338.3871      0.15877
2338.44736     0.16084
2338.50763     0.16284
2338.56789     0.16549
2338.62816     0.16857
2338.68842     0.171
2338.74869     0.17285
2338.80895     0.17502
2338.86921     0.17772
2338.92948     0.18007
2338.98974     0.18124
2339.05001     0.18129
2339.11027     0.18082
2339.17054     0.18021
2339.2308      0.17972
2339.29107     0.1828
2339.35133     0.1926
2339.4116      0.20216
2339.47186     0.20877
2339.53213     0.21396
2339.59239     0.21861
2339.65265     0.22344
2339.71292     0.22828
2339.77318     0.23255
2339.83345     0.23642
2339.89371     0.24101
2339.95398     0.24609
2340.01424     0.2507
2340.07451     0.25473
2340.13477     0.25902
2340.19504     0.26423
2340.2553      0.26962
2340.31556     0.27442
2340.37583     0.279
2340.43609     0.28449
2340.49636     0.29044
2340.55662     0.29599
2340.61689     0.30067
2340.67715     0.30486
2340.73742     0.30895
2340.79768     0.31183
2340.85795     0.31321
2340.91821     0.31572
2340.97848     0.32517
2341.03874     0.34323
2341.09901     0.35882
2341.15927     0.36954
2341.21953     0.37916
2341.2798      0.38898
2341.34006     0.39861
2341.40033     0.40739
2341.46059     0.41677
2341.52086     0.42691
2341.58112     0.43743
2341.64139     0.44776
2341.70165     0.45778
2341.76192     0.46862
2341.82218     0.48068
2341.88245     0.49305
2341.94271     0.50503
2342.00297     0.51724
2342.06324     0.53001
2342.1235      0.5432
2342.18377     0.55622
2342.24403     0.56842
2342.3043      0.58063
2342.36456     0.59246
2342.42483     0.60254
2342.48509     0.61023
2342.54536     0.61811
2342.60562     0.63166
2342.66588     0.65596
2342.72615     0.68565
2342.78641     0.70749
2342.84668     0.72331
2342.90694     0.73778
2342.96721     0.75164
2343.02747     0.76325
2343.08774     0.77412
2343.148       0.78519
2343.20827     0.79498
2343.26853     0.80307
2343.32879     0.81063
2343.38906     0.81779
2343.44932     0.82322
2343.50959     0.82659
2343.56985     0.82794
2343.63012     0.82914
2343.69038     0.82951
2343.75065     0.82844
2343.81091     0.82672
2343.87118     0.82361
2343.93144     0.81963
2343.99171     0.81525
2344.05197     0.8091
2344.11224     0.80002
2344.1725      0.79185
2344.23276     0.78638
2344.29303     0.78629
2344.35329     0.78944
2344.41356     0.79054
2344.47382     0.78965
2344.53409     0.78671
2344.59435     0.78269
2344.65462     0.77751
2344.71488     0.77304
2344.77515     0.76995
2344.83541     0.76744
2344.89568     0.76368
2344.95594     0.75959
2345.0162      0.75619
2345.07647     0.7528
2345.13673     0.74893
2345.197       0.74448
2345.25726     0.74082
2345.31753     0.7374
2345.37779     0.73399
2345.43806     0.73041
2345.49832     0.72644
2345.55859     0.72328
2345.61885     0.71941
2345.67911     0.71369
2345.73938     0.70719
2345.79964     0.70125
2345.85991     0.69728
2345.92017     0.6965
2345.98044     0.69775
2346.0407      0.69714
2346.10097     0.69571
2346.16123     0.69401
2346.2215      0.69153
2346.28176     0.68852
2346.34202     0.6854
2346.40229     0.68277
2346.46255     0.6793
2346.52282     0.67502
2346.58308     0.67109
2346.64335     0.6678
2346.70361     0.66429
2346.76388     0.6601
2346.82414     0.65581
2346.88441     0.65262
2346.94467     0.65004
2347.00494     0.64669
2347.0652      0.64256
2347.12547     0.63834
2347.18573     0.63435
2347.24599     0.62991
2347.30626     0.62377
2347.36652     0.61748
2347.42679     0.61271
2347.48705     0.60972
2347.54732     0.60753
2347.60758     0.60547
2347.66785     0.60356
2347.72811     0.60136
2347.78838     0.59801
2347.84864     0.59398
2347.9089      0.58951
2347.96917     0.58563
2348.02943     0.58201
2348.0897      0.57753
2348.14996     0.57245
2348.21023     0.56845
2348.27049     0.56518
2348.33076     0.56173
2348.39102     0.55773
2348.45129     0.55315
2348.51155     0.5495
2348.57181     0.54603
2348.63208     0.5417
2348.69234     0.53707
2348.75261     0.53271
2348.81287     0.52891
2348.87314     0.52488
2348.9334      0.52056
2348.99367     0.51649
2349.05393     0.51324
2349.1142      0.51028
2349.17446     0.50611
2349.23473     0.50162
2349.29499     0.49773
2349.35525     0.49413
2349.41552     0.48978
2349.47578     0.48492
2349.53605     0.48031
2349.59631     0.47679
2349.65658     0.4734
2349.71684     0.46886
2349.77711     0.4644
2349.83737     0.46105
2349.89764     0.45871
2349.9579      0.45589
2350.01817     0.45193
2350.07843     0.44818
2350.1387      0.4451
2350.19896     0.44199
2350.25922     0.43835
2350.31949     0.4348
2350.37975     0.43188
2350.44002     0.42951
2350.50028     0.426
2350.56055     0.42168
2350.62081     0.41789
2350.68108     0.41496
2350.74134     0.41183
2350.80161     0.40783
2350.86187     0.40373
2350.92213     0.40064
2350.9824      0.39811
2351.04266     0.39471
2351.10293     0.39
2351.16319     0.38523
2351.22346     0.38085
2351.28372     0.3762
2351.34399     0.37174
2351.40425     0.3686
2351.46452     0.36786
2351.52478     0.36782
2351.58505     0.36679
2351.64531     0.36467
2351.70558     0.36289
2351.76584     0.36133
2351.8261      0.35924
2351.88637     0.3563
2351.94663     0.35316
2352.0069      0.35072
2352.06716     0.34846
2352.12743     0.34553
2352.18769     0.34235
2352.24796     0.3401
2352.30822     0.33857
2352.36849     0.33638
2352.42875     0.33329
2352.48902     0.3303
2352.54928     0.32761
2352.60954     0.32444
2352.66981     0.3195
2352.73007     0.31332
2352.79034     0.30788
2352.8506      0.30449
2352.91087     0.3033
2352.97113     0.30428
2353.0314      0.30596
2353.09166     0.30714
2353.15193     0.30692
2353.21219     0.30521
2353.27245     0.30288
2353.33272     0.30113
2353.39298     0.29995
2353.45325     0.2981
2353.51351     0.29563
2353.57378     0.29374
2353.63404     0.29271
2353.69431     0.29158
2353.75457     0.28933
2353.81484     0.28681
2353.8751      0.285
2353.93536     0.28338
2353.99563     0.2806
2354.05589     0.2767
2354.11616     0.27265
2354.17642     0.26869
2354.23669     0.26407
2354.29695     0.25876
2354.35722     0.25505
2354.41748     0.25607
2354.47775     0.25978
2354.53801     0.26216
2354.59828     0.26276
2354.65854     0.26261
2354.71881     0.26257
2354.77907     0.26188
2354.83933     0.2605
2354.8996      0.25923
2354.95986     0.25845
2355.02013     0.25772
2355.08039     0.25602
2355.14066     0.25377
2355.20092     0.25215
2355.26119     0.25097
2355.32145     0.24932
2355.38172     0.24678
2355.44198     0.24446
2355.50225     0.24267
2355.56251     0.24017
2355.62277     0.23528
2355.68304     0.22885
2355.7433      0.22304
2355.80357     0.2194
2355.86383     0.21955
2355.9241      0.22327
2355.98436     0.22752
2356.04463     0.23061
2356.10489     0.23213
2356.16516     0.23187
2356.22542     0.23088
2356.28568     0.23038
2356.34595     0.23022
2356.40621     0.22917
2356.46648     0.22724
2356.52674     0.22583
2356.58701     0.22524
2356.64727     0.2246
2356.70754     0.22316
2356.7678      0.22146
2356.82807     0.22047
2356.88833     0.21916
2356.94859     0.21635
2357.00886     0.21196
2357.06912     0.20676
2357.12939     0.20143
2357.18965     0.19594
2357.24992     0.19251
2357.31018     0.19493
2357.37045     0.20052
2357.43071     0.20518
2357.49098     0.20733
2357.55124     0.20751
2357.61151     0.20749
2357.67177     0.20769
2357.73204     0.20727
2357.7923      0.20606
2357.85256     0.20513
2357.91283     0.20499
2357.97309     0.20488
2358.03336     0.2038
2358.09362     0.20202
2358.15389     0.20077
2358.21415     0.20003
2358.27442     0.19858
2358.33468     0.19571
2358.39495     0.19231
2358.45521     0.1889
2358.51548     0.18435
2358.57574     0.17819
2358.636       0.17251
2358.69627     0.17301
2358.75653     0.17905
2358.8168      0.18422
2358.87706     0.18724
2358.93733     0.1888
2358.99759     0.19022
2359.05786     0.19114
2359.11812     0.19065
2359.17839     0.18969
2359.23865     0.18945
2359.29891     0.1895
2359.35918     0.18872
2359.41944     0.18719
2359.47971     0.18611
2359.53997     0.18577
2359.60024     0.18525
2359.6605      0.18348
2359.72077     0.18082
2359.78103     0.17831
2359.8413      0.17503
2359.90156     0.16955
2359.96182     0.16222
2360.02209     0.15695
2360.08235     0.15889
2360.14262     0.16501
2360.20288     0.1701
2360.26315     0.17359
2360.32341     0.17611
2360.38368     0.17764
2360.44394     0.17768
2360.50421     0.17688
2360.56447     0.17665
2360.62474     0.17701
2360.685       0.17694
2360.74527     0.17606
2360.80553     0.17521
2360.86579     0.17504
2360.92606     0.17487
2360.98632     0.17362
2361.04659     0.17139
2361.10685     0.16912
2361.16712     0.16658
2361.22738     0.16229
2361.28765     0.15572
2361.34791     0.14934
2361.40818     0.14736
2361.46844     0.15215
2361.52871     0.15813
2361.58897     0.1626
2361.64923     0.1656
2361.7095      0.16763
2361.76976     0.16852
2361.83003     0.16819
2361.89029     0.16787
2361.95056     0.16824
2362.01082     0.16854
2362.07109     0.16784
2362.13135     0.16668
2362.19162     0.16619
2362.25188     0.1661
2362.31214     0.16517
2362.37241     0.16319
2362.43267     0.16118
2362.49294     0.15891
2362.5532      0.15521
2362.61347     0.14951
2362.67373     0.14293
2362.734       0.13981
2362.79426     0.14392
2362.85453     0.15034
2362.91479     0.15507
2362.97505     0.15828
2363.03532     0.16057
2363.09559     0.16187
2363.15585     0.16179
2363.21611     0.16128
2363.27638     0.16157
2363.33664     0.16198
2363.39691     0.16145
2363.45717     0.16059
2363.51744     0.16008
2363.5777      0.15997
2363.63797     0.15939
2363.69823     0.15741
2363.7585      0.15468
2363.81876     0.15184
2363.87902     0.14818
2363.93929     0.14282
2363.99955     0.13679
2364.05982     0.13554
2364.12008     0.14095
2364.18035     0.14695
2364.24061     0.1508
2364.30088     0.15305
2364.36114     0.15484
2364.42141     0.15598
2364.48167     0.15591
2364.54194     0.15534
2364.6022      0.15537
2364.66246     0.15589
2364.72273     0.15574
2364.78299     0.15466
2364.84326     0.15376
2364.90352     0.15358
2364.96379     0.15283
2365.02405     0.15075
2365.08432     0.14759
2365.14458     0.14393
2365.20485     0.13976
2365.26511     0.13454
2365.32537     0.13101
2365.38564     0.1346
2365.4459      0.14117
2365.50617     0.14609
2365.56643     0.14847
2365.6267      0.14948
2365.68696     0.15052
2365.74723     0.15128
2365.80749     0.15128
2365.86776     0.15057
2365.92802     0.15016
2365.98828     0.15043
2366.04855     0.1504
2366.10882     0.1493
2366.16908     0.14786
2366.22934     0.1471
2366.28961     0.14614
2366.34987     0.14322
2366.41014     0.13841
2366.4704      0.13318
2366.53067     0.12868
2366.59093     0.12677
2366.6512      0.1299
2366.71146     0.13552
2366.77173     0.14039
2366.83199     0.14325
2366.89226     0.14415
2366.95252     0.14418
2367.01278     0.14442
2367.07305     0.14494
2367.13331     0.14497
2367.19358     0.14409
2367.25384     0.14332
2367.31411     0.14335
2367.37437     0.1433
2367.43464     0.14213
2367.4949      0.14026
2367.55517     0.13833
2367.61543     0.136
2367.67569     0.13215
2367.73596     0.12654
2367.79622     0.12203
2367.85649     0.12326
2367.91675     0.12887
2367.97702     0.13334
2368.03728     0.13583
2368.09755     0.13742
2368.15781     0.13859
2368.21808     0.13863
2368.27834     0.13777
2368.3386      0.13736
2368.39887     0.1376
2368.45913     0.13753
2368.5194      0.13658
2368.57966     0.13539
2368.63993     0.13473
2368.70019     0.13407
2368.76046     0.13213
2368.82072     0.12856
2368.88099     0.12441
2368.94125     0.12059
2369.00152     0.11736
2369.06178     0.11694
2369.12205     0.12107
2369.18231     0.12599
2369.24257     0.1291
2369.30284     0.13012
2369.3631      0.12995
2369.42337     0.13006
2369.48363     0.13059
2369.5439      0.13065
2369.60416     0.12978
2369.66443     0.1289
2369.72469     0.12887
2369.78496     0.12878
2369.84522     0.12758
2369.90549     0.12554
2369.96575     0.12352
2370.02601     0.12139
2370.08628     0.11798
2370.14654     0.11325
2370.20681     0.11017
2370.26707     0.11232
2370.32734     0.1172
2370.3876      0.12028
2370.44787     0.12134
2370.50813     0.12214
2370.56839     0.12293
2370.62866     0.12283
2370.68892     0.12179
2370.74919     0.12101
2370.80945     0.12123
2370.86972     0.12121
2370.92998     0.12008
2370.99025     0.11855
2371.05051     0.11758
2371.11078     0.11671
2371.17104     0.11445
2371.23131     0.11041
2371.29157     0.10624
2371.35183     0.10382
2371.4121      0.10462
2371.47236     0.10792
2371.53263     0.11092
2371.59289     0.11295
2371.65316     0.1144
2371.71342     0.11453
2371.77369     0.11369
2371.83395     0.11332
2371.89422     0.11369
2371.95448     0.1137
2372.01475     0.11268
2372.07501     0.11151
2372.13528     0.11116
2372.19554     0.1108
2372.2558      0.10906
2372.31607     0.10601
2372.37633     0.10293
2372.4366      0.10041
2372.49686     0.09863
2372.55713     0.09904
2372.61739     0.10201
2372.67766     0.10499
2372.73792     0.1067
2372.79819     0.10683
2372.85845     0.10607
2372.91871     0.10587
2372.97898     0.10622
2373.03924     0.10597
2373.09951     0.10491
2373.15977     0.10398
2373.22004     0.10381
2373.2803      0.10357
2373.34057     0.10208
2373.40083     0.09963
2373.4611      0.0974
2373.52136     0.09567
2373.58162     0.09347
2373.64189     0.09238
2373.70215     0.09473
2373.76242     0.09793
2373.82268     0.09956
2373.88295     0.09962
2373.94321     0.09909
2374.00348     0.09911
2374.06374     0.09955
2374.12401     0.09933
2374.18427     0.0983
2374.24454     0.09753
2374.3048      0.0975
2374.36507     0.09725
2374.42533     0.09585
2374.48559     0.0938
2374.54586     0.09205
2374.60612     0.09055
2374.66639     0.08866
2374.72665     0.08752
2374.78692     0.08917
2374.84718     0.09185
2374.90745     0.09313
2374.96771     0.09287
2375.02798     0.09225
2375.08824     0.09222
2375.14851     0.09247
2375.20877     0.09179
2375.26903     0.09057
2375.3293      0.09
2375.38956     0.09013
2375.44983     0.08972
2375.51009     0.08798
2375.57036     0.08593
2375.63062     0.0844
2375.69089     0.08316
2375.75115     0.08173
2375.81142     0.0814
2375.87168     0.08308
2375.93194     0.08493
2375.99221     0.08555
2376.05247     0.08494
2376.11274     0.0843
2376.173       0.08437
2376.23327     0.08444
2376.29353     0.08361
2376.3538      0.08252
2376.41406     0.08199
2376.47433     0.08195
2376.53459     0.08116
2376.59486     0.07913
2376.65512     0.07728
2376.71539     0.076
2376.77565     0.07513
2376.83591     0.07463
2376.89618     0.07497
2376.95644     0.07607
2377.01671     0.07684
2377.07697     0.07662
2377.13724     0.07548
2377.1975      0.07477
2377.25777     0.07479
2377.31803     0.07462
2377.3783      0.07346
2377.43856     0.07212
2377.49883     0.07165
2377.55909     0.07126
2377.61935     0.0698
2377.67962     0.06766
2377.73988     0.06593
2377.80015     0.06556
2377.86041     0.06607
2377.92068     0.06633
2377.98094     0.06609
2378.04121     0.06624
2378.10147     0.06653
2378.16174     0.06589
2378.222       0.06466
2378.28226     0.06401
2378.34253     0.06406
2378.40279     0.06375
2378.46306     0.06244
2378.52332     0.06109
2378.58359     0.06044
2378.64385     0.05994
2378.70412     0.05844
2378.76438     0.05664
2378.82465     0.05642
2378.88491     0.05736
2378.94517     0.05772
2379.00544     0.05681
2379.0657      0.05592
2379.12597     0.05592
2379.18623     0.05586
2379.2465      0.05486
2379.30676     0.05352
2379.36703     0.05287
2379.42729     0.05276
2379.48756     0.05202
2379.54782     0.05011
2379.60809     0.0485
2379.66835     0.04789
2379.72862     0.04738
2379.78888     0.0466
2379.84914     0.04607
2379.90941     0.04607
2379.96967     0.04623
2380.02994     0.04566
2380.0902      0.0443
2380.15047     0.04333
2380.21073     0.04321
2380.271       0.04292
2380.33126     0.04167
2380.39153     0.04014
2380.45179     0.03944
2380.51206     0.0391
2380.57232     0.03796
2380.63258     0.03618
2380.69285     0.03524
2380.75311     0.0357
2380.81338     0.03594
2380.87364     0.03488
2380.93391     0.0337
2380.99417     0.03339
2381.05444     0.03338
2381.1147      0.03258
2381.17497     0.03113
2381.23523     0.03036
2381.29549     0.03023
2381.35576     0.02975
2381.41602     0.02844
2381.47629     0.02709
2381.53655     0.02668
2381.59682     0.02674
2381.65708     0.02629
2381.71735     0.0255
2381.77761     0.02517
2381.83788     0.02553
2381.89814     0.02538
2381.9584      0.0244
2382.01867     0.02362
2382.07893     0.0237
2382.1392      0.02396
2382.19946     0.02321
2382.25973     0.02205
2382.31999     0.02176
2382.38026     0.02193
2382.44052     0.02157
2382.50079     0.02069
2382.56105     0.02041
2382.62132     0.02093
2382.68158     0.02136
2382.74185     0.02071
2382.80211     0.01981
2382.86237     0.01978
2382.92264     0.02025
2382.9829      0.02014
2383.04317     0.01926
2383.10343     0.01868
2383.1637      0.01895
2383.22396     0.01913
2383.28423     0.01835
2383.34449     0.01757
2383.40476     0.01785
2383.46502     0.01855
2383.52529     0.01841
2383.58555     0.0175
2383.64581     0.01715
2383.70608     0.0177
2383.76634     0.0179
2383.82661     0.01716
2383.88687     0.01637
2383.94714     0.01645
2384.0074      0.01687
2384.06767     0.01653
2384.12793     0.01561
2384.1882      0.0154
2384.24846     0.01606
2384.30872     0.01634
2384.36899     0.01574
2384.42925     0.01515
2384.48952     0.01545
2384.54978     0.01596
2384.61005     0.0157
2384.67031     0.01489
2384.73058     0.01476
2384.79084     0.01538
2384.85111     0.01554
2384.91137     0.01476
2384.97163     0.01424
2385.0319      0.01478
2385.09216     0.01538
2385.15243     0.01506
2385.21269     0.01434
2385.27296     0.0144
2385.33322     0.01502
2385.39349     0.01511
2385.45375     0.01437
2385.51402     0.01389
2385.57428     0.01436
2385.63455     0.01481
2385.69481     0.01433
2385.75508     0.01354
2385.81534     0.01369
2385.8756      0.0144
2385.93587     0.01443
2385.99613     0.0136
2386.0564      0.01324
2386.11666     0.01374
2386.17693     0.01417
2386.23719     0.0136
2386.29746     0.01283
2386.35772     0.01299
2386.41799     0.0136
2386.47825     0.01352
2386.53852     0.01271
2386.59878     0.01255
2386.65904     0.01322
2386.71931     0.01355
2386.77957     0.01297
2386.83984     0.01242
2386.9001      0.01276
2386.96037     0.01336
2387.02063     0.01321
2387.0809      0.0125
2387.14116     0.01236
2387.20143     0.01299
2387.26169     0.01338
2387.32195     0.01283
2387.38222     0.01238
2387.44248     0.01273
2387.50275     0.01326
2387.56301     0.01302
2387.62328     0.01229
2387.68354     0.01217
2387.74381     0.01282
2387.80407     0.01302
2387.86434     0.01237
2387.9246      0.01188
2387.98486     0.01224
2388.04513     0.01294
2388.1054      0.01257
2388.16566     0.01164
2388.22592     0.01166
2388.28619     0.01235
2388.34645     0.01247
2388.40672     0.01176
2388.46698     0.01135
2388.52725     0.01186
2388.58751     0.01242
2388.64778     0.01204
2388.70804     0.01125
2388.76831     0.01132
2388.82857     0.012
2388.88883     0.01203
2388.9491      0.01136
2389.00936     0.01098
2389.06963     0.01161
2389.12989     0.01215
2389.19016     0.01163
2389.25042     0.01088
2389.31069     0.01117
2389.37095     0.01193
2389.43122     0.01189
2389.49148     0.01115
2389.55175     0.01093
2389.61201     0.01158
2389.67227     0.012
2389.73254     0.01141
2389.7928      0.01081
2389.85307     0.01113
2389.91333     0.01178
2389.9736      0.01168
2390.03386     0.01089
2390.09413     0.01072
2390.15439     0.01132
2390.21466     0.01151
2390.27492     0.01091
2390.33518     0.01031
2390.39545     0.01056
2390.45571     0.01118
2390.51598     0.01098
2390.57624     0.01022
2390.63651     0.01011
2390.69677     0.01073
2390.75704     0.01096
2390.8173      0.01032
2390.87757     0.00971
2390.93783     0.0101
2390.99809     0.01072
2391.05836     0.01048
2391.11863     0.00979
2391.17889     0.00976
2391.23915     0.01052
2391.29942     0.01077
2391.35968     0.01
2391.41995     0.0096
2391.48021     0.01015
2391.54048     0.01069
2391.60074     0.0103
2391.66101     0.00962
2391.72127     0.0098
2391.78154     0.01053
2391.8418      0.01062
2391.90206     0.00986
2391.96233     0.00949
2392.02259     0.01011
2392.08286     0.01062
2392.14312     0.01015
2392.20339     0.00945
2392.26365     0.00963
2392.32392     0.01032
2392.38418     0.01035
2392.44445     0.00947
2392.50471     0.00909
2392.56497     0.00971
2392.62524     0.01009
2392.6855      0.00948
2392.74577     0.00887
2392.80603     0.00914
2392.8663      0.00972
2392.92656     0.0096
2392.98683     0.00888
2393.04709     0.00871
2393.10736     0.00936
2393.16762     0.00971
2393.22789     0.00907
2393.28815     0.00852
2393.34841     0.00892
2393.40868     0.00962
2393.46894     0.00943
2393.52921     0.00867
2393.58947     0.00861
2393.64974     0.00928
2393.71        0.00953
2393.77027     0.00899
2393.83053     0.00855
2393.8908      0.00905
2393.95106     0.00966
2394.01133     0.00933
2394.07159     0.0086
2394.13186     0.00872
2394.19212     0.00942
2394.25238     0.00952
2394.31265     0.00889
2394.37291     0.00845
2394.43318     0.00886
2394.49344     0.0095
2394.55371     0.00914
2394.61397     0.00833
2394.67424     0.00836
2394.7345      0.00896
2394.79477     0.00911
2394.85503     0.00838
2394.91529     0.00793
2394.97556     0.00852
2395.03582     0.00903
2395.09609     0.00849
2395.15635     0.00779
2395.21662     0.00788
2395.27688     0.00861
2395.33715     0.00866
2395.39741     0.00791
2395.45768     0.00758
2395.51794     0.00823
2395.5782      0.00877
2395.63847     0.0082
2395.69873     0.00766
2395.759       0.00798
2395.81926     0.00861
2395.87953     0.00859
2395.93979     0.00795
2396.00006     0.0078
2396.06032     0.00848
2396.12059     0.00889
2396.18085     0.00827
2396.24112     0.00766
2396.30138     0.00799
2396.36165     0.00864
2396.42191     0.00862
2396.48217     0.00782
2396.54244     0.00765
2396.6027      0.00831
2396.66297     0.00858
2396.72323     0.00797
2396.7835      0.00739
2396.84376     0.00774
2396.90403     0.00834
2396.96429     0.00804
2397.02456     0.00734
2397.08482     0.00732
2397.14509     0.00793
2397.20535     0.00813
2397.26561     0.00749
2397.32588     0.0069
2397.38614     0.0073
2397.44641     0.00792
2397.50667     0.00761
2397.56694     0.00694
2397.6272      0.00701
2397.68747     0.00767
2397.74773     0.00779
2397.808       0.00711
2397.86826     0.00684
2397.92852     0.00738
2397.98879     0.00784
2398.04905     0.00751
2398.10932     0.00694
2398.16958     0.00714
2398.22985     0.00784
2398.29011     0.00793
2398.35038     0.00721
2398.41064     0.00701
2398.47091     0.00766
2398.53117     0.00804
2398.59143     0.00754
2398.6517      0.00687
2398.71197     0.00711
2398.77223     0.00779
2398.83249     0.00769
2398.89276     0.00696
2398.95302     0.00675
2399.01329     0.00733
2399.07355     0.00767
2399.13382     0.0071
2399.19408     0.0065
2399.25435     0.00681
2399.31461     0.00751
2399.37488     0.00726
2399.43514     0.00645
2399.4954      0.0063
2399.55567     0.00696
2399.61593     0.00725
2399.6762      0.00655
2399.73646     0.00613
2399.79673     0.00651
2399.85699     0.0071
2399.91726     0.00687
2399.97752     0.00616
2400.03779     0.0062
2400.09805     0.007
2400.15832     0.00722
2400.21858     0.00661
2400.27884     0.0062
2400.33911     0.00673
2400.39937     0.00734
2400.45964     0.00703
2400.5199      0.00633
2400.58017     0.00645
2400.64043     0.00719
2400.7007      0.00729
2400.76096     0.00664
2400.82123     0.00625
2400.88149     0.00678
2400.94175     0.00736
2401.00202     0.00692
2401.06228     0.00615
2401.12255     0.00617
2401.18281     0.00683
2401.24308     0.00687
2401.30334     0.00621
2401.36361     0.00587
2401.42387     0.00633
2401.48414     0.00667
2401.5444      0.00622
2401.60466     0.00572
2401.66493     0.0059
2401.7252      0.00655
2401.78546     0.0065
2401.84572     0.00585
2401.90599     0.00566
2401.96625     0.00622
2402.02652     0.00671
2402.08678     0.00621
2402.14705     0.00572
2402.20731     0.006
2402.26758     0.00654
2402.32784     0.00644
2402.38811     0.00584
2402.44837     0.00574
2402.50863     0.00641
2402.5689      0.00668
2402.62916     0.00608
2402.68943     0.00561
2402.74969     0.00608
2402.80996     0.00672
2402.87022     0.00646
2402.93049     0.00579
2402.99075     0.00581
2403.05102     0.00646
2403.11128     0.0067
2403.17155     0.00609
2403.23181     0.00556
2403.29207     0.006
2403.35234     0.0066
2403.4126      0.00619
2403.47287     0.0054
2403.53313     0.0055
2403.5934      0.00622
2403.65366     0.00635
2403.71393     0.00564
2403.77419     0.00518
2403.83446     0.00564
2403.89472     0.00621
2403.95498     0.00582
2404.01525     0.00507
2404.07551     0.00529
2404.13578     0.00607
2404.19604     0.0061
2404.25631     0.00537
2404.31657     0.00506
2404.37684     0.00562
2404.4371      0.00613
2404.49737     0.00574
2404.55763     0.00516
2404.6179      0.00544
2404.67816     0.00621
2404.73843     0.00623
2404.79869     0.00552
2404.85895     0.00527
2404.91922     0.00585
2404.97948     0.00627
2405.03975     0.00575
2405.10001     0.00522
2405.16028     0.00558
2405.22054     0.00623
2405.28081     0.00607
2405.34107     0.00532
2405.40134     0.0052
2405.4616      0.00582
2405.52187     0.0061
2405.58213     0.00555
2405.64239     0.00492
2405.70266     0.0053
2405.76292     0.00594
2405.82319     0.00567
2405.88345     0.0049
2405.94372     0.00484
2406.00398     0.00551
2406.06425     0.00574
2406.12451     0.00503
2406.18478     0.00461
2406.24504     0.00516
2406.3053      0.00577
2406.36557     0.00548
2406.42583     0.00473
2406.4861      0.00486
2406.54636     0.00558
2406.60663     0.00573
2406.66689     0.00511
2406.72716     0.00479
2406.78742     0.00529
2406.84769     0.00581
2406.90795     0.0055
2406.96821     0.00485
2407.02848     0.00499
2407.08874     0.0057
2407.14901     0.00577
2407.20927     0.00516
2407.26954     0.00491
2407.3298      0.00548
2407.39007     0.00595
2407.45033     0.00545
2407.5106      0.00477
2407.57086     0.00491
2407.63113     0.00561
2407.69139     0.0057
2407.75166     0.00493
2407.81192     0.00458
2407.87218     0.00513
2407.93245     0.00553
2407.99271     0.00504
2408.05298     0.00431
2408.11324     0.00455
2408.17351     0.00526
2408.23377     0.00512
2408.29404     0.00444
2408.3543      0.00431
2408.41457     0.00491
2408.47483     0.00532
2408.5351      0.00473
2408.59536     0.0042
2408.65562     0.00456
2408.71589     0.00507
2408.77615     0.00486
2408.83642     0.00426
2408.89668     0.00421
2408.95695     0.00485
2409.01721     0.00515
2409.07748     0.00459
2409.13774     0.00416
2409.19801     0.00464
2409.25827     0.00528
2409.31853     0.0051
2409.3788      0.0044
2409.43906     0.0044
2409.49933     0.00511
2409.55959     0.00524
2409.61986     0.00451
2409.68012     0.00414
2409.74039     0.00465
2409.80065     0.00518
2409.86092     0.0048
2409.92118     0.0041
2409.98144     0.0042
2410.04171     0.0048
2410.10197     0.00485
2410.16224     0.00416
2410.2225      0.00379
2410.28277     0.00437
2410.34303     0.00481
2410.4033      0.00432
2410.46356     0.00364
2410.52383     0.00387
2410.58409     0.00453
2410.64436     0.00447
2410.70462     0.0038
2410.76489     0.00359
2410.82515     0.0042
2410.88541     0.00454
2410.94568     0.004
2411.00594     0.00348
2411.06621     0.00387
2411.12647     0.00464
2411.18674     0.00451
2411.247       0.00374
2411.30727     0.00366
2411.36753     0.0044
2411.4278      0.00474
2411.48806     0.00419
2411.54833     0.00365
2411.60859     0.00406
2411.66885     0.00468
2411.72912     0.00447
2411.78938     0.00376
2411.84965     0.00368
2411.90991     0.00432
2411.97018     0.00458
2412.03044     0.00392
2412.09071     0.00345
2412.15097     0.00395
2412.21124     0.00447
2412.2715      0.00408
2412.33176     0.00337
2412.39203     0.00333
2412.45229     0.00391
2412.51256     0.00409
2412.57282     0.00343
2412.63309     0.003
2412.69335     0.00347
2412.75362     0.004
2412.81388     0.00367
2412.87415     0.00296
2412.93441     0.00305
2412.99467     0.00374
2413.05494     0.00381
2413.1152      0.00322
2413.17547     0.00298
2413.23573     0.00359
2413.296       0.0041
2413.35626     0.00367
2413.41653     0.00301
2413.47679     0.00328
2413.53706     0.00407
2413.59732     0.00409
2413.65759     0.00337
2413.71785     0.00323
2413.77812     0.00386
2413.83838     0.00419
2413.89864     0.00365
2413.95891     0.00309
2414.01917     0.0034
2414.07944     0.00403
2414.1397      0.00388
2414.19997     0.00326
2414.26023     0.00309
2414.3205      0.00365
2414.38076     0.00388
2414.44103     0.00324
2414.50129     0.0028
2414.56156     0.00317
2414.62182     0.00371
2414.68208     0.00347
2414.74235     0.00278
2414.80261     0.00276
2414.86288     0.00337
2414.92314     0.00354
2414.98341     0.00286
2415.04367     0.00246
2415.10394     0.00291
2415.1642      0.00347
2415.22447     0.00323
2415.28473     0.00259
2415.34499     0.00261
2415.40526     0.00327
2415.46552     0.00355
2415.52579     0.0029
2415.58605     0.00255
2415.64632     0.00306
2415.70658     0.00363
2415.76685     0.00341
2415.82711     0.00279
2415.88738     0.00284
2415.94764     0.00357
2416.0079      0.00376
2416.06817     0.00313
2416.12844     0.00277
2416.1887      0.00327
2416.24896     0.00372
2416.30923     0.00327
2416.36949     0.00265
2416.42976     0.00288
2416.49002     0.00354
2416.55029     0.00349
2416.61055     0.0027
2416.67082     0.00239
2416.73108     0.00299
2416.79135     0.0034
2416.85161     0.00286
2416.91187     0.00219
2416.97214     0.00244
2417.0324      0.00316
2417.09267     0.00304
2417.15293     0.00234
2417.2132      0.0022
2417.27346     0.00272
2417.33373     0.00307
2417.39399     0.00256
2417.45426     0.00208
2417.51452     0.00252
2417.57478     0.00316
2417.63505     0.00291
2417.69531     0.00224
2417.75558     0.0023
2417.81584     0.00299
2417.87611     0.00331
2417.93637     0.00274
2417.99664     0.00235
2418.0569      0.0028
2418.11717     0.00338
2418.17743     0.00317
2418.2377      0.00246
2418.29796     0.00239
2418.35822     0.00306
2418.41849     0.00324
2418.47875     0.00265
2418.53902     0.00224
2418.59928     0.00271
2418.65955     0.0032
2418.71981     0.00284
2418.78008     0.0022
2418.84034     0.00225
2418.90061     0.00284
2418.96087     0.00287
2419.02114     0.00222
2419.0814      0.00181
2419.14167     0.00235
2419.20193     0.00289
2419.26219     0.00245
2419.32246     0.00183
2419.38272     0.00201
2419.44299     0.00263
2419.50325     0.00269
2419.56352     0.00205
2419.62378     0.00173
2419.68405     0.00233
2419.74431     0.0028
2419.80458     0.00242
2419.86484     0.00196
2419.9251      0.00228
2419.98537     0.00292
2420.04563     0.00282
2420.1059      0.00212
2420.16616     0.00199
2420.22643     0.0027
2420.28669     0.00302
2420.34696     0.0025
2420.40722     0.00199
2420.46749     0.00234
2420.52775     0.00297
2420.58801     0.00287
2420.64828     0.00217
2420.70854     0.00208
2420.76881     0.00278
2420.82907     0.00299
2420.88934     0.00229
2420.9496      0.00175
2421.00987     0.00213
2421.07013     0.00277
2421.1304      0.00261
2421.19066     0.00193
2421.25093     0.00189
2421.31119     0.00256
2421.37146     0.00267
2421.43172     0.00191
2421.49198     0.00142
2421.55225     0.00195
2421.61251     0.00252
2421.67278     0.0022
2421.73304     0.00154
2421.79331     0.00167
2421.85357     0.00241
2421.91384     0.00252
2421.9741      0.00183
2422.03437     0.0015
2422.09463     0.00215
2422.1549      0.0026
2422.21516     0.00221
2422.27542     0.0017
2422.33569     0.00198
2422.39595     0.00261
2422.45622     0.00261
2422.51648     0.00201
2422.57675     0.00182
2422.63701     0.00244
2422.69728     0.00283
2422.75754     0.00233
2422.81781     0.00177
2422.87807     0.00205
2422.93833     0.0027
2422.9986      0.00255
2423.05886     0.00178
2423.11913     0.00157
2423.17939     0.00219
2423.23966     0.00253
2423.29992     0.00193
2423.36019     0.00142
2423.42045     0.00176
2423.48072     0.00234
2423.54098     0.00213
2423.60124     0.00141
2423.66151     0.00124
2423.72177     0.00189
2423.78204     0.00223
2423.8423      0.00162
2423.90257     0.00114
2423.96283     0.00157
2424.0231      0.00217
2424.08336     0.00189
2424.14363     0.00125
2424.20389     0.00129
2424.26416     0.002
2424.32442     0.00218
2424.38469     0.00158
2424.44495     0.00125
2424.50521     0.00178
2424.56548     0.00233
2424.62574     0.00197
2424.68601     0.00137
2424.74627     0.00149
2424.80654     0.00212
2424.8668      0.00225
2424.92707     0.00168
2424.98733     0.00137
2425.0476      0.00183
2425.10786     0.00225
2425.16813     0.0018
2425.22839     0.00116
2425.28865     0.00132
2425.34892     0.00194
2425.40918     0.00189
2425.46945     0.00122
2425.52971     9.32633E-4
2425.58998     0.00145
2425.65024     0.00176
2425.71051     0.00123
2425.77077     6.27925E-4
2425.83104     0.00103
2425.8913      0.00166
2425.95156     0.00146
2426.01183     8.14216E-4
2426.07209     6.99539E-4
2426.13236     0.00124
2426.19262     0.00155
2426.25289     0.00101
2426.31315     5.06831E-4
2426.37342     9.04154E-4
2426.43368     0.00169
2426.49395     0.00161
2426.55421     8.19122E-4
2426.61447     7.83445E-4
2426.67474     0.00152
2426.73501     0.00179
2426.79527     0.0012
2426.85553     6.93737E-4
2426.9158      0.00117
2426.97606     0.0019
2427.03633     0.0016
2427.09659     8.84029E-4
2427.15686     8.59352E-4
2427.21712     0.00148
2427.27739     0.00166
2427.33765     0.00111
2427.39792     6.75643E-4
2427.45818     0.00105
2427.51844     0.00159
2427.57871     0.0013
2427.63897     6.17935E-4
2427.69924     6.74258E-4
2427.7595      0.00136
2427.81977     0.00149
2427.88003     7.39226E-4
2427.9403      3.54549E-4
2428.00056     8.86872E-4
2428.06083     0.00132
2428.12109     9.42518E-4
2428.18136     2.91841E-4
2428.24162     4.81164E-4
2428.30188     0.00119
2428.36215     0.00131
2428.42241     6.12133E-4
2428.48268     2.58456E-4
2428.54294     9.31778E-4
2428.60321     0.0014
2428.66347     9.02424E-4
2428.72374     3.94747E-4
2428.784       7.6407E-4
2428.84427     0.00149
2428.90453     0.00145
2428.96479     7.42039E-4
2429.02506     5.75362E-4
2429.08532     0.00127
2429.14559     0.00168
2429.20585     0.00116
2429.26612     6.30653E-4
2429.32638     8.78976E-4
2429.38665     0.00146
2429.44691     0.00131
2429.50718     6.61945E-4
2429.56744     5.32268E-4
2429.62771     0.00114
2429.68797     0.00155
2429.74824     9.37237E-4
2429.8085      3.4056E-4
2429.86876     7.67883E-4
2429.92903     0.00129
2429.98929     9.97528E-4
2430.04956     3.22851E-4
2430.10982     2.85174E-4
2430.17009     9.80497E-4
2430.23035     0.00115
2430.29062     5.21143E-4
2430.35088     1.08466E-4
2430.41115     6.42789E-4
2430.47141     0.00122
2430.53168     8.78435E-4
2430.59194     2.10758E-4
2430.6522      3.0608E-4
2430.71247     0.00111
2430.77273     0.00129
2430.833       5.69049E-4
2430.89326     2.79372E-4
2430.95353     9.48695E-4
2431.01379     0.00146
2431.07406     0.00106
2431.13432     3.67664E-4
2431.19459     6.09987E-4
2431.25485     0.00139
2431.31511     0.00143
2431.37538     7.24955E-4
2431.43564     5.14278E-4
2431.49591     0.0011
2431.55617     0.00153
2431.61644     0.00105
2431.6767      4.5357E-4
2431.73697     6.72893E-4
2431.79723     0.00136
2431.8575      0.00129
2431.91776     4.72862E-4
2431.97802     2.65184E-4
2432.03829     8.29507E-4
2432.09855     0.0012
2432.15882     7.57153E-4
2432.21908     1.68476E-4
2432.27935     4.08799E-4
2432.33961     0.001
2432.39988     8.01445E-4
2432.46014     9.67678E-5
2432.52041     9.90907E-5
2432.58067     7.99414E-4
2432.64094     0.00102
2432.7012      4.21059E-4
2432.76147    -2.06177E-5
2432.82173     4.24705E-4
2432.88199     0.00106
2432.94226     9.31351E-4
2433.00252     2.33674E-4
2433.06279     2.53997E-4
2433.12305     9.7832E-4
2433.18332     0.00111
2433.24358     4.61966E-4
2433.30385     4.62885E-5
2433.36411     5.95611E-4
2433.42438     0.00123
2433.48464     0.00105
2433.54491     3.7058E-4
2433.60517     4.48903E-4
2433.66543     0.00111
2433.7257      0.00127
2433.78596     6.83872E-4
2433.84623     2.46195E-4
2433.90649     7.45518E-4
2433.96676     0.0013
2434.02702     9.02163E-4
2434.08729     1.84486E-4
2434.14755     3.19809E-4
2434.20782     0.001
2434.26808     9.93455E-4
2434.32834     2.27778E-4
2434.38861    -8.89905E-6
2434.44887     5.23424E-4
2434.50914     9.46747E-4
2434.5694      4.7207E-4
2434.62967    -1.93607E-4
2434.68993     4.77155E-5
2434.7502      7.50038E-4
2434.81046     7.75361E-4
2434.87073     3.56842E-5
2434.93099    -2.46993E-4
2434.99125     4.7433E-4
2435.05152     9.31653E-4
2435.11178     3.70976E-4
2435.17205    -1.90701E-4
2435.23231     2.33622E-4
2435.29258     0.001
2435.35284     8.77268E-4
2435.41311     1.6659E-4
2435.47337     1.04913E-4
2435.53364     8.39236E-4
2435.5939      0.0011
2435.65417     4.63882E-4
2435.71443     1.2205E-5
2435.7747      4.23528E-4
2435.83496     0.00105
2435.89522     8.54174E-4
2435.95549     2.01497E-4
2436.01575     1.7582E-4
2436.07602     8.38142E-4
2436.13628     9.99465E-4
2436.19655     3.28788E-4
2436.25681    -7.38888E-5
2436.31708     3.77434E-4
2436.37734     9.16757E-4
2436.43761     5.3008E-4
2436.49787    -1.65597E-4
2436.55814    -9.12742E-5
2436.6184      5.33049E-4
2436.67866     6.28372E-4
2436.73893    -5.43055E-5
2436.79919    -4.24983E-4
2436.85946     1.0734E-4
2436.91972     6.50663E-4
2436.97999     3.21986E-4
2437.04025    -3.34691E-4
2437.10052    -2.14368E-4
2437.16078     4.69955E-4
2437.22104     5.49278E-4
2437.28131    -1.31399E-4
2437.34157    -3.11076E-4
2437.40184     3.13247E-4
2437.4621      8.05569E-4
2437.52237     3.87892E-4
2437.58263    -2.44785E-4
2437.6429      3.15382E-5
2437.70316     7.55861E-4
2437.76343     7.03184E-4
2437.82369     4.0507E-5
2437.88396    -1.6117E-4
2437.94422     4.69153E-4
2438.00448     9.37476E-4
2438.06475     4.60799E-4
2438.12501    -9.78785E-5
2438.18528     2.24444E-4
2438.24554     8.43767E-4
2438.30581     6.6109E-4
2438.36607    -5.15869E-5
2438.42634    -1.20264E-4
2438.4866      5.53059E-4
2438.54687     7.28382E-4
2438.60713     9.77048E-5
2438.6674     -4.25972E-4
2438.72766    -1.06649E-4
2438.78793     5.41674E-4
2438.84819     3.53996E-4
2438.90845    -4.43681E-4
2438.96872    -5.11358E-4
2439.02898     1.77965E-4
2439.08925     4.30288E-4
2439.14951    -1.75389E-4
2439.20978    -6.92066E-4
2439.27004    -1.12743E-4
2439.33031     5.0258E-4
2439.39057     1.94903E-4
2439.45084    -4.12774E-4
2439.5111     -2.70452E-4
2439.57136     3.78871E-4
2439.63163     5.06194E-4
2439.69189    -1.00483E-4
2439.75216    -4.7916E-4
2439.81242     7.5163E-5
2439.87269     7.04486E-4
2439.93295     4.63809E-4
2439.99322    -2.40868E-4
2440.05348    -4.35453E-5
2440.11375     7.41778E-4
2440.17401     7.561E-4
2440.23428     1.02423E-4
2440.29454    -1.69254E-4
2440.3548      3.52069E-4
2440.41507     8.61392E-4
2440.47533     4.00715E-4
2440.5356     -2.24962E-4
2440.59586    -3.56391E-5
2440.65613     6.37684E-4
2440.71639     5.67007E-4
2440.77666    -2.3767E-4
2440.83692    -4.32347E-4
2440.89719     1.72975E-4
2440.95745     5.27298E-4
2441.01772     9.16213E-5
2441.07798    -4.83056E-4
2441.13825    -2.37733E-4
2441.19851     3.3359E-4
2441.25877     2.01913E-4
2441.31904    -4.65764E-4
2441.3793     -5.65441E-4
2441.43957     4.28816E-5
2441.49983     3.50205E-4
2441.5601     -1.67473E-4
2441.62036    -6.3615E-4
2441.68063    -2.28827E-4
2441.74089     4.34496E-4
2441.80116     3.10819E-4
2441.86142    -3.85858E-4
2441.92168    -3.68535E-4
2441.98195     3.54788E-4
2442.04221     6.30111E-4
2442.10248     6.84337E-5
2442.16274    -3.67243E-4
2442.22301     1.2908E-4
2442.28327     7.57402E-4
2442.34354     4.82725E-4
2442.4038     -1.60952E-4
2442.46407    -1.01629E-4
2442.52433     5.84694E-4
2442.58459     7.41017E-4
2442.64486     6.63399E-5
2442.70512    -3.48337E-4
2442.76539     1.79986E-4
2442.82565     7.73309E-4
2442.88592     3.05632E-4
2442.94618    -3.78046E-4
2443.00645    -2.74723E-4
2443.06671     3.946E-4
2443.12698     4.22923E-4
2443.18724    -3.00754E-4
2443.24751    -5.51431E-4
2443.30777     6.48919E-5
2443.36804     5.06215E-4
2443.4283      5.37767E-7
2443.48856    -6.74139E-4
2443.54883    -4.49816E-4
2443.60909     2.65506E-4
2443.66936     3.12829E-4
2443.72962    -3.51848E-4
2443.78989    -5.61525E-4
2443.85015     1.32798E-4
2443.91042     5.73121E-4
2443.97068    -1.55605E-6
2444.03095    -4.93233E-4
2444.09121    -6.29102E-5
2444.15148     5.80413E-4
2444.21174     5.59736E-4
2444.272      -1.36941E-4
2444.33227    -3.05619E-4
2444.39253     5.26704E-4
2444.4528      9.05027E-4
2444.51306     3.3035E-4
2444.57333    -2.32327E-4
2444.63359     1.09996E-4
2444.69386     7.26319E-4
2444.75412     5.78642E-4
2444.81439    -5.00353E-5
2444.87465    -1.15712E-4
2444.93491     5.79611E-4
2444.99518     7.61933E-4
2445.05544     7.32564E-5
2445.11571    -3.88421E-4
2445.17597     3.90219E-6
2445.23624     5.20225E-4
2445.2965      2.23548E-4
2445.35677    -3.82129E-4
2445.41703    -3.18806E-4
2445.4773      3.16517E-4
2445.53756     4.8484E-4
2445.59782    -2.03837E-4
2445.65809    -6.37515E-4
2445.71835    -1.39192E-4
2445.77862     4.51131E-4
2445.83888     8.94542E-5
2445.89915    -5.92223E-4
2445.95941    -4.069E-4
2446.01968     3.07423E-4
2446.07994     3.91746E-4
2446.14021    -2.78931E-4
2446.20047    -6.04608E-4
2446.26074     6.87146E-5
2446.321       7.05038E-4
2446.38127     2.7236E-4
2446.44153    -3.81317E-4
2446.50179    -8.49937E-5
2446.56206     6.93329E-4
2446.62232     6.86652E-4
2446.68259    -1.5025E-5
2446.74285    -2.44702E-4
2446.80312     3.56621E-4
2446.86338     7.77944E-4
2446.92365     3.45267E-4
2446.98391    -2.3741E-4
2447.04418     4.91245E-6
2447.10444     6.84235E-4
2447.16471     5.56558E-4
2447.22497    -1.98119E-4
2447.28523    -3.23796E-4
2447.3455      2.66527E-4
2447.40576     5.7485E-4
2447.46603    -8.82716E-6
2447.52629    -6.11504E-4
2447.58656    -2.15181E-4
2447.64682     4.30142E-4
2447.70709     1.96465E-4
2447.76735    -5.52213E-4
2447.82762    -6.0589E-4
2447.88788     5.14332E-5
2447.94814     3.66756E-4
2448.00841    -1.87921E-4
2448.06867    -7.43598E-4
2448.12894    -2.59275E-4
2448.1892      3.89048E-4
2448.24947     5.33707E-5
2448.30973    -6.17306E-4
2448.37       -5.12983E-4
2448.43026     2.53339E-4
2448.49053     4.35662E-4
2448.55079    -1.39015E-4
2448.61105    -4.84692E-4
2448.67132     1.66311E-5
2448.73158     6.11954E-4
2448.79185     3.40277E-4
2448.85211    -3.064E-4
2448.91238    -2.00077E-4
2448.97264     5.15246E-4
2449.03291     7.04569E-4
2449.09317    -3.01085E-5
2449.15344    -3.70786E-4
2449.2137      2.27537E-4
2449.27397     7.3886E-4
2449.33423     2.58183E-4
2449.3945     -4.62494E-4
2449.45476    -3.15171E-4
2449.51502     3.95152E-4
2449.57529     3.60475E-4
2449.63555    -3.79202E-4
2449.69582    -6.45879E-4
2449.75608    -2.05565E-5
2449.81635     3.39766E-4
2449.87661    -2.27911E-4
2449.93688    -8.32588E-4
2449.99714    -5.31265E-4
