2250.03919     3.08074E-4
2250.09946     2.91861E-4
2250.15972     3.47404E-4
2250.21999     4.16852E-4
2250.28025     2.91504E-4
2250.34051     2.04517E-4
2250.40078     2.97714E-4
2250.46104     4.34912E-4
2250.52131     3.64985E-4
2250.58157     1.54197E-4
2250.64184    -3.73053E-5
2250.7021      1.08672E-4
2250.76237     3.70205E-4
2250.82263     3.66357E-4
2250.8829      2.46115E-4
2250.94316     2.98598E-4
2251.00342     5.8615E-4
2251.06369     4.26758E-4
2251.12395     9.22104E-5
2251.18422     2.04493E-4
2251.24448     4.45996E-4
2251.30475     4.37713E-4
2251.36501     2.13371E-4
2251.42528     1.59848E-4
2251.48554     2.77801E-4
2251.54581     3.77509E-4
2251.60607     3.23551E-4
2251.66633     1.00184E-4
2251.7266      5.63863E-5
2251.78686     2.93944E-4
2251.84713     3.21446E-4
2251.90739     1.85129E-4
2251.96766     1.23727E-4
2252.02792     2.55274E-4
2252.08819     4.12117E-4
2252.14845     2.13499E-4
2252.20872     4.53705E-6
2252.26898     8.97396E-5
2252.32925     2.74327E-4
2252.38951     3.55445E-4
2252.44978     1.08582E-4
2252.51004    -1.891E-5
2252.5703      2.01548E-4
2252.63057     3.74915E-4
2252.69083     3.37638E-4
2252.7511      1.2503E-4
2252.81136     1.06318E-4
2252.87163     2.83986E-4
2252.93189     3.44138E-4
2252.99216     1.98031E-4
2253.05242     9.44733E-5
2253.11269     2.65676E-4
2253.17295     4.59653E-4
2253.23322     3.35956E-4
2253.29348     1.76289E-4
2253.35374     2.98551E-4
2253.41401     4.74044E-4
2253.47427     3.57326E-4
2253.53454     1.41139E-4
2253.5948      1.56266E-5
2253.65507     2.42214E-4
2253.71533     3.86712E-4
2253.7756      1.92429E-4
2253.83586     3.8927E-5
2253.89613     1.691E-4
2253.95639     3.55967E-4
2254.01665     1.9308E-4
2254.07692    -5.26677E-5
2254.13718    -8.56151E-5
2254.19745     2.26183E-4
2254.25771     3.3045E-4
2254.31798     1.14223E-4
2254.37824    -8.20147E-5
2254.43851     5.62579E-5
2254.49877     3.543E-4
2254.55904     2.10758E-4
2254.6193     -2.60294E-5
2254.67956     5.31482E-5
2254.73983     2.75251E-4
2254.80009     3.46793E-4
2254.86036     2.31876E-4
2254.92062     1.48184E-4
2254.98089     2.44366E-4
2255.04115     4.69174E-4
2255.10142     3.26736E-4
2255.16168     7.51039E-5
2255.22195     1.15277E-4
2255.28221     1.66814E-4
2255.34248     8.92171E-6
2255.40274    -7.47457E-5
2255.46301    -1.78331E-5
2255.52327     2.95979E-4
2255.58353     2.88327E-4
2255.6438     -4.30303E-5
2255.70406    -9.68327E-5
2255.76433     1.6763E-4
2255.82459     3.23662E-4
2255.88486     2.66615E-4
2255.94512     9.06826E-5
2256.00539    -3.18148E-5
2256.06565     6.96578E-5
2256.12592     5.07704E-5
2256.18618    -6.2112E-5
2256.24645    -1.93139E-4
2256.30671    -1.47687E-4
2256.36697    -4.11743E-5
2256.42724    -1.18222E-4
2256.4875     -1.04854E-4
2256.54777    -3.48621E-4
2256.60803    -2.17494E-4
2256.6683      2.73154E-4
2256.72856     5.43063E-5
2256.78883    -4.07561E-4
2256.84909    -1.41659E-4
2256.90935     1.63614E-4
2256.96962     1.52587E-4
2257.02988     6.30392E-5
2257.09015    -7.47682E-5
2257.15041     1.05479E-4
2257.21068     1.96922E-4
2257.27094    -1.67054E-5
2257.33121    -6.42728E-5
2257.39147    -8.59302E-5
2257.45174     5.04424E-5
2257.512       8.6155E-5
2257.57227    -1.20792E-4
2257.63253    -7.45749E-5
2257.69279     8.37427E-5
2257.75306     1.89315E-4
2257.81332     2.14791E-6
2257.87359    -1.12415E-4
2257.93385     4.36631E-5
2257.99412     2.03511E-4
2258.05438     1.30083E-4
2258.11465    -1.09829E-4
2258.17491    -1.04117E-4
2258.23518     1.43511E-4
2258.29544     1.64444E-4
2258.35571    -3.15388E-5
2258.41597    -1.44746E-4
2258.47624     3.44864E-5
2258.5365      1.88459E-4
2258.59676     6.83566E-5
2258.65703    -1.01181E-4
2258.71729    -1.03593E-4
2258.77756     1.46969E-4
2258.83782     1.95987E-4
2258.89809    -7.05655E-5
2258.95835    -2.06608E-4
2259.01862    -2.30529E-6
2259.07888     8.68673E-5
2259.13915    -6.52801E-5
2259.19941    -1.72598E-4
2259.25967    -8.10199E-5
2259.31994     6.32827E-5
2259.3802      7.05002E-5
2259.44047    -9.10022E-5
2259.50073    -1.64435E-4
2259.561       2.3113E-5
2259.62126     1.86506E-4
2259.68153    -5.72118E-5
2259.74179    -2.15599E-4
2259.80206    -3.59716E-5
2259.86232     1.74236E-4
2259.92258     9.82286E-5
2259.98285    -1.11739E-4
2260.04311    -1.18616E-4
2260.10338     1.01506E-4
2260.16364     2.00559E-4
2260.22391     3.50151E-6
2260.28417    -1.98341E-4
2260.34444    -1.13543E-4
2260.4047      8.63193E-5
2260.46497     5.10519E-5
2260.52523    -1.65781E-4
2260.5855     -2.40868E-4
2260.64576    -6.27704E-5
2260.70603    -3.33278E-5
2260.76629    -1.59385E-4
2260.82656    -2.78653E-4
2260.88682    -1.42215E-4
2260.94708     1.25643E-4
2261.00735    -5.05398E-5
2261.06761    -3.47672E-4
2261.12788    -3.08055E-4
2261.18814    -8.02571E-5
2261.24841     3.55755E-5
2261.30867    -6.40187E-6
2261.36894    -5.28643E-5
2261.4292     -3.41917E-5
2261.48947     4.10259E-5
2261.54973    -4.09365E-5
2261.60999    -5.89439E-5
2261.67026     1.33137E-5
2261.73052     2.63096E-4
2261.79079     3.67634E-4
2261.85105    -1.30824E-4
2261.91132    -2.60036E-4
2261.97158    -1.24684E-5
2262.03185     5.25092E-5
2262.09211    -2.34628E-4
2262.15238    -4.07206E-5
2262.21264     1.32417E-4
2262.2729      5.12696E-5
2262.33317    -1.04233E-4
2262.39343    -4.90715E-4
2262.4537     -3.18298E-4
2262.51396    -6.17701E-5
2262.57423     1.02353E-4
2262.63449     9.92501E-5
2262.69476    -4.13312E-4
2262.75502    -4.25755E-4
2262.81529    -6.46121E-5
2262.87555    -4.2676E-4
2262.93582    -3.98602E-4
2262.99608    -1.62069E-4
2263.05635     1.06358E-4
2263.11661     2.73936E-4
2263.17687    -6.56566E-5
2263.23714    -2.54009E-4
2263.2974      4.27036E-5
2263.35767     3.29501E-4
2263.41793     8.74838E-5
2263.4782     -1.98629E-4
2263.53846    -3.49511E-4
2263.59873    -1.92383E-4
2263.65899    -7.35359E-5
2263.71926    -2.52403E-4
2263.77952    -3.02966E-4
2263.83979    -1.86963E-4
2263.90005     4.86245E-5
2263.96031    -3.57229E-5
2264.02058    -2.7108E-4
2264.08084    -1.32503E-4
2264.14111     6.68798E-5
2264.20137     9.25724E-5
2264.26164    -1.86915E-4
2264.3219     -2.88262E-4
2264.38217    -7.31098E-5
2264.44243     1.07748E-4
2264.5027     -4.16796E-5
2264.56296    -2.06022E-4
2264.62322    -2.19504E-4
2264.68349    -7.83684E-6
2264.74375     1.00931E-4
2264.80402    -1.23062E-4
2264.86428    -2.48324E-4
2264.92455    -1.49741E-4
2264.98481    -2.60889E-6
2265.04508    -6.47863E-5
2265.10534    -2.21959E-4
2265.16561    -1.19976E-4
2265.22587     9.75065E-5
2265.28613     2.31891E-5
2265.3464     -1.57553E-4
2265.40666    -2.32981E-4
2265.46693    -4.88232E-5
2265.52719     1.35629E-4
2265.58746    -1.1783E-5
2265.64772    -1.98195E-4
2265.70799     3.31822E-5
2265.76825     3.1345E-4
2265.82852     2.65402E-4
2265.88878     8.4575E-5
2265.94905     5.82175E-5
2266.00931     2.33425E-4
2266.06958     3.39708E-4
2266.12984     8.93703E-5
2266.1901     -1.27092E-4
2266.25037     1.86105E-5
2266.31063     3.17123E-4
2266.3709      3.36876E-4
2266.43116    -1.78517E-5
2266.49143    -1.17814E-4
2266.55169     1.23773E-4
2266.61196     1.76266E-4
2266.67222    -1.02236E-4
2266.73249    -2.62079E-4
2266.79275    -8.26312E-5
2266.85302     9.48464E-5
2266.91328    -5.0666E-5
2266.97354    -2.12998E-4
2267.03381    -2.14211E-4
2267.09407    -3.51824E-6
2267.15434    -7.38566E-6
2267.2146     -2.82513E-4
2267.27487    -4.25055E-4
2267.33513    -2.61603E-4
2267.3954     -5.32603E-5
2267.45566    -1.50723E-4
2267.51593    -2.8192E-4
2267.57619    -1.66063E-4
2267.63645     3.45051E-5
2267.69672     1.14498E-4
2267.75698    -1.5748E-4
2267.81725    -4.13157E-4
2267.87751    -2.07015E-4
2267.93778    -1.5322E-5
2267.99804    -1.54344E-5
2268.05831    -3.68468E-5
2268.11857    -1.25809E-4
2268.17884     1.13093E-4
2268.2391      2.08711E-4
2268.29936    -3.33186E-4
2268.35963    -5.98054E-4
2268.41989    -4.63736E-4
2268.48016    -1.05034E-4
2268.54042    -1.97561E-5
2268.60069    -2.61793E-4
2268.66095    -4.87246E-4
2268.72122    -1.24393E-4
2268.78148     1.49754E-4
2268.84175    -4.48713E-4
2268.90201    -5.15801E-4
2268.96228     4.4802E-5
2269.02254     5.58696E-5
2269.08281    -1.13833E-4
2269.14307    -1.6852E-4
2269.20333     3.93974E-5
2269.2636      1.8502E-4
2269.32386    -2.04927E-4
2269.38413    -5.14465E-4
2269.44439    -6.64042E-4
2269.50466    -2.10915E-4
2269.56492    -1.60467E-4
2269.62519    -4.37114E-4
2269.68545    -4.94387E-4
2269.74572    -3.05874E-4
2269.80598    -1.02669E-6
2269.86625    -1.56244E-4
2269.92651    -5.40207E-4
2269.98677    -5.44079E-4
2270.04704    -2.23661E-4
2270.1073     -1.20519E-4
2270.16757    -2.28066E-4
2270.22783    -4.11709E-4
2270.2881     -2.18531E-4
2270.34836     5.76666E-5
2270.40863    -1.18616E-4
2270.46889    -4.60848E-4
2270.52916    -3.20791E-4
2270.58942    -2.9743E-5
2270.64968     1.08046E-5
2270.70995    -1.67743E-4
2270.77021    -2.971E-4
2270.83048    -1.32493E-4
2270.89074     7.06999E-5
2270.95101    -1.25922E-4
2271.01127    -3.8167E-4
2271.07154    -3.76762E-4
2271.1318     -1.7443E-4
2271.19207    -1.21787E-4
2271.25233    -3.48985E-4
2271.31259    -3.93422E-4
2271.37286    -1.77614E-4
2271.43313    -2.02718E-5
2271.49339    -1.86264E-4
2271.55365    -4.18752E-4
2271.61392    -2.49114E-4
2271.67418    -8.41814E-5
2271.73445    -1.54029E-4
2271.79471    -3.80396E-4
2271.85498    -4.04499E-4
2271.91524    -2.10131E-4
2271.97551    -1.66743E-4
2272.03577    -3.63281E-4
2272.09604    -4.35438E-4
2272.1563     -3.39276E-4
2272.21656    -6.38381E-5
2272.27683    -1.39705E-5
2272.33709    -2.46498E-4
2272.39736    -2.5043E-4
2272.45762    -1.71418E-4
2272.51789    -7.63251E-5
2272.57815    -1.77488E-4
2272.63842    -3.0998E-4
2272.69868    -1.36852E-4
2272.75895     3.04202E-5
2272.81921    -3.01372E-5
2272.87948    -2.77745E-4
2272.93974    -2.28177E-4
2273.         -2.54344E-5
2273.06027     1.52332E-5
2273.12053    -1.02949E-4
2273.1808     -1.26522E-4
2273.24106     6.75209E-5
2273.30133     1.99799E-4
2273.36159     4.7511E-6
2273.42186    -2.25031E-4
2273.48212    -1.26744E-4
2273.54239     8.54539E-5
2273.60265     4.68965E-5
2273.66291    -1.79116E-4
2273.72318    -3.13198E-4
2273.78344    -1.37121E-4
2273.84371     1.34317E-4
2273.90397     2.36594E-5
2273.96424    -2.52113E-4
2274.0245     -1.2562E-4
2274.08477     8.60722E-5
2274.14503     2.7061E-4
2274.2053      1.33567E-4
2274.26556     9.745E-5
2274.32582     1.80233E-4
2274.38609     1.8428E-4
2274.44636    -2.11797E-4
2274.50662    -1.37055E-4
2274.56688     3.65533E-4
2274.62715     3.12561E-4
2274.68741     1.47113E-4
2274.74768     6.97557E-5
2274.80794     3.38908E-4
2274.86821     6.03746E-4
2274.92847     4.13618E-4
2274.98874     3.70981E-4
2275.049       6.56454E-4
2275.10927     4.85121E-4
2275.16953     4.31524E-4
2275.22979     5.17041E-4
2275.29006     4.28779E-4
2275.35032     6.59837E-4
2275.41059     7.38084E-4
2275.47085     6.30987E-4
2275.53112     7.61224E-4
2275.59138     8.37527E-4
2275.65165     9.6265E-4
2275.71191     9.09922E-4
2275.77218     6.8485E-4
2275.83244     5.12037E-4
2275.89271     5.64795E-4
2275.95297     0.00103
2276.01323     0.00123
2276.0735      7.39428E-4
2276.13376     3.00025E-4
2276.19403     5.48273E-4
2276.25429     8.38765E-4
2276.31456     8.72393E-4
2276.37482     8.22491E-4
2276.43509     8.02288E-4
2276.49535     9.73941E-4
2276.55562     0.00102
2276.61588     8.92886E-4
2276.67614     8.44954E-4
2276.73641     0.00104
2276.79667     0.00134
2276.85694     0.00135
2276.9172      0.00118
2276.97747     0.00126
2277.03773     0.00155
2277.098       0.00159
2277.15826     0.0015
2277.21853     0.0015
2277.27879     0.00168
2277.33906     0.00189
2277.39932     0.00175
2277.45959     0.00163
2277.51985     0.00182
2277.58011     0.00197
2277.64038     0.00196
2277.70064     0.00184
2277.76091     0.00189
2277.82117     0.0022
2277.88144     0.00233
2277.9417      0.00222
2278.00197     0.00205
2278.06223     0.00212
2278.1225      0.00233
2278.18276     0.00237
2278.24303     0.00225
2278.30329     0.00233
2278.36355     0.00258
2278.42382     0.00273
2278.48408     0.00267
2278.54435     0.0026
2278.60461     0.00278
2278.66488     0.003
2278.72514     0.00298
2278.78541     0.00298
2278.84567     0.00319
2278.90594     0.00351
2278.9662      0.00361
2279.02646     0.00336
2279.08673     0.00335
2279.14699     0.00371
2279.20726     0.00406
2279.26752     0.00405
2279.32779     0.00401
2279.38805     0.00435
2279.44832     0.00464
2279.50858     0.00474
2279.56885     0.00466
2279.62911     0.00477
2279.68937     0.00512
2279.74964     0.00553
2279.8099      0.00554
2279.87017     0.00551
2279.93043     0.00588
2279.9907      0.00636
2280.05096     0.00658
2280.11123     0.00675
2280.17149     0.00694
2280.23176     0.00737
2280.29202     0.00787
2280.35229     0.00799
2280.41255     0.0082
2280.47282     0.00841
2280.53308     0.00865
2280.59334     0.00891
2280.65361     0.00904
2280.71387     0.00902
2280.77414     0.00946
2280.8344      0.00981
2280.89467     0.00979
2280.95493     0.01022
2281.0152      0.01072
2281.07546     0.01114
2281.13573     0.0114
2281.19599     0.01213
2281.25625     0.01289
2281.31652     0.0136
2281.37678     0.01488
2281.43705     0.01582
2281.49731     0.01658
2281.55758     0.01836
2281.61784     0.01957
2281.67811     0.02088
2281.73837     0.02208
2281.79864     0.02314
2281.8589      0.02501
2281.91916     0.02648
2281.97943     0.02754
2282.03969     0.02925
2282.09996     0.0311
2282.16022     0.0329
2282.22049     0.03492
2282.28075     0.03628
2282.34102     0.0381
2282.40128     0.04055
2282.46155     0.04267
2282.52181     0.04425
2282.58208     0.046
2282.64234     0.04777
2282.7026      0.04902
2282.76287     0.04945
2282.82313     0.04937
2282.8834      0.04914
2282.94366     0.04862
2283.00393     0.0475
2283.06419     0.04584
2283.12446     0.04409
2283.18472     0.04239
2283.24499     0.04064
2283.30525     0.03866
2283.36552     0.03659
2283.42578     0.0347
2283.48605     0.03299
2283.54631     0.03113
2283.60657     0.02911
2283.66684     0.02736
2283.7271      0.02582
2283.78737     0.02418
2283.84763     0.02247
2283.9079      0.02089
2283.96816     0.01962
2284.02843     0.01842
2284.08869     0.0171
2284.14896     0.01568
2284.20922     0.01444
2284.26948     0.01349
2284.32975     0.01259
2284.39001     0.01161
2284.45028     0.01061
2284.51054     0.00999
2284.57081     0.00956
2284.63107     0.00893
2284.69134     0.00819
2284.7516      0.0078
2284.81187     0.0077
2284.87213     0.00749
2284.93239     0.00718
2284.99266     0.00702
2285.05293     0.00713
2285.11319     0.00734
2285.17345     0.00724
2285.23372     0.00692
2285.29398     0.00692
2285.35425     0.00704
2285.41451     0.00689
2285.47478     0.0066
2285.53504     0.00627
2285.59531     0.00604
2285.65557     0.00578
2285.71584     0.00533
2285.7761      0.00483
2285.83636     0.00452
2285.89663     0.00446
2285.95689     0.00412
2286.01716     0.00354
2286.07742     0.00319
2286.13769     0.00307
2286.19795     0.00288
2286.25822     0.00253
2286.31848     0.00215
2286.37875     0.00185
2286.43901     0.00195
2286.49928     0.00196
2286.55954     0.00147
2286.6198      0.00132
2286.68007     0.00135
2286.74033     0.00122
2286.8006      9.12524E-4
2286.86086     8.39821E-4
2286.92113     0.00103
2286.98139     0.00105
2287.04166     7.35359E-4
2287.10192     1.67962E-4
2287.16219     1.04192E-5
2287.22245     4.51368E-5
2287.28271    -1.18141E-4
2287.34298    -7.6748E-5
2287.40324    -3.4437E-4
2287.46351    -3.39518E-4
2287.52377     3.21355E-4
2287.58404     2.83867E-4
2287.6443     -1.3833E-4
2287.70457    -6.33248E-6
2287.76483    -4.81915E-4
2287.8251     -3.82372E-4
2287.88536    -8.28472E-6
2287.94563    -1.05007E-4
2288.00589    -2.30345E-5
2288.06616    -2.0147E-5
2288.12642     1.99565E-6
2288.18668    -1.86042E-4
2288.24695    -3.41294E-4
2288.30721    -4.67512E-4
2288.36748    -1.65639E-4
2288.42774    -2.74481E-4
2288.48801    -5.95449E-4
2288.54827    -3.67611E-4
2288.60854    -4.13104E-4
2288.6688     -6.35891E-4
2288.72907    -6.25048E-4
2288.78933    -5.88561E-4
2288.8496     -4.02068E-4
2288.90986    -3.61206E-4
2288.97012    -5.64283E-4
2289.03039    -7.7758E-4
2289.09065    -6.76608E-4
2289.15092    -5.88635E-4
2289.21118    -6.21363E-4
2289.27145    -7.10535E-4
2289.33171    -6.40963E-4
2289.39198    -4.87795E-4
2289.45224    -5.12647E-4
2289.51251    -7.5798E-4
2289.57277    -8.04832E-4
2289.63303    -6.47315E-4
2289.6933     -5.30142E-4
2289.75356    -5.96834E-4
2289.81383    -8.10612E-4
2289.87409    -6.44134E-4
2289.93436    -4.80062E-4
2289.99462    -5.94934E-4
2290.05489    -7.60006E-4
2290.11515    -8.33249E-4
2290.17542    -6.79856E-4
2290.23568    -6.01209E-4
2290.29594    -7.22301E-4
2290.35621    -8.17684E-4
2290.41647    -7.09341E-4
2290.47674    -4.87823E-4
2290.537      -5.45751E-4
2290.59727    -7.43788E-4
2290.65753    -7.52671E-4
2290.7178     -5.33228E-4
2290.77806    -4.9118E-4
2290.83833    -7.46598E-4
2290.89859    -9.04565E-4
2290.95886    -6.81328E-4
2291.01912    -5.1443E-4
2291.07939    -6.19572E-4
2291.13965    -8.26465E-4
2291.19991    -8.32492E-4
2291.26018    -6.3786E-4
2291.32044    -5.47342E-4
2291.38071    -8.2779E-4
2291.44097    -9.09707E-4
2291.50124    -7.86784E-4
2291.5615     -6.94847E-4
2291.62177    -7.61889E-4
2291.68203    -9.83682E-4
2291.7423     -9.43224E-4
2291.80256    -6.29726E-4
2291.86283    -5.79809E-4
2291.92309    -8.46726E-4
2291.98335    -9.59894E-4
2292.04362    -7.23066E-4
2292.10388    -5.69483E-4
2292.16415    -7.46986E-4
2292.22441    -9.21993E-4
2292.28468    -7.58566E-4
2292.34494    -5.53383E-4
2292.40521    -5.43075E-4
2292.46547    -8.07868E-4
2292.52574    -8.6049E-4
2292.586      -5.46778E-4
2292.64626    -4.9553E-4
2292.70653    -6.49448E-4
2292.76679    -7.1352E-4
2292.82706    -7.26287E-4
2292.88732    -5.48655E-4
2292.94759    -5.19257E-4
2293.00785    -7.9964E-4
2293.06812    -7.96057E-4
2293.12838    -6.33179E-4
2293.18865    -7.11152E-4
2293.24891    -7.90474E-4
2293.30917    -6.79737E-4
2293.36944    -5.01784E-4
2293.4297     -2.94086E-4
2293.48997    -4.05199E-4
2293.55023    -0.00105
2293.6105     -8.50919E-4
2293.67076    -4.85536E-4
2293.73103    -6.00243E-4
2293.79129    -6.39531E-4
2293.85156    -7.48978E-4
2293.91182    -5.75466E-4
2293.97209    -6.47023E-4
2294.03235    -7.61406E-4
2294.09262    -9.90228E-4
2294.15288    -0.00102
2294.21314    -6.95388E-4
2294.27341    -6.02735E-4
2294.33367    -8.26028E-4
2294.39394    -8.8911E-4
2294.4542     -3.93452E-4
2294.51447    -5.29225E-4
2294.57473    -8.37747E-4
2294.635      -7.00695E-4
2294.69526    -3.39777E-4
2294.75553    -8.68245E-5
2294.81579    -2.66957E-4
2294.87606    -4.79339E-4
2294.93632    -5.30772E-4
2294.99658    -8.20684E-4
2295.05685    -8.78092E-4
2295.11711    -8.63774E-4
2295.17738    -7.60831E-4
2295.23764    -5.81549E-4
2295.29791    -6.77426E-4
2295.35817    -8.06759E-4
2295.41844    -7.88646E-4
2295.4787     -7.84218E-4
2295.53897    -7.58561E-4
2295.59923    -6.23203E-4
2295.65949    -7.15061E-4
2295.71976    -9.33088E-4
2295.78002    -7.357E-4
2295.84029    -5.02203E-4
2295.90055    -5.58475E-4
2295.96082    -7.95568E-4
2296.02108    -8.95215E-4
2296.08135    -5.77722E-4
2296.14161    -4.96785E-4
2296.20188    -6.73992E-4
2296.26214    -8.2377E-4
2296.3224     -7.30457E-4
2296.38267    -4.63165E-4
2296.44293    -5.19222E-4
2296.5032     -7.26219E-4
2296.56346    -7.27067E-4
2296.62373    -4.74499E-4
2296.68399    -3.13917E-4
2296.74426    -5.27674E-4
2296.80452    -6.27241E-4
2296.86479    -4.36349E-4
2296.92505    -4.03371E-4
2296.98532    -6.56259E-4
2297.04558    -8.51586E-4
2297.10585    -7.35568E-4
2297.16611    -4.86251E-4
2297.22637    -4.63923E-4
2297.28664    -6.43681E-4
2297.3469     -6.59073E-4
2297.40717    -5.16538E-4
2297.46743    -4.0442E-4
2297.5277     -4.61116E-4
2297.58796    -6.63303E-4
2297.64823    -5.7688E-4
2297.70849    -3.85257E-4
2297.76876    -4.27828E-4
2297.82902    -6.4325E-4
2297.88929    -7.88682E-4
2297.94955    -6.28694E-4
2298.00981    -4.742E-4
2298.07008    -5.83202E-4
2298.13034    -7.95384E-4
2298.19061    -7.34566E-4
2298.25087    -5.56122E-4
2298.31114    -5.69549E-4
2298.3714     -7.13781E-4
2298.43167    -7.18408E-4
2298.49193    -4.39224E-4
2298.5522     -3.89446E-4
2298.61246    -5.62053E-4
2298.67272    -6.45305E-4
2298.73299    -5.94281E-4
2298.79325    -4.42028E-4
2298.85352    -4.8508E-4
2298.91378    -6.75467E-4
2298.97405    -7.30088E-4
2299.03431    -5.83645E-4
2299.09458    -3.05502E-4
2299.15484    -3.18664E-4
2299.21511    -5.4657E-4
2299.27537    -5.18567E-4
2299.33563    -4.64759E-4
2299.3959     -3.49746E-4
2299.45617    -5.93132E-4
2299.51643    -7.87729E-4
2299.57669    -2.75101E-4
2299.63696    -1.53618E-4
2299.69722    -6.02959E-4
2299.75749    -8.56246E-4
2299.81775    -2.00283E-4
2299.87802     1.44225E-4
2299.93828    -3.74541E-4
2299.99855    -8.11178E-4
2300.05881    -8.39115E-4
2300.11908    -6.17362E-4
2300.17934    -4.61883E-4
2300.2396     -4.96575E-4
2300.29987    -8.14582E-4
2300.36013    -7.87599E-4
2300.4204     -6.5022E-4
2300.48066    -4.21762E-4
2300.54093    -4.83209E-4
2300.60119    -2.5206E-4
2300.66146     4.16153E-4
2300.72172    -1.9544E-5
2300.78199    -5.87701E-4
2300.84225    -8.16517E-4
2300.90252    -2.45249E-4
2300.96278    -1.76291E-4
2301.02304    -1.22027E-5
2301.08331    -3.59879E-4
2301.14357    -4.51041E-4
2301.20384    -4.11829E-5
2301.2641      7.08953E-5
2301.32437    -1.95516E-4
2301.38463    -3.20228E-4
2301.4449     -1.1876E-4
2301.50516    -1.32007E-4
2301.56543    -3.91183E-4
2301.62569    -5.25505E-4
2301.68595    -3.07207E-4
2301.74622    -1.19089E-4
2301.80648    -2.0339E-4
2301.86675    -3.66737E-4
2301.92701    -4.76899E-4
2301.98728    -2.92861E-4
2302.04754    -1.64672E-4
2302.10781    -3.83314E-4
2302.16807    -5.59246E-4
2302.22834    -3.90513E-4
2302.2886     -2.17084E-4
2302.34886    -2.84406E-4
2302.40913    -4.17678E-4
2302.4694     -5.29315E-4
2302.52966    -4.68731E-4
2302.58992    -3.66303E-4
2302.65019    -3.53165E-4
2302.71045    -4.57842E-4
2302.77072    -3.17273E-4
2302.83098    -1.36085E-4
2302.89125    -2.62492E-4
2302.95151    -4.46404E-4
2303.01178    -4.38365E-4
2303.07204    -2.43397E-4
2303.13231    -8.83988E-5
2303.19257    -2.67631E-4
2303.25283    -3.72932E-4
2303.3131     -2.39524E-4
2303.37336    -7.89758E-5
2303.43363    -2.29727E-4
2303.49389    -4.78704E-4
2303.55416    -3.51786E-4
2303.61442    -7.29427E-5
2303.67469    -9.97345E-5
2303.73495    -1.78941E-4
2303.79522    -1.64893E-4
2303.85548    -8.01097E-5
2303.91574     3.19786E-5
2303.97601    -1.30158E-4
2304.03627    -3.51205E-4
2304.09654    -2.79332E-4
2304.1568     -1.89234E-5
2304.21707     1.98598E-5
2304.27733    -1.99072E-4
2304.3376     -2.84004E-4
2304.39786    -1.7139E-4
2304.45813    -1.30902E-4
2304.51839    -4.01549E-4
2304.57866    -5.63641E-4
2304.63892    -3.67742E-4
2304.69918    -3.07049E-4
2304.75945    -2.84891E-4
2304.81971    -2.06953E-4
2304.87998    -2.08874E-4
2304.94024    -1.58756E-4
2305.00051    -1.06329E-5
2305.06077    -3.85846E-5
2305.12104    -2.55266E-4
2305.1813     -1.17833E-4
2305.24157     2.234E-4
2305.30183     1.14598E-4
2305.3621     -3.99483E-5
2305.42236     8.18499E-5
2305.48263     1.31838E-4
2305.54289     3.19314E-5
2305.60315    -2.81375E-4
2305.66342    -7.63671E-5
2305.72368     1.49866E-4
2305.78395     9.88445E-6
2305.84421     7.05377E-5
2305.90448     1.21381E-4
2305.96474     2.35392E-5
2306.02501    -5.35252E-6
2306.08527     7.33457E-5
2306.14554     2.08934E-4
2306.2058     -2.23578E-5
2306.26606    -2.56545E-5
2306.32633     5.08638E-5
2306.38659    -7.7308E-5
2306.44686     3.82553E-5
2306.50712    -9.69365E-5
2306.56739    -2.27473E-4
2306.62765    -4.591E-4
2306.68792    -2.98802E-4
2306.74818    -2.58698E-4
2306.80845    -6.68895E-4
2306.86871    -5.42617E-4
2306.92897     1.19156E-4
2306.98924     3.88445E-5
2307.0495      4.24448E-4
2307.10977     5.69261E-4
2307.17003     3.71284E-4
2307.2303      2.88748E-4
2307.29056     1.40886E-4
2307.35083     5.40204E-4
2307.41109     4.83127E-4
2307.47136     5.25456E-5
2307.53162     2.86909E-4
2307.59189     1.77582E-4
2307.65215     2.93315E-4
2307.71242     3.00564E-4
2307.77268     5.28169E-5
2307.83294     1.6967E-4
2307.89321     3.28083E-4
2307.95347     3.57517E-4
2308.01374     2.06905E-4
2308.074       1.05638E-4
2308.13427     2.45836E-4
2308.19453     4.482E-4
2308.2548      4.71513E-4
2308.31506     3.10771E-4
2308.37533     2.53049E-4
2308.43559     3.91888E-4
2308.49586     4.83826E-4
2308.55612     2.70819E-4
2308.61638     2.10082E-4
2308.67665     3.72466E-4
2308.73691     5.12654E-4
2308.79718     3.45057E-4
2308.85744     6.84545E-6
2308.91771    -1.34256E-4
2308.97797     1.55802E-4
2309.03824     5.11075E-4
2309.0985      3.49643E-4
2309.15877     2.45677E-4
2309.21903     5.40575E-4
2309.27929     6.62183E-4
2309.33956     4.93072E-4
2309.39982     2.61065E-4
2309.46009     3.34108E-4
2309.52035     5.06611E-4
2309.58062     5.4906E-4
2309.64088     3.77518E-4
2309.70115     2.78331E-4
2309.76141     6.34324E-4
2309.82168     8.26053E-4
2309.88194     6.69196E-4
2309.9422      4.24964E-4
2310.00247     4.80702E-4
2310.06274     8.02826E-4
2310.123       8.64519E-4
2310.18326     5.86862E-4
2310.24353     4.72965E-4
2310.30379     7.25814E-4
2310.36406     8.25487E-4
2310.42432     6.9516E-4
2310.48459     6.47548E-4
2310.54485     7.77692E-4
2310.60512     8.7779E-4
2310.66538     8.78023E-4
2310.72565     6.51876E-4
2310.78591     6.12365E-4
2310.84617     7.49973E-4
2310.90644     6.50801E-4
2310.9667      3.64434E-4
2311.02697     2.15313E-4
2311.08723     6.60291E-4
2311.1475      0.00113
2311.20776     0.00104
2311.26803     7.57006E-4
2311.32829     7.47459E-4
2311.38856     9.53727E-4
2311.44882     0.00103
2311.50909     8.97554E-4
2311.56935     8.22867E-4
2311.62961     9.82575E-4
2311.68988     0.00109
2311.75014     0.00103
2311.81041     9.1872E-4
2311.87067     0.00103
2311.93094     0.00121
2311.9912      0.00118
2312.05147     0.00101
2312.11173     8.43271E-4
2312.172       9.83244E-4
2312.23226     0.00126
2312.29252     0.00142
2312.35279     9.36899E-4
2312.41305     0.00114
2312.47332     0.00119
2312.53358     0.00125
2312.59385     0.00114
2312.65411     0.00105
2312.71438     0.00104
2312.77464     0.00108
2312.83491     0.00104
2312.89517     4.21939E-4
2312.95543     0.00109
2313.0157      0.00138
2313.07597     0.00105
2313.13623     6.30792E-4
2313.19649     0.00101
2313.25676     0.00179
2313.31702     0.00158
2313.37729     0.00145
2313.43755     9.36643E-4
2313.49782     7.57911E-4
2313.55808     0.00106
2313.61835     0.00124
2313.67861     0.00103
2313.73888     0.00152
2313.79914     0.00195
2313.85941     0.00139
2313.91967     0.00106
2313.97993     0.00114
2314.0402      9.4621E-4
2314.10046     0.00147
2314.16073     0.0015
2314.22099     0.00148
2314.28126     0.00163
2314.34152     0.00168
2314.40179     0.00178
2314.46205     0.00166
2314.52232     0.00149
2314.58258     0.00162
2314.64284     0.00178
2314.70311     0.00177
2314.76337     0.0015
2314.82364     0.00152
2314.8839      0.00174
2314.94417     0.00165
2315.00443     0.00125
2315.0647      7.30356E-4
2315.12496     9.96744E-4
2315.18523     0.00188
2315.24549     0.00209
2315.30575     0.00189
2315.36602     0.00183
2315.42628     0.002
2315.48655     0.00209
2315.54681     0.00183
2315.60708     0.00168
2315.66734     0.00195
2315.72761     0.00216
2315.78787     0.00215
2315.84814     0.00201
2315.9084      0.00211
2315.96867     0.00233
2316.02893     0.00222
2316.0892      0.00201
2316.14946     0.00207
2316.20972     0.00237
2316.26999     0.00244
2316.33025     0.00234
2316.39052     0.0023
2316.45078     0.00246
2316.51105     0.00264
2316.57131     0.00265
2316.63158     0.00245
2316.69184     0.00246
2316.75211     0.00277
2316.81237     0.00275
2316.87264     0.0024
2316.9329      0.00216
2316.99316     0.00206
2317.05343     0.00202
2317.11369     0.00215
2317.17396     0.00275
2317.23422     0.00315
2317.29449     0.0032
2317.35475     0.0032
2317.41502     0.00292
2317.47528     0.00267
2317.53555     0.00287
2317.59581     0.00307
2317.65607     0.00305
2317.71634     0.00289
2317.7766      0.00288
2317.83687     0.00306
2317.89713     0.00313
2317.9574      0.00306
2318.01766     0.0031
2318.07793     0.00333
2318.13819     0.00353
2318.19846     0.00326
2318.25872     0.0033
2318.31898     0.00349
2318.37925     0.00349
2318.43951     0.00343
2318.49978     0.00363
2318.56004     0.00375
2318.62031     0.00393
2318.68057     0.00433
2318.74084     0.00385
2318.8011      0.00334
2318.86137     0.00339
2318.92163     0.00347
2318.9819      0.00338
2319.04216     0.0028
2319.10243     0.00304
2319.16269     0.00368
2319.22295     0.00443
2319.28322     0.0042
2319.34348     0.00361
2319.40375     0.00446
2319.46401     0.00465
2319.52428     0.00456
2319.58454     0.00445
2319.64481     0.00406
2319.70507     0.00463
2319.76534     0.00467
2319.8256      0.00484
2319.88587     0.00468
2319.94613     0.00442
2320.00639     0.00488
2320.06666     0.00515
2320.12692     0.00492
2320.18719     0.00494
2320.24745     0.00507
2320.30772     0.00541
2320.36798     0.00545
2320.42825     0.00529
2320.48851     0.00539
2320.54878     0.00546
2320.60904     0.00558
2320.6693      0.00537
2320.72957     0.00557
2320.78983     0.00601
2320.8501      0.00603
2320.91036     0.00563
2320.97063     0.00519
2321.03089     0.00545
2321.09116     0.0065
2321.15142     0.00719
2321.21169     0.00689
2321.27195     0.00672
2321.33221     0.00693
2321.39248     0.00703
2321.45274     0.00689
2321.51301     0.00682
2321.57327     0.0072
2321.63354     0.00757
2321.6938      0.00746
2321.75407     0.00729
2321.81433     0.00756
2321.8746      0.00782
2321.93486     0.00796
2321.99513     0.00786
2322.05539     0.00787
2322.11566     0.0082
2322.17592     0.00848
2322.23618     0.00856
2322.29645     0.0086
2322.35671     0.0088
2322.41698     0.00909
2322.47724     0.00934
2322.53751     0.00937
2322.59777     0.00954
2322.65804     0.00996
2322.7183      0.01027
2322.77857     0.01002
2322.83883     0.00964
2322.8991      0.00965
2322.95936     0.01005
2323.01962     0.01113
2323.07989     0.01221
2323.14015     0.01239
2323.20042     0.01243
2323.26068     0.01263
2323.32095     0.01267
2323.38121     0.01289
2323.44148     0.01331
2323.50174     0.01384
2323.56201     0.01405
2323.62227     0.01419
2323.68253     0.01456
2323.7428      0.01519
2323.80306     0.01571
2323.86333     0.01592
2323.92359     0.01618
2323.98386     0.01668
2324.04412     0.01727
2324.10439     0.01753
2324.16465     0.01767
2324.22492     0.01809
2324.28518     0.01888
2324.34544     0.01959
2324.40571     0.01975
2324.46598     0.02015
2324.52624     0.02073
2324.5865      0.02106
2324.64677     0.02133
2324.70703     0.02127
2324.7673      0.02128
2324.82756     0.02144
2324.88783     0.02202
2324.94809     0.0241
2325.00836     0.02532
2325.06862     0.0256
2325.12889     0.02578
2325.18915     0.02593
2325.24941     0.02643
2325.30968     0.02677
2325.36994     0.02692
2325.43021     0.02743
2325.49047     0.02812
2325.55074     0.02834
2325.611       0.02939
2325.67127     0.03016
2325.73153     0.0304
2325.7918      0.03107
2325.85206     0.03166
2325.91232     0.03201
2325.97259     0.03268
2326.03285     0.03285
2326.09312     0.03338
2326.15338     0.03479
2326.21365     0.03551
2326.27391     0.03608
2326.33418     0.03673
2326.39444     0.03735
2326.45471     0.03807
2326.51497     0.03878
2326.57524     0.03903
2326.6355      0.03901
2326.69576     0.03961
2326.75603     0.04149
2326.81629     0.04481
2326.87656     0.04705
2326.93682     0.04698
2326.99709     0.04657
2327.05735     0.04641
2327.11762     0.04651
2327.17788     0.04692
2327.23815     0.04747
2327.29841     0.04775
2327.35867     0.04779
2327.41894     0.04799
2327.47921     0.0484
2327.53947     0.04879
2327.59973     0.04895
2327.66        0.04901
2327.72026     0.04937
2327.78053     0.04987
2327.84079     0.05003
2327.90106     0.04991
2327.96132     0.04998
2328.02159     0.05054
2328.08185     0.05114
2328.14212     0.0513
2328.20238     0.0513
2328.26264     0.05163
2328.32291     0.05214
2328.38317     0.05216
2328.44344     0.0518
2328.5037      0.05153
2328.56397     0.05191
2328.62423     0.05354
2328.6845      0.05597
2328.74476     0.05698
2328.80503     0.05659
2328.86529     0.05613
2328.92555     0.05607
2328.98582     0.05615
2329.04608     0.05656
2329.10635     0.05718
2329.16661     0.05763
2329.22688     0.05783
2329.28714     0.05811
2329.34741     0.05882
2329.40767     0.05952
2329.46794     0.05993
2329.5282      0.06009
2329.58847     0.06057
2329.64873     0.06121
2329.709       0.0617
2329.76926     0.06201
2329.82952     0.06241
2329.88979     0.06314
2329.95005     0.06378
2330.01032     0.06407
2330.07058     0.06421
2330.13085     0.06479
2330.19111     0.06547
2330.25138     0.06571
2330.31164     0.06546
2330.37191     0.06526
2330.43217     0.06645
2330.49244     0.06942
2330.5527      0.07188
2330.61296     0.07203
2330.67323     0.07125
2330.73349     0.07102
2330.79376     0.07126
2330.85402     0.07105
2330.91429     0.07174
2330.97455     0.07281
2331.03482     0.07342
2331.09508     0.0739
2331.15535     0.07414
2331.21561     0.07466
2331.27587     0.07568
2331.33614     0.07606
2331.3964      0.07599
2331.45667     0.0769
2331.51693     0.07891
2331.5772      0.07981
2331.63746     0.08027
2331.69773     0.08056
2331.75799     0.08025
2331.81826     0.081
2331.87852     0.08223
2331.93878     0.08227
2331.99905     0.08242
2332.05931     0.08351
2332.11958     0.0837
2332.17984     0.08393
2332.24011     0.08591
2332.30037     0.08895
2332.36064     0.09298
2332.4209      0.09285
2332.48117     0.092
2332.54143     0.09195
2332.6017      0.09267
2332.66196     0.09313
2332.72223     0.09375
2332.78249     0.09393
2332.84275     0.09498
2332.90302     0.09674
2332.96328     0.0978
2333.02355     0.09793
2333.08381     0.09804
2333.14408     0.09933
2333.20434     0.10061
2333.26461     0.10111
2333.32487     0.10179
2333.38514     0.10319
2333.4454      0.10448
2333.50567     0.10518
2333.56593     0.10598
2333.62619     0.10689
2333.68646     0.10799
2333.74672     0.10888
2333.80699     0.10937
2333.86725     0.10963
2333.92752     0.11011
2333.98778     0.11129
2334.04805     0.11451
2334.10831     0.1209
2334.16858     0.12413
2334.22884     0.12343
2334.2891      0.12249
2334.34937     0.12224
2334.40963     0.12294
2334.4699      0.12402
2334.53016     0.12521
2334.59043     0.12615
2334.65069     0.12722
2334.71096     0.12866
2334.77122     0.13021
2334.83149     0.1316
2334.89175     0.13272
2334.95201     0.13397
2335.01228     0.1356
2335.07255     0.1371
2335.13281     0.13838
2335.19307     0.13964
2335.25334     0.14116
2335.3136      0.14312
2335.37387     0.14457
2335.43413     0.14562
2335.4944      0.14682
2335.55466     0.14831
2335.61493     0.14931
2335.67519     0.14958
2335.73546     0.15044
2335.79572     0.15445
2335.85598     0.16303
2335.91625     0.16909
2335.97651     0.16887
2336.03678     0.16786
2336.09704     0.16835
2336.15731     0.16939
2336.21757     0.17034
2336.27784     0.17184
2336.3381      0.17395
2336.39837     0.17602
2336.45863     0.17784
2336.5189      0.17974
2336.57916     0.18183
2336.63942     0.18424
2336.69969     0.18647
2336.75995     0.18841
2336.82022     0.19051
2336.88048     0.19286
2336.94075     0.1954
2337.00101     0.19773
2337.06128     0.19951
2337.12154     0.20202
2337.18181     0.20462
2337.24207     0.20659
2337.30233     0.20785
2337.3626      0.20894
2337.42286     0.21083
2337.48313     0.21297
2337.54339     0.2181
2337.60366     0.22979
2337.66392     0.23832
2337.72419     0.23873
2337.78445     0.23849
2337.84472     0.23915
2337.90498     0.2407
2337.96524     0.24335
2338.02551     0.24564
2338.08578     0.24803
2338.14604     0.25092
2338.2063      0.25396
2338.26657     0.25772
2338.32683     0.26155
2338.3871      0.26457
2338.44736     0.26796
2338.50763     0.27062
2338.56789     0.27387
2338.62816     0.27799
2338.68842     0.28117
2338.74869     0.28549
2338.80895     0.28943
2338.86921     0.29264
2338.92948     0.29619
2338.98974     0.2995
2339.05001     0.30177
2339.11027     0.30429
2339.17054     0.30618
2339.2308      0.31091
2339.29107     0.32297
2339.35133     0.33842
2339.4116      0.34274
2339.47186     0.34261
2339.53213     0.34423
2339.59239     0.34698
2339.65265     0.35067
2339.71292     0.3542
2339.77318     0.35774
2339.83345     0.36237
2339.89371     0.36698
2339.95398     0.37104
2340.01424     0.37508
2340.07451     0.37977
2340.13477     0.38457
2340.19504     0.38914
2340.2553      0.3934
2340.31556     0.39777
2340.37583     0.40288
2340.43609     0.40793
2340.49636     0.41231
2340.55662     0.41632
2340.61689     0.42039
2340.67715     0.42435
2340.73742     0.42745
2340.79768     0.42918
2340.85795     0.43112
2340.91821     0.43725
2340.97848     0.45062
2341.03874     0.46728
2341.09901     0.47551
2341.15927     0.47712
2341.21953     0.47902
2341.2798      0.48138
2341.34006     0.48422
2341.40033     0.48814
2341.46059     0.49238
2341.52086     0.49681
2341.58112     0.50104
2341.64139     0.50491
2341.70165     0.50917
2341.76192     0.51374
2341.82218     0.51809
2341.88245     0.5225
2341.94271     0.52701
2342.00297     0.53132
2342.06324     0.53548
2342.1235      0.53889
2342.18377     0.54205
2342.24403     0.54582
2342.3043      0.54968
2342.36456     0.55181
2342.42483     0.55288
2342.48509     0.55363
2342.54536     0.55607
2342.60562     0.56382
2342.66588     0.57808
2342.72615     0.59113
2342.78641     0.59529
2342.84668     0.59587
2342.90694     0.59647
2342.96721     0.59771
2343.02747     0.60012
2343.08774     0.60305
2343.148       0.60559
2343.20827     0.60751
2343.26853     0.61037
2343.32879     0.61377
2343.38906     0.61701
2343.44932     0.61922
2343.50959     0.62125
2343.56985     0.62354
2343.63012     0.62587
2343.69038     0.62788
2343.75065     0.62927
2343.81091     0.63057
2343.87118     0.63206
2343.93144     0.63278
2343.99171     0.63224
2344.05197     0.63139
2344.11224     0.63088
2344.1725      0.63
2344.23276     0.63337
2344.29303     0.64013
2344.35329     0.64812
2344.41356     0.65147
2344.47382     0.64951
2344.53409     0.64541
2344.59435     0.64266
2344.65462     0.64254
2344.71488     0.64318
2344.77515     0.64263
2344.83541     0.63915
2344.89568     0.6382
2344.95594     0.6371
2345.0162      0.63614
2345.07647     0.63575
2345.13673     0.63314
2345.197       0.63113
2345.25726     0.62978
2345.31753     0.62726
2345.37779     0.62566
2345.43806     0.62287
2345.49832     0.62045
2345.55859     0.61952
2345.61885     0.61621
2345.67911     0.6123
2345.73938     0.60869
2345.79964     0.60549
2345.85991     0.60407
2345.92017     0.60667
2345.98044     0.60785
2346.0407      0.60584
2346.10097     0.60264
2346.16123     0.59949
2346.2215      0.59624
2346.28176     0.59362
2346.34202     0.59092
2346.40229     0.5875
2346.46255     0.58387
2346.52282     0.58085
2346.58308     0.57843
2346.64335     0.57512
2346.70361     0.57155
2346.76388     0.56854
2346.82414     0.56604
2346.88441     0.56376
2346.94467     0.56098
2347.00494     0.55781
2347.0652      0.55482
2347.12547     0.5517
2347.18573     0.54833
2347.24599     0.54425
2347.30626     0.54027
2347.36652     0.53653
2347.42679     0.53399
2347.48705     0.53267
2347.54732     0.53169
2347.60758     0.53014
2347.66785     0.52754
2347.72811     0.52393
2347.78838     0.52027
2347.84864     0.51716
2347.9089      0.51417
2347.96917     0.51089
2348.02943     0.50746
2348.0897      0.50414
2348.14996     0.50183
2348.21023     0.49925
2348.27049     0.49648
2348.33076     0.4937
2348.39102     0.49076
2348.45129     0.48804
2348.51155     0.48498
2348.57181     0.4815
2348.63208     0.47867
2348.69234     0.47631
2348.75261     0.47357
2348.81287     0.47033
2348.87314     0.46717
2348.9334      0.46522
2348.99367     0.46316
2349.05393     0.46024
2349.1142      0.45696
2349.17446     0.45419
2349.23473     0.45173
2349.29499     0.44907
2349.35525     0.44615
2349.41552     0.44296
2349.47578     0.44016
2349.53605     0.43795
2349.59631     0.43553
2349.65658     0.43247
2349.71684     0.42973
2349.77711     0.42786
2349.83737     0.42611
2349.89764     0.42355
2349.9579      0.42079
2350.01817     0.41867
2350.07843     0.41646
2350.1387      0.41391
2350.19896     0.41044
2350.25922     0.40797
2350.31949     0.40694
2350.37975     0.40484
2350.44002     0.40172
2350.50028     0.39917
2350.56055     0.39791
2350.62081     0.39612
2350.68108     0.39354
2350.74134     0.39033
2350.80161     0.38778
2350.86187     0.38523
2350.92213     0.3836
2350.9824      0.38199
2351.04266     0.37992
2351.10293     0.37784
2351.16319     0.37492
2351.22346     0.37259
2351.28372     0.3693
2351.34399     0.36709
2351.40425     0.36801
2351.46452     0.36727
2351.52478     0.36439
2351.58505     0.36225
2351.64531     0.35967
2351.70558     0.3577
2351.76584     0.35635
2351.8261      0.35369
2351.88637     0.35194
2351.94663     0.35016
2352.0069      0.34809
2352.06716     0.34497
2352.12743     0.34312
2352.18769     0.34233
2352.24796     0.34135
2352.30822     0.33932
2352.36849     0.33698
2352.42875     0.33501
2352.48902     0.33338
2352.54928     0.33147
2352.60954     0.3285
2352.66981     0.32522
2352.73007     0.3226
2352.79034     0.32095
2352.8506      0.32108
2352.91087     0.32259
2352.97113     0.32266
2353.0314      0.32087
2353.09166     0.31864
2353.15193     0.31619
2353.21219     0.31421
2353.27245     0.31272
2353.33272     0.31118
2353.39298     0.30931
2353.45325     0.30777
2353.51351     0.30674
2353.57378     0.30545
2353.63404     0.30378
2353.69431     0.30207
2353.75457     0.30048
2353.81484     0.29922
2353.8751      0.29769
2353.93536     0.29567
2353.99563     0.29374
2354.05589     0.29217
2354.11616     0.29024
2354.17642     0.28781
2354.23669     0.28519
2354.29695     0.28433
2354.35722     0.28653
2354.41748     0.28854
2354.47775     0.28753
2354.53801     0.28524
2354.59828     0.28335
2354.65854     0.28185
2354.71881     0.28022
2354.77907     0.27877
2354.83933     0.27767
2354.8996      0.27663
2354.95986     0.27534
2355.02013     0.27384
2355.08039     0.27251
2355.14066     0.27164
2355.20092     0.27054
2355.26119     0.26905
2355.32145     0.26779
2355.38172     0.26662
2355.44198     0.26554
2355.50225     0.26391
2355.56251     0.26149
2355.62277     0.25892
2355.68304     0.2569
2355.7433      0.25612
2355.80357     0.25779
2355.86383     0.26082
2355.9241      0.2611
2355.98436     0.25954
2356.04463     0.25737
2356.10489     0.25515
2356.16516     0.25394
2356.22542     0.25346
2356.28568     0.25263
2356.34595     0.25108
2356.40621     0.24968
2356.46648     0.2499
2356.52674     0.24907
2356.58701     0.24738
2356.64727     0.24572
2356.70754     0.24489
2356.7678      0.2448
2356.82807     0.24398
2356.88833     0.24207
2356.94859     0.2397
2357.00886     0.23833
2357.06912     0.23649
2357.12939     0.23401
2357.18965     0.23284
2357.24992     0.23848
2357.31018     0.24249
2357.37045     0.23945
2357.43071     0.23615
2357.49098     0.23413
2357.55124     0.23313
2357.61151     0.23268
2357.67177     0.23276
2357.73204     0.23149
2357.7923      0.23044
2357.85256     0.22947
2357.91283     0.22823
2357.97309     0.22772
2358.03336     0.22719
2358.09362     0.22654
2358.15389     0.22532
2358.21415     0.22379
2358.27442     0.22324
2358.33468     0.22206
2358.39495     0.22022
2358.45521     0.21851
2358.51548     0.21689
2358.57574     0.21578
2358.636       0.21794
2358.69627     0.22258
2358.75653     0.22273
2358.8168      0.22048
2358.87706     0.21886
2358.93733     0.21758
2358.99759     0.21657
2359.05786     0.21558
2359.11812     0.21477
2359.17839     0.21426
2359.23865     0.21355
2359.29891     0.21259
2359.35918     0.21176
2359.41944     0.21122
2359.47971     0.21081
2359.53997     0.20994
2359.60024     0.2088
2359.6605      0.20806
2359.72077     0.20731
2359.78103     0.20592
2359.8413      0.20356
2359.90156     0.2014
2359.96182     0.20125
2360.02209     0.20412
2360.08235     0.20816
2360.14262     0.20825
2360.20288     0.20619
2360.26315     0.20436
2360.32341     0.20317
2360.38368     0.20212
2360.44394     0.20121
2360.50421     0.2008
2360.56447     0.20055
2360.62474     0.19982
2360.685       0.19906
2360.74527     0.19864
2360.80553     0.19817
2360.86579     0.19747
2360.92606     0.19663
2360.98632     0.19585
2361.04659     0.19513
2361.10685     0.1941
2361.16712     0.19232
2361.22738     0.18998
2361.28765     0.18884
2361.34791     0.19017
2361.40818     0.19403
2361.46844     0.19631
2361.52871     0.19482
2361.58897     0.193
2361.64923     0.1917
2361.7095      0.1905
2361.76976     0.18971
2361.83003     0.18928
2361.89029     0.18897
2361.95056     0.18833
2362.01082     0.18759
2362.07109     0.18708
2362.13135     0.18663
2362.19162     0.1862
2362.25188     0.18575
2362.31214     0.18484
2362.37241     0.18408
2362.43267     0.18333
2362.49294     0.18218
2362.5532      0.17991
2362.61347     0.17798
2362.67373     0.1788
2362.734       0.18349
2362.79426     0.18574
2362.85453     0.1841
2362.91479     0.18286
2362.97505     0.18162
2363.03532     0.17995
2363.09559     0.17949
2363.15585     0.17914
2363.21611     0.17845
2363.27638     0.17765
2363.33664     0.17669
2363.39691     0.17667
2363.45717     0.17665
2363.51744     0.17553
2363.5777      0.17485
2363.63797     0.17446
2363.69823     0.17408
2363.7585      0.17354
2363.81876     0.17231
2363.87902     0.16883
2363.93929     0.16783
2363.99955     0.16986
2364.05982     0.17364
2364.12008     0.17429
2364.18035     0.17326
2364.24061     0.17264
2364.30088     0.17087
2364.36114     0.16976
2364.42141     0.16881
2364.48167     0.16838
2364.54194     0.16837
2364.6022      0.16821
2364.66246     0.16749
2364.72273     0.16694
2364.78299     0.16648
2364.84326     0.1664
2364.90352     0.16631
2364.96379     0.16525
2365.02405     0.16435
2365.08432     0.16328
2365.14458     0.1619
2365.20485     0.16053
2365.26511     0.16093
2365.32537     0.16431
2365.38564     0.16634
2365.4459      0.16525
2365.50617     0.16336
2365.56643     0.16233
2365.6267      0.16193
2365.68696     0.16149
2365.74723     0.16065
2365.80749     0.15997
2365.86776     0.15966
2365.92802     0.15947
2365.98828     0.15901
2366.04855     0.15827
2366.10882     0.15783
2366.16908     0.15746
2366.22934     0.15688
2366.28961     0.15579
2366.34987     0.15442
2366.41014     0.15319
2366.4704      0.15274
2366.53067     0.15333
2366.59093     0.15598
2366.6512      0.15791
2366.71146     0.1567
2366.77173     0.15498
2366.83199     0.15392
2366.89226     0.1531
2366.95252     0.15279
2367.01278     0.15246
2367.07305     0.15177
2367.13331     0.15134
2367.19358     0.15111
2367.25384     0.15094
2367.31411     0.15049
2367.37437     0.14974
2367.43464     0.14916
2367.4949      0.14873
2367.55517     0.14785
2367.61543     0.14635
2367.67569     0.14493
2367.73596     0.14482
2367.79622     0.14684
2367.85649     0.14902
2367.91675     0.14858
2367.97702     0.14713
2368.03728     0.14629
2368.09755     0.14567
2368.15781     0.14485
2368.21808     0.14416
2368.27834     0.14396
2368.3386      0.14384
2368.39887     0.14305
2368.45913     0.1423
2368.5194      0.14203
2368.57966     0.14168
2368.63993     0.14129
2368.70019     0.1404
2368.76046     0.13927
2368.82072     0.1382
2368.88099     0.13725
2368.94125     0.13741
2369.00152     0.13903
2369.06178     0.14092
2369.12205     0.14072
2369.18231     0.13942
2369.24257     0.13839
2369.30284     0.13766
2369.3631      0.1371
2369.42337     0.13608
2369.48363     0.13574
2369.5439      0.13517
2369.60416     0.13464
2369.66443     0.13395
2369.72469     0.13307
2369.78496     0.1329
2369.84522     0.13199
2369.90549     0.13182
2369.96575     0.13111
2370.02601     0.13051
2370.08628     0.12939
2370.14654     0.13022
2370.20681     0.13147
2370.26707     0.13165
2370.32734     0.13142
2370.3876      0.12983
2370.44787     0.12788
2370.50813     0.12745
2370.56839     0.12751
2370.62866     0.12671
2370.68892     0.12585
2370.74919     0.12622
2370.80945     0.12583
2370.86972     0.12479
2370.92998     0.12453
2370.99025     0.12414
2371.05051     0.12325
2371.11078     0.12222
2371.17104     0.1208
2371.23131     0.12021
2371.29157     0.12068
2371.35183     0.12143
2371.4121      0.12235
2371.47236     0.12166
2371.53263     0.12078
2371.59289     0.11997
2371.65316     0.11898
2371.71342     0.11818
2371.77369     0.11787
2371.83395     0.11764
2371.89422     0.11701
2371.95448     0.11626
2372.01475     0.11572
2372.07501     0.11535
2372.13528     0.11474
2372.19554     0.11392
2372.2558      0.11305
2372.31607     0.11229
2372.37633     0.11167
2372.4366      0.1114
2372.49686     0.1119
2372.55713     0.11246
2372.61739     0.11198
2372.67766     0.11089
2372.73792     0.10974
2372.79819     0.10902
2372.85845     0.10888
2372.91871     0.10843
2372.97898     0.10757
2373.03924     0.10702
2373.09951     0.10656
2373.15977     0.10607
2373.22004     0.1055
2373.2803      0.10476
2373.34057     0.1039
2373.40083     0.10323
2373.4611      0.10263
2373.52136     0.10198
2373.58162     0.10201
2373.64189     0.10263
2373.70215     0.10252
2373.76242     0.10161
2373.82268     0.10043
2373.88295     0.0998
2373.94321     0.09967
2374.00348     0.09906
2374.06374     0.09822
2374.12401     0.09766
2374.18427     0.09724
2374.24454     0.09691
2374.3048      0.09624
2374.36507     0.09544
2374.42533     0.09485
2374.48559     0.09427
2374.54586     0.09354
2374.60612     0.09299
2374.66639     0.09291
2374.72665     0.0934
2374.78692     0.09332
2374.84718     0.09254
2374.90745     0.09151
2374.96771     0.09072
2375.02798     0.09059
2375.08824     0.09008
2375.14851     0.0892
2375.20877     0.08844
2375.26903     0.08833
2375.3293      0.08822
2375.38956     0.08756
2375.44983     0.08654
2375.51009     0.08604
2375.57036     0.0861
2375.63062     0.08525
2375.69089     0.08451
2375.75115     0.08451
2375.81142     0.08506
2375.87168     0.08498
2375.93194     0.08402
2375.99221     0.0833
2376.05247     0.08235
2376.11274     0.08168
2376.173       0.08201
2376.23327     0.08093
2376.29353     0.08048
2376.3538      0.07961
2376.41406     0.07935
2376.47433     0.07931
2376.53459     0.07839
2376.59486     0.07807
2376.65512     0.07707
2376.71539     0.07643
2376.77565     0.07661
2376.83591     0.07725
2376.89618     0.07712
2376.95644     0.07586
2377.01671     0.07527
2377.07697     0.07464
2377.13724     0.07389
2377.1975      0.07379
2377.25777     0.07337
2377.31803     0.07266
2377.3783      0.07201
2377.43856     0.07173
2377.49883     0.07121
2377.55909     0.07037
2377.61935     0.06927
2377.67962     0.06891
2377.73988     0.06875
2377.80015     0.0685
2377.86041     0.06816
2377.92068     0.06743
2377.98094     0.06702
2378.04121     0.06661
2378.10147     0.06578
2378.16174     0.06494
2378.222       0.06445
2378.28226     0.06415
2378.34253     0.06342
2378.40279     0.06248
2378.46306     0.06189
2378.52332     0.06146
2378.58359     0.06077
2378.64385     0.05976
2378.70412     0.05909
2378.76438     0.05894
2378.82465     0.05883
2378.88491     0.05831
2378.94517     0.05731
2379.00544     0.05658
2379.0657      0.05606
2379.12597     0.05548
2379.18623     0.05452
2379.2465      0.05359
2379.30676     0.05324
2379.36703     0.05284
2379.42729     0.0519
2379.48756     0.0509
2379.54782     0.05026
2379.60809     0.04973
2379.66835     0.04912
2379.72862     0.04835
2379.78888     0.04782
2379.84914     0.04754
2379.90941     0.04712
2379.96967     0.04631
2380.02994     0.04551
2380.0902      0.045
2380.15047     0.04462
2380.21073     0.04381
2380.271       0.04287
2380.33126     0.04237
2380.39153     0.04203
2380.45179     0.04152
2380.51206     0.04066
2380.57232     0.03991
2380.63258     0.03962
2380.69285     0.03938
2380.75311     0.03876
2380.81338     0.03798
2380.87364     0.03736
2380.93391     0.03704
2380.99417     0.03654
2381.05444     0.03565
2381.1147      0.03502
2381.17497     0.03456
2381.23523     0.03412
2381.29549     0.03364
2381.35576     0.03293
2381.41602     0.03229
2381.47629     0.03183
2381.53655     0.03157
2381.59682     0.0308
2381.65708     0.02988
2381.71735     0.02958
2381.77761     0.02957
2381.83788     0.02916
2381.89814     0.02836
2381.9584      0.02782
2382.01867     0.02725
2382.07893     0.02662
2382.1392      0.02618
2382.19946     0.02575
2382.25973     0.02551
2382.31999     0.02549
2382.38026     0.02455
2382.44052     0.02371
2382.50079     0.02342
2382.56105     0.02334
2382.62132     0.0228
2382.68158     0.02189
2382.74185     0.02144
2382.80211     0.02117
2382.86237     0.02108
2382.92264     0.02029
2382.9829      0.01907
2383.04317     0.01945
2383.10343     0.01984
2383.1637      0.01965
2383.22396     0.01889
2383.28423     0.01879
2383.34449     0.01852
2383.40476     0.01806
2383.46502     0.01821
2383.52529     0.01803
2383.58555     0.01775
2383.64581     0.0175
2383.70608     0.01717
2383.76634     0.01682
2383.82661     0.01666
2383.88687     0.0169
2383.94714     0.01686
2384.0074      0.01643
2384.06767     0.01619
2384.12793     0.01629
2384.1882      0.01639
2384.24846     0.01608
2384.30872     0.01567
2384.36899     0.01558
2384.42925     0.01571
2384.48952     0.01583
2384.54978     0.01551
2384.61005     0.01533
2384.67031     0.01543
2384.73058     0.01544
2384.79084     0.01522
2384.85111     0.01484
2384.91137     0.01474
2384.97163     0.01495
2385.0319      0.01494
2385.09216     0.01468
2385.15243     0.01453
2385.21269     0.01466
2385.27296     0.01466
2385.33322     0.0144
2385.39349     0.01407
2385.45375     0.01419
2385.51402     0.01432
2385.57428     0.01421
2385.63455     0.01385
2385.69481     0.01371
2385.75508     0.01389
2385.81534     0.01399
2385.8756      0.01373
2385.93587     0.01342
2385.99613     0.01346
2386.0564      0.01368
2386.11666     0.01349
2386.17693     0.01318
2386.23719     0.01318
2386.29746     0.01337
2386.35772     0.0133
2386.41799     0.01304
2386.47825     0.0128
2386.53852     0.01295
2386.59878     0.01318
2386.65904     0.01307
2386.71931     0.01284
2386.77957     0.01268
2386.83984     0.01273
2386.9001      0.01279
2386.96037     0.01257
2387.02063     0.01243
2387.0809      0.01245
2387.14116     0.01253
2387.20143     0.01249
2387.26169     0.01224
2387.32195     0.01227
2387.38222     0.01234
2387.44248     0.01237
2387.50275     0.01231
2387.56301     0.01197
2387.62328     0.01205
2387.68354     0.01239
2387.74381     0.01244
2387.80407     0.01194
2387.86434     0.01162
2387.9246      0.01196
2387.98486     0.01212
2388.04513     0.01157
2388.1054      0.01139
2388.16566     0.01145
2388.22592     0.0116
2388.28619     0.01126
2388.34645     0.0116
2388.40672     0.01209
2388.46698     0.01205
2388.52725     0.01134
2388.58751     0.01067
2388.64778     0.01087
2388.70804     0.01122
2388.76831     0.01129
2388.82857     0.0115
2388.88883     0.01123
2388.9491      0.01014
2389.00936     0.01032
2389.06963     0.01162
2389.12989     0.01153
2389.19016     0.01179
2389.25042     0.01143
2389.31069     0.01059
2389.37095     0.01104
2389.43122     0.01049
2389.49148     0.0105
2389.55175     0.01114
2389.61201     0.01073
2389.67227     0.0109
2389.73254     0.0105
2389.7928      0.01024
2389.85307     0.0105
2389.91333     0.01023
2389.9736      0.01053
2390.03386     0.01077
2390.09413     0.01076
2390.15439     0.01053
2390.21466     0.01025
2390.27492     0.01019
2390.33518     0.0104
2390.39545     0.01034
2390.45571     0.00999
2390.51598     0.00989
2390.57624     0.01014
2390.63651     0.01026
2390.69677     0.01006
2390.75704     0.00982
2390.8173      0.0098
2390.87757     0.01001
2390.93783     0.01011
2390.99809     0.00986
2391.05836     0.00991
2391.11863     0.01008
2391.17889     0.01006
2391.23915     0.00984
2391.29942     0.00967
2391.35968     0.00971
2391.41995     0.00987
2391.48021     0.00981
2391.54048     0.00948
2391.60074     0.00947
2391.66101     0.00966
2391.72127     0.00972
2391.78154     0.00957
2391.8418      0.00935
2391.90206     0.00941
2391.96233     0.00959
2392.02259     0.00945
2392.08286     0.00917
2392.14312     0.00912
2392.20339     0.00933
2392.26365     0.00938
2392.32392     0.00929
2392.38418     0.00914
2392.44445     0.00913
2392.50471     0.0092
2392.56497     0.00914
2392.62524     0.00887
2392.6855      0.00883
2392.74577     0.009
2392.80603     0.00909
2392.8663      0.00892
2392.92656     0.00868
2392.98683     0.00885
2393.04709     0.00913
2393.10736     0.00898
2393.16762     0.00862
2393.22789     0.00875
2393.28815     0.00901
2393.34841     0.009
2393.40868     0.00878
2393.46894     0.00853
2393.52921     0.00861
2393.58947     0.00881
2393.64974     0.00859
2393.71        0.0084
2393.77027     0.00845
2393.83053     0.00859
2393.8908      0.00862
2393.95106     0.00842
2394.01133     0.00817
2394.07159     0.00864
2394.13186     0.0086
2394.19212     0.00824
2394.25238     0.00831
2394.31265     0.00853
2394.37291     0.00867
2394.43318     0.00856
2394.49344     0.0083
2394.55371     0.00868
2394.61397     0.00894
2394.67424     0.00851
2394.7345      0.008
2394.79477     0.00746
2394.85503     0.00763
2394.91529     0.00879
2394.97556     0.00891
2395.03582     0.00873
2395.09609     0.00831
2395.15635     0.00781
2395.21662     0.0081
2395.27688     0.00821
2395.33715     0.0079
2395.39741     0.00777
2395.45768     0.00793
2395.51794     0.00826
2395.5782      0.00822
2395.63847     0.00824
2395.69873     0.00798
2395.759       0.00791
2395.81926     0.00749
2395.87953     0.0077
2395.93979     0.00785
2396.00006     0.00721
2396.06032     0.00701
2396.12059     0.00723
2396.18085     0.00739
2396.24112     0.00793
2396.30138     0.00786
2396.36165     0.00744
2396.42191     0.00708
2396.48217     0.00752
2396.54244     0.00757
2396.6027      0.00718
2396.66297     0.00717
2396.72323     0.00722
2396.7835      0.00747
2396.84376     0.00743
2396.90403     0.00718
2396.96429     0.00712
2397.02456     0.00724
2397.08482     0.00738
2397.14509     0.00728
2397.20535     0.00702
2397.26561     0.00697
2397.32588     0.00725
2397.38614     0.00726
2397.44641     0.00703
2397.50667     0.00706
2397.56694     0.00721
2397.6272      0.00735
2397.68747     0.00713
2397.74773     0.00699
2397.808       0.00701
2397.86826     0.00716
2397.92852     0.00719
2397.98879     0.00698
2398.04905     0.00686
2398.10932     0.00705
2398.16958     0.00718
2398.22985     0.00695
2398.29011     0.0068
2398.35038     0.00685
2398.41064     0.0069
2398.47091     0.00693
2398.53117     0.00671
2398.59143     0.00668
2398.6517      0.00683
2398.71197     0.00684
2398.77223     0.00659
2398.83249     0.00651
2398.89276     0.00675
2398.95302     0.00676
2399.01329     0.00662
2399.07355     0.0064
2399.13382     0.00646
2399.19408     0.00666
2399.25435     0.00672
2399.31461     0.00646
2399.37488     0.00642
2399.43514     0.00655
2399.4954      0.00673
2399.55567     0.00668
2399.61593     0.00642
2399.6762      0.00646
2399.73646     0.00683
2399.79673     0.00684
2399.85699     0.00647
2399.91726     0.00634
2399.97752     0.00654
2400.03779     0.00656
2400.09805     0.00669
2400.15832     0.00645
2400.21858     0.00634
2400.27884     0.00657
2400.33911     0.00675
2400.39937     0.00647
2400.45964     0.00623
2400.5199      0.00662
2400.58017     0.007
2400.64043     0.00642
2400.7007      0.00591
2400.76096     0.0061
2400.82123     0.00618
2400.88149     0.00605
2400.94175     0.00565
2401.00202     0.00538
2401.06228     0.00597
2401.12255     0.00633
2401.18281     0.00608
2401.24308     0.00571
2401.30334     0.00548
2401.36361     0.00655
2401.42387     0.00729
2401.48414     0.0059
2401.5444      0.00629
2401.60466     0.00652
2401.66493     0.00635
2401.7252      0.00565
2401.78546     0.00564
2401.84572     0.00619
2401.90599     0.00639
2401.96625     0.0055
2402.02652     0.00535
2402.08678     0.00579
2402.14705     0.00588
2402.20731     0.00549
2402.26758     0.00558
2402.32784     0.00591
2402.38811     0.0061
2402.44837     0.00628
2402.50863     0.00547
2402.5689      0.00509
2402.62916     0.00529
2402.68943     0.00551
2402.74969     0.00582
2402.80996     0.00589
2402.87022     0.00566
2402.93049     0.00566
2402.99075     0.00568
2403.05102     0.00535
2403.11128     0.00529
2403.17155     0.00534
2403.23181     0.00549
2403.29207     0.0056
2403.35234     0.00548
2403.4126      0.00527
2403.47287     0.00543
2403.53313     0.00564
2403.5934      0.00533
2403.65366     0.00517
2403.71393     0.00535
2403.77419     0.00545
2403.83446     0.00534
2403.89472     0.00509
2403.95498     0.00514
2404.01525     0.00535
2404.07551     0.00544
2404.13578     0.00523
2404.19604     0.00511
2404.25631     0.00523
2404.31657     0.00532
2404.37684     0.00535
2404.4371      0.00525
2404.49737     0.00515
2404.55763     0.00531
2404.6179      0.00525
2404.67816     0.00513
2404.73843     0.00511
2404.79869     0.00522
2404.85895     0.00535
2404.91922     0.00531
2404.97948     0.0051
2405.03975     0.005
2405.10001     0.00521
2405.16028     0.00523
2405.22054     0.00491
2405.28081     0.00483
2405.34107     0.00494
2405.40134     0.00525
2405.4616      0.0053
2405.52187     0.00496
2405.58213     0.00488
2405.64239     0.00509
2405.70266     0.0051
2405.76292     0.00478
2405.82319     0.00468
2405.88345     0.0049
2405.94372     0.00517
2406.00398     0.00508
2406.06425     0.00475
2406.12451     0.00475
2406.18478     0.00493
2406.24504     0.00486
2406.3053      0.00481
2406.36557     0.0048
2406.42583     0.00485
2406.4861      0.00497
2406.54636     0.00499
2406.60663     0.00486
2406.66689     0.00482
2406.72716     0.00489
2406.78742     0.005
2406.84769     0.00519
2406.90795     0.0048
2406.96821     0.00472
2407.02848     0.00489
2407.08874     0.00439
2407.14901     0.0045
2407.20927     0.00474
2407.26954     0.00454
2407.3298      0.00395
2407.39007     0.00423
2407.45033     0.00499
2407.5106      0.00534
2407.57086     0.0053
2407.63113     0.00518
2407.69139     0.00501
2407.75166     0.00492
2407.81192     0.00467
2407.87218     0.00392
2407.93245     0.00404
2407.99271     0.00459
2408.05298     0.00466
2408.11324     0.0054
2408.17351     0.00474
2408.23377     0.00496
2408.29404     0.00512
2408.3543      0.00465
2408.41457     0.00378
2408.47483     0.00427
2408.5351      0.00518
2408.59536     0.00472
2408.65562     0.00499
2408.71589     0.0048
2408.77615     0.00424
2408.83642     0.00445
2408.89668     0.00455
2408.95695     0.00453
2409.01721     0.0042
2409.07748     0.00423
2409.13774     0.00459
2409.19801     0.00472
2409.25827     0.00419
2409.31853     0.00399
2409.3788      0.00432
2409.43906     0.00446
2409.49933     0.00425
2409.55959     0.00418
2409.61986     0.00435
2409.68012     0.00452
2409.74039     0.00447
2409.80065     0.00427
2409.86092     0.00417
2409.92118     0.00426
2409.98144     0.00429
2410.04171     0.00428
2410.10197     0.00404
2410.16224     0.00406
2410.2225      0.0044
2410.28277     0.00429
2410.34303     0.00396
2410.4033      0.00386
2410.46356     0.00412
2410.52383     0.00427
2410.58409     0.00396
2410.64436     0.00371
2410.70462     0.00391
2410.76489     0.00419
2410.82515     0.00412
2410.88541     0.00391
2410.94568     0.004
2411.00594     0.00413
2411.06621     0.00415
2411.12647     0.00396
2411.18674     0.0038
2411.247       0.00397
2411.30727     0.00418
2411.36753     0.00404
2411.4278      0.00385
2411.48806     0.00387
2411.54833     0.00401
2411.60859     0.00415
2411.66885     0.00404
2411.72912     0.00377
2411.78938     0.00396
2411.84965     0.00422
2411.90991     0.00397
2411.97018     0.00374
2412.03044     0.00379
2412.09071     0.00389
2412.15097     0.00391
2412.21124     0.00364
2412.2715      0.00354
2412.33176     0.0037
2412.39203     0.00388
2412.45229     0.00368
2412.51256     0.00348
2412.57282     0.00358
2412.63309     0.00363
2412.69335     0.00358
2412.75362     0.00344
2412.81388     0.00325
2412.87415     0.00354
2412.93441     0.00393
2412.99467     0.00398
2413.05494     0.00401
2413.1152      0.00393
2413.17547     0.00407
2413.23573     0.00387
2413.296       0.00327
2413.35626     0.00311
2413.41653     0.004
2413.47679     0.00396
2413.53706     0.00352
2413.59732     0.00333
2413.65759     0.00338
2413.71785     0.00386
2413.77812     0.00357
2413.83838     0.00316
2413.89864     0.00334
2413.95891     0.00427
2414.01917     0.00449
2414.07944     0.00385
2414.1397      0.00312
2414.19997     0.00316
2414.26023     0.00282
2414.3205      0.00331
2414.38076     0.0036
2414.44103     0.00304
2414.50129     0.00324
2414.56156     0.00299
2414.62182     0.0029
2414.68208     0.00275
2414.74235     0.00294
2414.80261     0.0032
2414.86288     0.00304
2414.92314     0.00298
2414.98341     0.00316
2415.04367     0.00393
2415.10394     0.00381
2415.1642      0.00331
2415.22447     0.00308
2415.28473     0.00331
2415.34499     0.00369
2415.40526     0.00338
2415.46552     0.00321
2415.52579     0.00352
2415.58605     0.00355
2415.64632     0.00341
2415.70658     0.00302
2415.76685     0.00303
2415.82711     0.00336
2415.88738     0.00349
2415.94764     0.00315
2416.0079      0.00296
2416.06817     0.00311
2416.12844     0.00314
2416.1887      0.00317
2416.24896     0.00311
2416.30923     0.00297
2416.36949     0.00308
2416.42976     0.00318
2416.49002     0.00292
2416.55029     0.00276
2416.61055     0.00299
2416.67082     0.00316
2416.73108     0.00308
2416.79135     0.00292
2416.85161     0.00295
2416.91187     0.00308
2416.97214     0.00307
2417.0324      0.00287
2417.09267     0.00275
2417.15293     0.00291
2417.2132      0.00299
2417.27346     0.00285
2417.33373     0.0028
2417.39399     0.00276
2417.45426     0.00296
2417.51452     0.00293
2417.57478     0.00267
2417.63505     0.00262
2417.69531     0.00287
2417.75558     0.00306
2417.81584     0.00295
2417.87611     0.00281
2417.93637     0.00295
2417.99664     0.00309
2418.0569      0.00304
2418.11717     0.00285
2418.17743     0.00271
2418.2377      0.00282
2418.29796     0.00295
2418.35822     0.00269
2418.41849     0.00261
2418.47875     0.00272
2418.53902     0.00287
2418.59928     0.00282
2418.65955     0.00242
2418.71981     0.00252
2418.78008     0.00274
2418.84034     0.00291
2418.90061     0.0028
2418.96087     0.0026
2419.02114     0.00251
2419.0814      0.00258
2419.14167     0.00242
2419.20193     0.00229
2419.26219     0.00243
2419.32246     0.00263
2419.38272     0.00252
2419.44299     0.00235
2419.50325     0.00263
2419.56352     0.00301
2419.62378     0.00314
2419.68405     0.00265
2419.74431     0.00193
2419.80458     0.00237
2419.86484     0.00287
2419.9251      0.00318
2419.98537     0.00302
2420.04563     0.00294
2420.1059      0.00308
2420.16616     0.00297
2420.22643     0.00233
2420.28669     0.0017
2420.34696     0.00269
2420.40722     0.00337
2420.46749     0.00357
2420.52775     0.00265
2420.58801     0.00177
2420.64828     0.00221
2420.70854     0.00258
2420.76881     0.00275
2420.82907     0.003
2420.88934     0.00339
2420.9496      0.00292
2421.00987     0.00309
2421.07013     0.00237
2421.1304      0.00235
2421.19066     0.00227
2421.25093     0.00254
2421.31119     0.00279
2421.37146     0.002
2421.43172     0.00192
2421.49198     0.00236
2421.55225     0.00249
2421.61251     0.00234
2421.67278     0.00236
2421.73304     0.00208
2421.79331     0.00224
2421.85357     0.00248
2421.91384     0.00222
2421.9741      0.00218
2422.03437     0.00251
2422.09463     0.00256
2422.1549      0.00218
2422.21516     0.00188
2422.27542     0.00219
2422.33569     0.00237
2422.39595     0.00223
2422.45622     0.00215
2422.51648     0.00217
2422.57675     0.00227
2422.63701     0.00225
2422.69728     0.00195
2422.75754     0.00205
2422.81781     0.00221
2422.87807     0.00229
2422.93833     0.00213
2422.9986      0.0018
2423.05886     0.00201
2423.11913     0.00233
2423.17939     0.00232
2423.23966     0.00213
2423.29992     0.00201
2423.36019     0.00228
2423.42045     0.0024
2423.48072     0.00216
2423.54098     0.002
2423.60124     0.00214
2423.66151     0.00232
2423.72177     0.00223
2423.78204     0.00207
2423.8423      0.00213
2423.90257     0.00218
2423.96283     0.00214
2424.0231      0.00194
2424.08336     0.00188
2424.14363     0.00197
2424.20389     0.00212
2424.26416     0.00208
2424.32442     0.00185
2424.38469     0.00191
2424.44495     0.00214
2424.50521     0.00215
2424.56548     0.00195
2424.62574     0.00197
2424.68601     0.00206
2424.74627     0.00207
2424.80654     0.00199
2424.8668      0.00184
2424.92707     0.00192
2424.98733     0.00201
2425.0476      0.00206
2425.10786     0.00186
2425.16813     0.00181
2425.22839     0.00199
2425.28865     0.00213
2425.34892     0.00219
2425.40918     0.00186
2425.46945     0.00175
2425.52971     0.00211
2425.58998     0.00202
2425.65024     0.00134
2425.71051     0.00145
2425.77077     0.00201
2425.83104     0.00248
2425.8913      0.00189
2425.95156     0.00148
2426.01183     0.0019
2426.07209     0.00245
2426.13236     0.00234
2426.19262     0.00189
2426.25289     0.00197
2426.31315     0.00255
2426.37342     0.00268
2426.43368     0.00255
2426.49395     0.00211
2426.55421     0.00248
2426.61447     0.00234
2426.67474     0.00206
2426.73501     0.00231
2426.79527     0.0016
2426.85553     0.00187
2426.9158      0.00158
2426.97606     8.03921E-4
2427.03633     0.00144
2427.09659     0.00131
2427.15686     0.00219
2427.21712     0.00247
2427.27739     0.00137
2427.33765     0.00171
2427.39792     0.00204
2427.45818     0.00222
2427.51844     0.00224
2427.57871     0.00105
2427.63897     8.71169E-4
2427.69924     0.00185
2427.7595      0.00161
2427.81977     9.03035E-4
2427.88003     0.00156
2427.9403      0.002
2428.00056     0.00191
2428.06083     0.00158
2428.12109     0.00189
2428.18136     0.00193
2428.24162     0.00184
2428.30188     0.00183
2428.36215     0.00141
2428.42241     0.00141
2428.48268     0.00181
2428.54294     0.00182
2428.60321     0.00164
2428.66347     0.00143
2428.72374     0.00166
2428.784       0.00178
2428.84427     0.00168
2428.90453     0.00163
2428.96479     0.00164
2429.02506     0.00168
2429.08532     0.00161
2429.14559     0.00134
2429.20585     0.00136
2429.26612     0.00159
2429.32638     0.00169
2429.38665     0.00158
2429.44691     0.00141
2429.50718     0.00158
2429.56744     0.0017
2429.62771     0.00155
2429.68797     0.00137
2429.74824     0.00129
2429.8085      0.00145
2429.86876     0.00154
2429.92903     0.0013
2429.98929     0.00124
2430.04956     0.00142
2430.10982     0.00146
2430.17009     0.00128
2430.23035     0.00117
2430.29062     0.00123
2430.35088     0.00134
2430.41115     0.00146
2430.47141     0.00127
2430.53168     0.00131
2430.59194     0.00146
2430.6522      0.00149
2430.71247     0.00135
2430.77273     0.00127
2430.833       0.00139
2430.89326     0.0015
2430.95353     0.00137
2431.01379     0.00116
2431.07406     0.00118
2431.13432     0.00142
2431.19459     0.00144
2431.25485     0.00133
2431.31511     0.00109
2431.37538     0.00132
2431.43564     0.00162
2431.49591     0.0014
2431.55617     0.00109
2431.61644     0.00109
2431.6767      0.00126
2431.73697     0.00134
2431.79723     0.00143
2431.8575      0.00105
2431.91776     9.80844E-4
2431.97802     9.57197E-4
2432.03829     9.10251E-4
2432.09855     0.00159
2432.15882     0.00191
2432.21908     0.00159
2432.27935     0.00143
2432.33961     9.64108E-4
2432.39988     3.11072E-4
2432.46014     0.0016
2432.52041     0.00154
2432.58067     9.02873E-4
2432.64094     3.64946E-4
2432.7012     -3.04725E-4
2432.76147    -3.66267E-4
2432.82173    -8.24584E-5
2432.88199     6.47165E-4
2432.94226     2.21494E-4
2433.00252     0.00172
2433.06279     0.00204
2433.12305     3.29194E-4
2433.18332     8.56428E-4
2433.24358     0.00133
2433.30385     0.00184
2433.36411     0.00192
2433.42438     0.00132
2433.48464     0.00156
2433.54491     0.00194
2433.60517     0.00152
2433.66543     4.04858E-5
2433.7257      4.35209E-4
2433.78596     5.90408E-4
2433.84623     8.43211E-4
2433.90649     0.00127
2433.96676     0.00116
2434.02702     9.83252E-4
2434.08729     0.00111
2434.14755     0.0011
2434.20782     6.11897E-4
2434.26808     5.25071E-4
2434.32834     9.76264E-4
2434.38861     0.00119
2434.44887     9.83501E-4
2434.50914     0.00122
2434.5694      0.00109
2434.62967     0.00132
2434.68993     0.00158
2434.7502      0.00125
2434.81046     0.00113
2434.87073     0.00127
2434.93099     0.00138
2434.99125     0.00117
2435.05152     9.89117E-4
2435.11178     0.00101
2435.17205     0.00118
2435.23231     0.0013
2435.29258     0.00122
2435.35284     0.00114
2435.41311     0.0011
2435.47337     0.00114
2435.53364     0.00122
2435.5939      0.00103
2435.65417     0.00107
2435.71443     0.00123
2435.7747      0.00126
2435.83496     0.00103
2435.89522     7.10971E-4
2435.95549     9.88619E-4
2436.01575     0.0012
2436.07602     9.66036E-4
2436.13628     8.52505E-4
2436.19655     8.28848E-4
2436.25681     8.81262E-4
2436.31708     0.00108
2436.37734     8.36099E-4
2436.43761     7.16722E-4
2436.49787     9.15831E-4
2436.55814     0.00112
2436.6184      9.54123E-4
2436.67866     7.42261E-4
2436.73893     0.00109
2436.79919     0.00119
2436.85946     0.00118
2436.91972     9.46785E-4
2436.97999     7.51974E-4
2437.04025     0.00106
2437.10052     0.00109
2437.16078     8.38055E-4
2437.22104     7.04038E-4
2437.28131     8.16462E-4
2437.34157     8.5324E-4
2437.40184     8.81734E-4
2437.4621      7.93967E-4
2437.52237     8.58491E-4
2437.58263     0.00116
2437.6429      0.00109
2437.70316     8.67116E-4
2437.76343     5.87405E-4
2437.82369     6.23413E-4
2437.88396     8.22382E-4
2437.94422     9.87695E-4
2438.00448     7.03864E-4
2438.06475     4.28907E-4
2438.12501     9.85286E-4
2438.18528     0.00135
2438.24554     5.32363E-4
2438.30581     2.99046E-4
2438.36607     7.8481E-4
2438.42634     9.44423E-4
2438.4866      6.78868E-5
2438.54687    -5.8283E-4
2438.60713     3.21094E-4
2438.6674      9.88427E-4
2438.72766     0.0014
2438.78793     0.00105
2438.84819     0.0012
2438.90845     0.00114
2438.96872     9.5186E-4
2439.02898     5.21038E-4
2439.08925     5.76572E-4
2439.14951     0.00126
2439.20978     0.0015
2439.27004     9.09207E-4
2439.33031     4.47676E-4
2439.39057    -1.12105E-5
2439.45084     7.52108E-4
2439.5111      0.00124
2439.57136    -9.92E-5
2439.63163     1.88714E-4
2439.69189     0.00102
2439.75216     9.11761E-4
2439.81242     8.66514E-4
2439.87269     8.37926E-5
2439.93295     3.52791E-4
2439.99322     7.04565E-4
2440.05348     5.84193E-4
2440.11375     0.00107
2440.17401     0.00108
2440.23428     0.00168
2440.29454     0.0012
2440.3548      6.38081E-4
2440.41507     3.72254E-4
2440.47533     4.17483E-4
2440.5356      7.69886E-4
2440.59586     8.2392E-4
2440.65613     5.70263E-4
2440.71639     6.23882E-4
2440.77666     6.57945E-4
2440.83692     7.15869E-4
2440.89719     8.97812E-4
2440.95745     7.24491E-4
2441.01772     7.43254E-4
2441.07798     8.82708E-4
2441.13825     7.88956E-4
2441.19851     4.65085E-4
2441.25877     2.54603E-4
2441.31904     5.76987E-4
2441.3793      7.1048E-4
2441.43957     4.71624E-4
2441.49983     3.90897E-4
2441.5601      4.54691E-4
2441.62036     6.72629E-4
2441.68063     7.99083E-4
2441.74089     6.71836E-4
2441.80116     5.66315E-4
2441.86142     7.83009E-4
2441.92168     9.95352E-4
2441.98195     6.75716E-4
2442.04221     3.35799E-4
2442.10248     3.71023E-4
2442.16274     6.21461E-4
2442.22301     7.42075E-4
2442.28327     7.07513E-4
2442.34354     4.82552E-4
2442.4038      5.3915E-4
2442.46407     6.33759E-4
2442.52433     5.58577E-4
2442.58459     4.21281E-4
2442.64486     6.04679E-4
2442.70512     8.01868E-4
2442.76539     7.17106E-4
2442.82565     4.21545E-4
2442.88592     3.57528E-4
2442.94618     6.22242E-4
2443.00645     8.64765E-4
2443.06671     6.16484E-4
2443.12698     2.49782E-4
2443.18724     4.46501E-4
2443.24751     6.72589E-4
2443.30777     5.51003E-4
2443.36804     3.81646E-4
2443.4283      3.8119E-4
2443.48856     5.46878E-4
2443.54883     7.45667E-4
2443.60909     4.85255E-4
2443.66936     4.06799E-4
2443.72962     5.45782E-4
2443.78989     6.42011E-4
2443.85015     5.91744E-4
2443.91042     4.21083E-4
2443.97068     6.58121E-4
2444.03095     8.7179E-4
2444.09121     7.01013E-4
2444.15148     6.63987E-4
2444.21174     8.63741E-4
2444.272       7.87489E-4
2444.33227     8.71913E-4
2444.39253     0.00117
2444.4528      8.407E-4
2444.51306     2.60928E-4
2444.57333     7.43417E-4
2444.63359     6.79335E-4
2444.69386     2.44104E-4
2444.75412    -1.36153E-4
2444.81439    -1.17989E-4
2444.87465     7.48359E-4
2444.93491     7.67138E-4
2444.99518    -1.51288E-5
2445.05544    -8.97953E-5
2445.11571     9.71958E-4
2445.17597     0.00151
2445.23624     3.1378E-4
2445.2965     -5.18641E-4
2445.35677     6.01032E-4
2445.41703     0.00111
2445.4773      7.00984E-4
2445.53756     8.70378E-5
2445.59782     3.87076E-4
2445.65809     7.1566E-4
2445.71835     1.93618E-4
2445.77862     5.07347E-4
2445.83888     5.71835E-4
2445.89915    -1.64686E-4
2445.95941     7.58282E-4
2446.01968     2.47501E-4
2446.07994     1.49544E-5
2446.14021     0.00147
2446.20047     0.00138
2446.26074     5.73175E-4
2446.321       4.81073E-4
2446.38127     0.00102
2446.44153     7.48135E-4
2446.50179     6.9829E-5
2446.56206     1.96898E-4
2446.62232     9.01971E-4
2446.68259     6.00605E-4
2446.74285     0.001
2446.80312     7.23072E-4
2446.86338     1.51485E-4
2446.92365     2.99659E-4
2446.98391     4.82092E-4
2447.04418     5.80646E-4
2447.10444     2.04579E-4
2447.16471     1.29248E-4
2447.22497     2.37971E-4
2447.28523     5.55575E-4
2447.3455      6.96203E-4
2447.40576     5.54872E-4
2447.46603     4.24465E-4
2447.52629     6.78184E-4
2447.58656     7.34737E-4
2447.64682     2.83076E-4
2447.70709     2.21159E-4
2447.76735     5.65098E-4
2447.82762     6.47661E-4
2447.88788     5.09035E-4
2447.94814     3.65128E-4
2448.00841     2.52767E-4
2448.06867     3.885E-4
2448.12894     5.64429E-4
2448.1892      6.15842E-4
2448.24947     5.45906E-4
2448.30973     6.62929E-4
2448.37        8.25243E-4
2448.43026     4.60656E-4
2448.49053     3.07855E-4
2448.55079     5.30123E-4
2448.61105     6.36962E-4
2448.67132     6.84135E-4
2448.73158     5.44289E-4
2448.79185     3.67702E-4
2448.85211     3.50446E-4
2448.91238     5.83745E-4
2448.97264     5.71508E-4
2449.03291     3.45542E-4
2449.09317     4.5091E-4
2449.15344     8.12189E-4
2449.2137      6.87332E-4
2449.27397     4.50556E-4
2449.33423     4.54734E-4
2449.3945      4.67238E-4
2449.45476     5.36686E-4
2449.51502     3.76605E-4
2449.57529     1.99288E-4
2449.63555     3.90732E-4
2449.69582     7.97835E-4
2449.75608     5.96974E-4
2449.81635     2.70887E-4
2449.87661     3.83356E-4
2449.93688     6.91979E-4
2449.99714     7.55483E-4
