2250.03919     2.81326E-4
2250.09946     2.82793E-4
2250.15972     4.78259E-4
2250.21999     6.75725E-4
2250.28025     5.52192E-4
2250.34051     5.39658E-4
2250.40078     5.38125E-4
2250.46104     7.93591E-4
2250.52131     7.06057E-4
2250.58157     4.21524E-4
2250.64184     6.0199E-4
2250.7021      7.91457E-4
2250.76237     8.30923E-4
2250.82263     5.85389E-4
2250.8829      4.79856E-4
2250.94316     6.82322E-4
2251.00342     8.55788E-4
2251.06369     7.21255E-4
2251.12395     4.50721E-4
2251.18422     5.06188E-4
2251.24448     8.75654E-4
2251.30475     8.8412E-4
2251.36501     5.79587E-4
2251.42528     6.37053E-4
2251.48554     7.3852E-4
2251.54581     7.62986E-4
2251.60607     6.51452E-4
2251.66633     4.13919E-4
2251.7266      4.41385E-4
2251.78686     6.46851E-4
2251.84713     5.96318E-4
2251.90739     3.89784E-4
2251.96766     2.80251E-4
2252.02792     4.42717E-4
2252.08819     6.87183E-4
2252.14845     4.9965E-4
2252.20872     2.90116E-4
2252.26898     4.11582E-4
2252.32925     6.05049E-4
2252.38951     6.18515E-4
2252.44978     4.09982E-4
2252.51004     4.02448E-4
2252.5703      6.31914E-4
2252.63057     7.75381E-4
2252.69083     6.22847E-4
2252.7511      3.96314E-4
2252.81136     5.1978E-4
2252.87163     7.44246E-4
2252.93189     7.26713E-4
2252.99216     5.26179E-4
2253.05242     5.44645E-4
2253.11269     7.14112E-4
2253.17295     7.90578E-4
2253.23322     6.74045E-4
2253.29348     5.08511E-4
2253.35374     6.47977E-4
2253.41401     8.46444E-4
2253.47427     7.0291E-4
2253.53454     5.01376E-4
2253.5948      4.13843E-4
2253.65507     6.35309E-4
2253.71533     7.22776E-4
2253.7756      4.51242E-4
2253.83586     3.06708E-4
2253.89613     5.75175E-4
2253.95639     7.45641E-4
2254.01665     5.33108E-4
2254.07692     2.90574E-4
2254.13718     3.5504E-4
2254.19745     6.27507E-4
2254.25771     6.44973E-4
2254.31798     4.86439E-4
2254.37824     3.35906E-4
2254.43851     5.32372E-4
2254.49877     7.76839E-4
2254.55904     6.59305E-4
2254.6193      4.52771E-4
2254.67956     4.04238E-4
2254.73983     7.37704E-4
2254.80009     7.7417E-4
2254.86036     6.59637E-4
2254.92062     5.05103E-4
2254.98089     4.5357E-4
2255.04115     5.60036E-4
2255.10142     6.05502E-4
2255.16168     4.77969E-4
2255.22195     8.16435E-4
2255.28221     8.48902E-4
2255.34248     4.61368E-4
2255.40274     5.45834E-4
2255.46301     3.11301E-4
2255.52327     6.38767E-4
2255.58353     3.80233E-4
2255.6438      3.117E-4
2255.70406     5.16166E-4
2255.76433     8.34633E-4
2255.82459     0.00113
2255.88486     0.00108
2255.94512     5.08032E-4
2256.00539     5.35498E-4
2256.06565     7.47964E-4
2256.12592     6.23431E-4
2256.18618     2.61897E-4
2256.24645    -1.35636E-4
2256.30671     1.7083E-4
2256.36697     7.74296E-4
2256.42724     7.57763E-4
2256.4875      3.43229E-4
2256.54777    -8.43045E-5
2256.60803     2.98162E-4
2256.6683      6.95628E-4
2256.72856     4.54095E-4
2256.78883    -4.24389E-5
2256.84909     1.23027E-4
2256.90935     4.81494E-4
2256.96962     4.1796E-4
2257.02988     3.38427E-4
2257.09015     3.45893E-4
2257.15041     6.68359E-4
2257.21068     7.80826E-4
2257.27094     5.57292E-4
2257.33121     4.26758E-4
2257.39147     6.69225E-4
2257.45174     7.93691E-4
2257.512       6.70158E-4
2257.57227     4.10624E-4
2257.63253     5.2109E-4
2257.69279     7.12557E-4
2257.75306     6.50023E-4
2257.81332     4.9049E-4
2257.87359     3.89956E-4
2257.93385     5.75422E-4
2257.99412     7.06889E-4
2258.05438     5.45355E-4
2258.11465     2.98821E-4
2258.17491     4.67288E-4
2258.23518     7.46754E-4
2258.29544     5.89221E-4
2258.35571     4.05687E-4
2258.41597     3.68153E-4
2258.47624     5.2662E-4
2258.5365      5.91086E-4
2258.59676     4.23553E-4
2258.65703     2.61019E-4
2258.71729     3.94485E-4
2258.77756     6.53952E-4
2258.83782     6.03418E-4
2258.89809     3.18884E-4
2258.95835     2.79351E-4
2259.01862     5.45817E-4
2259.07888     6.40284E-4
2259.13915     4.3175E-4
2259.19941     3.30216E-4
2259.25967     5.07683E-4
2259.31994     6.07149E-4
2259.3802      5.82615E-4
2259.44047     3.90082E-4
2259.50073     2.93548E-4
2259.561       6.73015E-4
2259.62126     8.16481E-4
2259.68153     5.06947E-4
2259.74179     3.65414E-4
2259.80206     5.9288E-4
2259.86232     7.27347E-4
2259.92258     5.68813E-4
2259.98285     4.20279E-4
2260.04311     5.27746E-4
2260.10338     7.89212E-4
2260.16364     7.90678E-4
2260.22391     5.16145E-4
2260.28417     4.16611E-4
2260.34444     5.75078E-4
2260.4047      6.36544E-4
2260.46497     4.3601E-4
2260.52523     3.66477E-4
2260.5855      3.92943E-4
2260.64576     4.18409E-4
2260.70603     4.26876E-4
2260.76629     2.73342E-4
2260.82656     8.78086E-5
2260.88682     4.54275E-4
2260.94708     7.66741E-4
2261.00735     4.05208E-4
2261.06761     1.72674E-4
2261.12788     1.73141E-4
2261.18814     2.21607E-4
2261.24841     4.34073E-4
2261.30867     4.2354E-4
2261.36894     5.90006E-4
2261.4292      8.21472E-4
2261.48947     5.84939E-4
2261.54973     6.84405E-4
2261.60999     5.77872E-4
2261.67026     8.34338E-4
2261.73052     0.00105
2261.79079     8.83271E-4
2261.85105     3.00737E-4
2261.91132     5.32203E-4
2261.97158     0.00103
2262.03185     8.48136E-4
2262.09211     5.09603E-4
2262.15238     7.15069E-4
2262.21264     8.21535E-4
2262.2729      0.00109
2262.33317     6.09468E-4
2262.39343     2.64935E-4
2262.4537      2.56401E-4
2262.51396     4.31867E-4
2262.57423     8.28334E-4
2262.63449     3.048E-4
2262.69476    -2.47336E-5
2262.75502     4.81733E-4
2262.81529     9.97199E-4
2262.87555     4.18666E-4
2262.93582     6.3132E-5
2262.99608     5.98351E-7
2263.05635     3.61065E-4
2263.11661     6.40531E-4
2263.17687     3.23997E-4
2263.23714     2.04639E-5
2263.2974      1.5393E-4
2263.35767     5.01397E-4
2263.41793     4.51863E-4
2263.4782      2.33329E-4
2263.53846     2.51796E-4
2263.59873     4.82262E-4
2263.65899     5.36729E-4
2263.71926     4.35195E-4
2263.77952     2.60661E-4
2263.83979     4.63128E-4
2263.90005     8.05594E-4
2263.96031     5.9706E-4
2264.02058     3.17527E-4
2264.08084     4.97993E-4
2264.14111     7.3146E-4
2264.20137     6.46926E-4
2264.26164     3.88392E-4
2264.3219      3.81859E-4
2264.38217     6.32325E-4
2264.44243     6.96791E-4
2264.5027      4.25258E-4
2264.56296     2.71724E-4
2264.62322     3.70191E-4
2264.68349     6.17657E-4
2264.74375     6.33123E-4
2264.80402     4.4759E-4
2264.86428     3.40056E-4
2264.92455     5.26523E-4
2264.98481     6.40989E-4
2265.04508     3.95455E-4
2265.10534     3.35922E-4
2265.16561     4.97388E-4
2265.22587     6.68854E-4
2265.28613     5.73321E-4
2265.3464      4.11787E-4
2265.40666     4.42254E-4
2265.46693     6.4772E-4
2265.52719     8.29186E-4
2265.58746     6.36653E-4
2265.64772     5.00119E-4
2265.70799     8.42586E-4
2265.76825     9.63052E-4
2265.82852     7.95518E-4
2265.88878     6.79985E-4
2265.94905     7.42451E-4
2266.00931     8.78917E-4
2266.06958     8.66384E-4
2266.12984     5.7785E-4
2266.1901      4.27317E-4
2266.25037     7.20783E-4
2266.31063     9.21249E-4
2266.3709      8.48716E-4
2266.43116     5.72182E-4
2266.49143     5.33648E-4
2266.55169     8.15115E-4
2266.61196     8.17581E-4
2266.67222     4.50048E-4
2266.73249     4.06514E-4
2266.79275     6.2998E-4
2266.85302     7.18447E-4
2266.91328     5.98913E-4
2266.97354     4.2038E-4
2267.03381     4.80846E-4
2267.09407     6.35312E-4
2267.15434     5.33779E-4
2267.2146      2.79245E-4
2267.27487     1.87114E-5
2267.33513     2.82178E-4
2267.3954      4.49644E-4
2267.45566     3.21111E-4
2267.51593     8.4577E-5
2267.57619     7.04333E-6
2267.63645     3.2751E-4
2267.69672     5.86976E-4
2267.75698     5.74442E-4
2267.81725     6.58909E-4
2267.87751     7.17375E-4
2267.93778     4.20842E-4
2267.99804     6.78308E-4
2268.05831     4.86774E-4
2268.11857     8.30241E-4
2268.17884     7.44707E-4
2268.2391      3.81174E-4
2268.29936     1.2764E-4
2268.35963     1.19106E-4
2268.41989     4.06573E-4
2268.48016     7.74039E-4
2268.54042     8.46505E-4
2268.60069     5.28972E-4
2268.66095     5.78438E-4
2268.72122     8.99905E-4
2268.78148     9.04371E-4
2268.84175     2.83837E-4
2268.90201     6.13037E-5
2268.96228     3.7277E-4
2269.02254     4.06236E-4
2269.08281     3.58703E-4
2269.14307     3.24169E-4
2269.20333     4.11636E-4
2269.2636      5.00102E-4
2269.32386     5.92568E-4
2269.38413     7.00035E-4
2269.44439     5.00501E-4
2269.50466     5.11968E-4
2269.56492     5.50434E-4
2269.62519     3.749E-4
2269.68545     1.99367E-4
2269.74572     3.35833E-4
2269.80598     7.05299E-4
2269.86625     5.59766E-4
2269.92651     3.67232E-4
2269.98677     4.21699E-4
2270.04704     5.21165E-4
2270.1073      5.87631E-4
2270.16757     4.98098E-4
2270.22783     3.53564E-4
2270.2881      5.8603E-4
2270.34836     7.19497E-4
2270.40863     4.75963E-4
2270.46889     2.7843E-4
2270.52916     3.65896E-4
2270.58942     6.51362E-4
2270.64968     6.55829E-4
2270.70995     4.73295E-4
2270.77021     4.09762E-4
2270.83048     7.31228E-4
2270.89074     8.53694E-4
2270.95101     5.58161E-4
2271.01127     3.16627E-4
2271.07154     2.86093E-4
2271.1318      4.9156E-4
2271.19207     5.88026E-4
2271.25233     4.08493E-4
2271.31259     3.60959E-4
2271.37286     4.50425E-4
2271.43313     5.91892E-4
2271.49339     4.27358E-4
2271.55365     2.66824E-4
2271.61392     5.05291E-4
2271.67418     6.15757E-4
2271.73445     5.06224E-4
2271.79471     3.4069E-4
2271.85498     3.08156E-4
2271.91524     4.45623E-4
2271.97551     5.36089E-4
2272.03577     2.68556E-4
2272.09604     1.38022E-4
2272.1563      4.95488E-4
2272.21656     7.27955E-4
2272.27683     5.33421E-4
2272.33709     3.49887E-4
2272.39736     4.69354E-4
2272.45762     5.7182E-4
2272.51789     7.05287E-4
2272.57815     6.10753E-4
2272.63842     4.54219E-4
2272.69868     6.54686E-4
2272.75895     8.50152E-4
2272.81921     6.49619E-4
2272.87948     4.49085E-4
2272.93974     6.67551E-4
2273.          7.49018E-4
2273.06027     6.65484E-4
2273.12053     5.9195E-4
2273.1808      6.11417E-4
2273.24106     6.58883E-4
2273.30133     7.7235E-4
2273.36159     6.49816E-4
2273.42186     2.85282E-4
2273.48212     6.40749E-4
2273.54239     0.00101
2273.60265     6.63681E-4
2273.66291     5.33148E-4
2273.72318     3.56614E-4
2273.78344     6.03081E-4
2273.84371     0.0011
2273.90397     7.17013E-4
2273.96424     5.8948E-4
2274.0245      6.87946E-4
2274.08477     2.00413E-4
2274.14503     6.36879E-4
2274.2053      4.83345E-4
2274.26556     0.00111
2274.32582     0.00101
2274.38609     3.18744E-4
2274.44636     5.64211E-4
2274.50662     0.00148
2274.56688     0.00148
2274.62715     6.2361E-4
2274.68741     9.49076E-4
2274.74768     8.53543E-4
2274.80794     0.00116
2274.86821     0.00129
2274.92847     8.13942E-4
2274.98874     7.82408E-4
2275.049       0.00126
2275.10927     0.00129
2275.16953     0.00117
2275.22979     0.00136
2275.29006     0.00163
2275.35032     0.00172
2275.41059     0.00177
2275.47085     0.0016
2275.53112     0.00125
2275.59138     0.00118
2275.65165     0.00147
2275.71191     0.00138
2275.77218     9.39471E-4
2275.83244     0.00104
2275.89271     0.00122
2275.95297     0.00151
2276.01323     0.00139
2276.0735      0.00122
2276.13376     7.66269E-4
2276.19403     0.00104
2276.25429     0.00136
2276.31456     0.00115
2276.37482     0.00103
2276.43509     0.00128
2276.49535     0.00155
2276.55562     0.00144
2276.61588     0.00127
2276.67614     0.00137
2276.73641     0.00159
2276.79667     0.00179
2276.85694     0.00174
2276.9172      0.00166
2276.97747     0.00176
2277.03773     0.00194
2277.098       0.00198
2277.15826     0.00192
2277.21853     0.00183
2277.27879     0.00203
2277.33906     0.00224
2277.39932     0.00207
2277.45959     0.00197
2277.51985     0.00225
2277.58011     0.00238
2277.64038     0.00226
2277.70064     0.00221
2277.76091     0.00233
2277.82117     0.00265
2277.88144     0.00271
2277.9417      0.00247
2278.00197     0.00234
2278.06223     0.00249
2278.1225      0.00272
2278.18276     0.00279
2278.24303     0.00271
2278.30329     0.00275
2278.36355     0.00282
2278.42382     0.00295
2278.48408     0.00297
2278.54435     0.00295
2278.60461     0.00319
2278.66488     0.00345
2278.72514     0.00341
2278.78541     0.00327
2278.84567     0.00355
2278.90594     0.0039
2278.9662      0.00384
2279.02646     0.00373
2279.08673     0.00389
2279.14699     0.00419
2279.20726     0.00438
2279.26752     0.00447
2279.32779     0.00453
2279.38805     0.0047
2279.44832     0.00494
2279.50858     0.0051
2279.56885     0.00501
2279.62911     0.00503
2279.68937     0.00542
2279.74964     0.00587
2279.8099      0.00609
2279.87017     0.00607
2279.93043     0.00639
2279.9907      0.007
2280.05096     0.00715
2280.11123     0.00727
2280.17149     0.00752
2280.23176     0.00836
2280.29202     0.00901
2280.35229     0.00921
2280.41255     0.00931
2280.47282     0.00935
2280.53308     0.00925
2280.59334     0.00938
2280.65361     0.00968
2280.71387     0.00986
2280.77414     0.01043
2280.8344      0.01071
2280.89467     0.01031
2280.95493     0.01156
2281.0152      0.01175
2281.07546     0.01177
2281.13573     0.01285
2281.19599     0.0138
2281.25625     0.01443
2281.31652     0.01578
2281.37678     0.01716
2281.43705     0.01774
2281.49731     0.019
2281.55758     0.02027
2281.61784     0.02169
2281.67811     0.02373
2281.73837     0.025
2281.79864     0.02643
2281.8589      0.02746
2281.91916     0.02921
2281.97943     0.03096
2282.03969     0.03255
2282.09996     0.03428
2282.16022     0.03626
2282.22049     0.03833
2282.28075     0.04003
2282.34102     0.04227
2282.40128     0.04446
2282.46155     0.04638
2282.52181     0.04779
2282.58208     0.04909
2282.64234     0.05043
2282.7026      0.05119
2282.76287     0.05101
2282.82313     0.05046
2282.8834      0.04996
2282.94366     0.04914
2283.00393     0.04757
2283.06419     0.0457
2283.12446     0.04388
2283.18472     0.04213
2283.24499     0.04027
2283.30525     0.0382
2283.36552     0.03609
2283.42578     0.03416
2283.48605     0.0324
2283.54631     0.0305
2283.60657     0.02844
2283.66684     0.02663
2283.7271      0.0252
2283.78737     0.02373
2283.84763     0.02202
2283.9079      0.0205
2283.96816     0.01919
2284.02843     0.01802
2284.08869     0.01676
2284.14896     0.01531
2284.20922     0.01419
2284.26948     0.01342
2284.32975     0.01261
2284.39001     0.01169
2284.45028     0.01085
2284.51054     0.01034
2284.57081     0.00997
2284.63107     0.00933
2284.69134     0.00869
2284.7516      0.0085
2284.81187     0.00849
2284.87213     0.00835
2284.93239     0.00799
2284.99266     0.00791
2285.05293     0.0082
2285.11319     0.00833
2285.17345     0.0081
2285.23372     0.00771
2285.29398     0.00774
2285.35425     0.00787
2285.41451     0.00763
2285.47478     0.00722
2285.53504     0.00693
2285.59531     0.00665
2285.65557     0.00626
2285.71584     0.00595
2285.7761      0.00562
2285.83636     0.00516
2285.89663     0.00498
2285.95689     0.00494
2286.01716     0.00431
2286.07742     0.00398
2286.13769     0.00399
2286.19795     0.00354
2286.25822     0.00336
2286.31848     0.0031
2286.37875     0.00311
2286.43901     0.003
2286.49928     0.00241
2286.55954     0.00228
2286.6198      0.00237
2286.68007     0.00173
2286.74033     0.00178
2286.8006      0.00194
2286.86086     0.00225
2286.92113     0.00205
2286.98139     0.00213
2287.04166     0.00202
2287.10192     0.00143
2287.16219     5.51617E-4
2287.22245     5.42084E-4
2287.28271     8.4755E-4
2287.34298     9.18016E-4
2287.40324     0.00102
2287.46351     7.85949E-4
2287.52377     8.70416E-4
2287.58404     0.00101
2287.6443      7.71348E-4
2287.70457     0.00101
2287.76483     9.94281E-4
2287.8251      6.86747E-4
2287.88536     4.93214E-4
2287.94563     5.9968E-4
2288.00589     5.65147E-4
2288.06616     5.87613E-4
2288.12642     6.91079E-4
2288.18668     6.15546E-4
2288.24695     4.07012E-4
2288.30721     7.81479E-4
2288.36748     9.44945E-4
2288.42774     4.75411E-4
2288.48801     6.26878E-4
2288.54827     9.74344E-4
2288.60854     7.8081E-4
2288.6688      2.65277E-4
2288.72907     4.37432E-5
2288.78933     5.1221E-4
2288.8496      7.34676E-4
2288.90986     5.03142E-4
2288.97012     4.27609E-4
2289.03039     4.48075E-4
2289.09065     4.86541E-4
2289.15092     4.62008E-4
2289.21118     3.53474E-4
2289.27145     2.75941E-4
2289.33171     4.22407E-4
2289.39198     6.34873E-4
2289.45224     5.0934E-4
2289.51251     2.16806E-4
2289.57277     2.40273E-4
2289.63303     4.14739E-4
2289.6933      4.63205E-4
2289.75356     2.65672E-4
2289.81383     1.87138E-4
2289.87409     4.34604E-4
2289.93436     5.97071E-4
2289.99462     4.82537E-4
2290.05489     2.78004E-4
2290.11515     3.2247E-4
2290.17542     5.75936E-4
2290.23568     5.84403E-4
2290.29594     4.38869E-4
2290.35621     4.64335E-4
2290.41647     6.13802E-4
2290.47674     8.22268E-4
2290.537       6.25735E-4
2290.59727     2.98201E-4
2290.65753     2.97667E-4
2290.7178      5.01134E-4
2290.77806     4.276E-4
2290.83833     1.83067E-4
2290.89859     1.69533E-4
2290.95886     4.37999E-4
2291.01912     5.89466E-4
2291.07939     4.85932E-4
2291.13965     1.90398E-4
2291.19991     2.77865E-4
2291.26018     5.64331E-4
2291.32044     5.27798E-4
2291.38071     2.17264E-4
2291.44097     2.2673E-4
2291.50124     4.67197E-4
2291.5615      5.99663E-4
2291.62177     4.56129E-4
2291.68203     1.25596E-4
2291.7423      1.21062E-4
2291.80256     5.19529E-4
2291.86283     5.88995E-4
2291.92309     3.17461E-4
2291.98335     2.23928E-4
2292.04362     3.28394E-4
2292.10388     4.99861E-4
2292.16415     3.29327E-4
2292.22441     5.77933E-5
2292.28468     3.3226E-4
2292.34494     8.08726E-4
2292.40521     9.47192E-4
2292.46547     5.70659E-4
2292.52574     4.86125E-4
2292.586       7.54592E-4
2292.64626     7.19058E-4
2292.70653     3.13524E-4
2292.76679     5.28991E-4
2292.82706     8.34457E-4
2292.88732     7.05924E-4
2292.94759     5.9939E-4
2293.00785     1.59856E-4
2293.06812    -4.36677E-4
2293.12838    -3.87211E-4
2293.18865     4.57255E-4
2293.24891     2.42722E-4
2293.30917     4.74188E-4
2293.36944     7.61655E-4
2293.4297      7.73121E-4
2293.48997     3.01587E-4
2293.55023    -2.62946E-4
2293.6105     -4.2548E-4
2293.67076     9.19865E-5
2293.73103     4.44528E-5
2293.79129    -7.50808E-5
2293.85156     3.3856E-6
2293.91182    -9.1148E-5
2293.97209     2.27318E-4
2294.03235     4.34785E-4
2294.09262     1.49251E-4
2294.15288     4.41718E-4
2294.21314     4.79184E-4
2294.27341     5.3165E-4
2294.33367     4.30117E-4
2294.39394     3.98583E-4
2294.4542      6.39049E-4
2294.51447     6.99516E-4
2294.57473     8.44982E-4
2294.635       5.94449E-4
2294.69526     6.66915E-4
2294.75553     0.00104
2294.81579     7.30848E-4
2294.87606     1.84314E-4
2294.93632     1.9878E-4
2294.99658     3.07247E-4
2295.05685     5.78713E-4
2295.11711     4.6318E-4
2295.17738     3.82646E-4
2295.23764     5.13112E-4
2295.29791     5.56579E-4
2295.35817     4.52045E-4
2295.41844     3.25512E-4
2295.4787      3.85978E-4
2295.53897     4.22444E-4
2295.59923     4.80911E-4
2295.65949     4.49377E-4
2295.71976     2.17843E-4
2295.78002     4.9831E-4
2295.84029     7.21776E-4
2295.90055     6.38243E-4
2295.96082     3.25709E-4
2296.02108     1.84175E-4
2296.08135     4.81642E-4
2296.14161     5.81108E-4
2296.20188     3.41574E-4
2296.26214     2.12041E-4
2296.3224      5.46507E-4
2296.38267     7.28974E-4
2296.44293     4.5744E-4
2296.5032      2.48906E-4
2296.56346     3.55373E-4
2296.62373     7.03839E-4
2296.68399     7.69306E-4
2296.74426     5.41772E-4
2296.80452     4.54238E-4
2296.86479     6.43705E-4
2296.92505     7.69171E-4
2296.98532     6.61637E-4
2297.04558     5.12104E-4
2297.10585     5.4657E-4
2297.16611     7.15037E-4
2297.22637     7.57503E-4
2297.28664     5.76969E-4
2297.3469      5.85436E-4
2297.40717     7.53902E-4
2297.46743     8.73368E-4
2297.5277      7.02835E-4
2297.58796     4.67301E-4
2297.64823     6.26768E-4
2297.70849     8.25234E-4
2297.76876     7.617E-4
2297.82902     4.93167E-4
2297.88929     3.85633E-4
2297.94955     6.951E-4
2298.00981     8.23986E-4
2298.07008     6.91859E-4
2298.13034     5.89732E-4
2298.19061     6.82605E-4
2298.25087     7.76478E-4
2298.31114     7.6335E-4
2298.3714      5.95223E-4
2298.43167     4.49096E-4
2298.49193     6.12969E-4
2298.5522      8.27842E-4
2298.61246     6.92715E-4
2298.67272     5.79588E-4
2298.73299     8.0446E-4
2298.79325     7.59333E-4
2298.85352     8.30206E-4
2298.91378     5.99079E-4
2298.97405     6.94952E-4
2299.03431     3.62825E-4
2299.09458     2.19698E-4
2299.15484     8.0457E-4
2299.21511     8.56443E-4
2299.27537     6.12316E-4
2299.33563     7.08189E-4
2299.3959      0.00135
2299.45617     0.00132
2299.51643     8.63808E-4
2299.57669     0.00128
2299.63696     9.63553E-4
2299.69722     5.34262E-5
2299.75749    -4.07009E-5
2299.81775     7.62172E-4
2299.87802     0.00161
2299.93828     0.00117
2299.99855     1.75791E-4
2300.05881     3.71663E-4
2300.11908     0.001
2300.17934     7.07409E-4
2300.2396      3.52282E-4
2300.29987     2.57155E-4
2300.36013     3.40028E-4
2300.4204      1.54901E-4
2300.48066     3.19773E-4
2300.54093     7.83646E-4
2300.60119     7.47519E-4
2300.66146     0.00132
2300.72172     0.00126
2300.78199     9.04138E-4
2300.84225     5.85011E-4
2300.90252     6.68883E-4
2300.96278     7.75756E-4
2301.02304     9.25629E-4
2301.08331     6.15502E-4
2301.14357     5.23375E-4
2301.20384     9.26248E-4
2301.2641      7.79121E-4
2301.32437     0.00108
2301.38463     0.00102
2301.4449      9.80739E-4
2301.50516     8.67612E-4
2301.56543     8.38485E-4
2301.62569     8.95358E-4
2301.68595     0.00102
2301.74622     0.00123
2301.80648     0.00101
2301.86675     8.90849E-4
2301.92701     8.97722E-4
2301.98728     9.32595E-4
2302.04754     9.78468E-4
2302.10781     7.67341E-4
2302.16807     7.63213E-4
2302.22834     0.0011
2302.2886      0.00122
2302.34886     9.80832E-4
2302.40913     7.62705E-4
2302.4694      6.93578E-4
2302.52966     9.60451E-4
2302.58992     0.00113
2302.65019     9.37196E-4
2302.71045     7.76069E-4
2302.77072     8.42942E-4
2302.83098     9.76815E-4
2302.89125     9.66688E-4
2302.95151     7.77561E-4
2303.01178     8.66434E-4
2303.07204     0.00108
2303.13231     0.00112
2303.19257     9.73052E-4
2303.25283     9.11925E-4
2303.3131      0.00106
2303.37336     0.00132
2303.43363     0.00117
2303.49389     8.72416E-4
2303.55416     9.89289E-4
2303.61442     0.00127
2303.67469     0.00124
2303.73495     0.00105
2303.79522     8.86781E-4
2303.85548     0.00106
2303.91574     0.00126
2303.97601     0.00106
2304.03627     8.87272E-4
2304.09654     0.00104
2304.1568      0.00123
2304.21707     0.00118
2304.27733     9.53764E-4
2304.3376      8.97636E-4
2304.39786     0.0011
2304.45813     0.00126
2304.51839     0.00109
2304.57866     8.53128E-4
2304.63892     0.00101
2304.69918     0.00125
2304.75945     0.00124
2304.81971     0.00112
2304.87998     0.00132
2304.94024     0.00144
2305.00051     0.00158
2305.06077     0.00118
2305.12104     8.26984E-4
2305.1813      9.26856E-4
2305.24157     0.00141
2305.30183     9.49602E-4
2305.3621      7.09475E-4
2305.42236     0.00104
2305.48263     8.80221E-4
2305.54289     0.00116
2305.60315     7.89967E-4
2305.66342     7.65839E-4
2305.72368     0.00124
2305.78395     0.00129
2305.84421     8.40458E-4
2305.90448     0.00156
2305.96474     0.00157
2306.02501     0.00186
2306.08527     0.00214
2306.14554     0.00146
2306.2058      0.00149
2306.26606     0.00199
2306.32633     0.00267
2306.38659     0.00211
2306.44686     0.00114
2306.50712     9.61059E-4
2306.56739     5.46932E-4
2306.62765     6.04805E-4
2306.68792     9.18678E-4
2306.74818     0.00124
2306.80845     0.00116
2306.86871     0.00123
2306.92897     0.00131
2306.98924     8.35042E-4
2307.0495      0.00133
2307.10977     0.00209
2307.17003     0.00153
2307.2303      5.25534E-4
2307.29056     0.00129
2307.35083     0.00126
2307.41109     0.00122
2307.47136     0.001
2307.53162     0.00157
2307.59189     0.00189
2307.65215     0.00145
2307.71242     0.00121
2307.77268     0.00105
2307.83294     9.55262E-4
2307.89321     0.00127
2307.95347     0.00137
2308.01374     0.00116
2308.074       0.00115
2308.13427     0.00139
2308.19453     0.00155
2308.2548      0.00154
2308.31506     0.00134
2308.37533     0.00142
2308.43559     0.00159
2308.49586     0.00157
2308.55612     0.00137
2308.61638     0.00127
2308.67665     0.00159
2308.73691     0.00175
2308.79718     0.00158
2308.85744     0.00146
2308.91771     0.00152
2308.97797     0.00176
2309.03824     0.00173
2309.0985      0.00148
2309.15877     0.00142
2309.21903     0.00173
2309.27929     0.00188
2309.33956     0.00161
2309.39982     0.00124
2309.46009     0.00135
2309.52035     0.00154
2309.58062     0.00163
2309.64088     0.0015
2309.70115     0.00135
2309.76141     0.00172
2309.82168     0.00182
2309.88194     0.00159
2309.9422      0.00145
2310.00247     0.00158
2310.06274     0.00196
2310.123       0.0019
2310.18326     0.00157
2310.24353     0.00159
2310.30379     0.00202
2310.36406     0.00203
2310.42432     0.00187
2310.48459     0.00184
2310.54485     0.00196
2310.60512     0.00204
2310.66538     0.00198
2310.72565     0.0019
2310.78591     0.00195
2310.84617     0.00209
2310.90644     0.00222
2310.9667      0.00217
2311.02697     0.00183
2311.08723     0.00188
2311.1475      0.00226
2311.20776     0.00224
2311.26803     0.00188
2311.32829     0.00209
2311.38856     0.00224
2311.44882     0.00254
2311.50909     0.0023
2311.56935     0.00207
2311.62961     0.00193
2311.68988     0.00213
2311.75014     0.00277
2311.81041     0.00245
2311.87067     0.0026
2311.93094     0.00265
2311.9912      0.00246
2312.05147     0.00243
2312.11173     0.00218
2312.172       0.00196
2312.23226     0.0014
2312.29252     0.00204
2312.35279     0.00304
2312.41305     0.00273
2312.47332     0.0019
2312.53358     0.00199
2312.59385     0.00213
2312.65411     0.00169
2312.71438     0.00237
2312.77464     0.00271
2312.83491     0.00267
2312.89517     0.00252
2312.95543     0.00228
2313.0157      0.00253
2313.07597     0.0021
2313.13623     0.00227
2313.19649     0.00245
2313.25676     0.00228
2313.31702     0.00238
2313.37729     0.00246
2313.43755     0.00188
2313.49782     0.00235
2313.55808     0.00243
2313.61835     0.00286
2313.67861     0.00264
2313.73888     0.00231
2313.79914     0.00247
2313.85941     0.00224
2313.91967     0.00204
2313.97993     0.00232
2314.0402      0.00249
2314.10046     0.00282
2314.16073     0.00306
2314.22099     0.0028
2314.28126     0.00246
2314.34152     0.00275
2314.40179     0.00298
2314.46205     0.00273
2314.52232     0.00262
2314.58258     0.00273
2314.64284     0.00289
2314.70311     0.0029
2314.76337     0.00272
2314.82364     0.00276
2314.8839      0.00298
2314.94417     0.00308
2315.00443     0.00312
2315.0647      0.00305
2315.12496     0.00339
2315.18523     0.00348
2315.24549     0.00312
2315.30575     0.00292
2315.36602     0.00285
2315.42628     0.00299
2315.48655     0.00298
2315.54681     0.00283
2315.60708     0.0028
2315.66734     0.00303
2315.72761     0.00322
2315.78787     0.00304
2315.84814     0.003
2315.9084      0.00312
2315.96867     0.00327
2316.02893     0.00316
2316.0892      0.00294
2316.14946     0.00293
2316.20972     0.00334
2316.26999     0.00343
2316.33025     0.00308
2316.39052     0.00295
2316.45078     0.00328
2316.51105     0.00359
2316.57131     0.00352
2316.63158     0.00331
2316.69184     0.00338
2316.75211     0.00373
2316.81237     0.00376
2316.87264     0.00359
2316.9329      0.00377
2316.99316     0.00413
2317.05343     0.00435
2317.11369     0.00437
2317.17396     0.00411
2317.23422     0.00389
2317.29449     0.00407
2317.35475     0.00421
2317.41502     0.00382
2317.47528     0.00366
2317.53555     0.00379
2317.59581     0.00396
2317.65607     0.00369
2317.71634     0.00344
2317.7766      0.00347
2317.83687     0.0038
2317.89713     0.00368
2317.9574      0.00336
2318.01766     0.00367
2318.07793     0.00402
2318.13819     0.00454
2318.19846     0.00438
2318.25872     0.0041
2318.31898     0.00417
2318.37925     0.00449
2318.43951     0.0048
2318.49978     0.00505
2318.56004     0.00505
2318.62031     0.00519
2318.68057     0.00565
2318.74084     0.00498
2318.8011      0.00452
2318.86137     0.00532
2318.92163     0.00552
2318.9819      0.00533
2319.04216     0.0053
2319.10243     0.00481
2319.16269     0.00462
2319.22295     0.00444
2319.28322     0.00384
2319.34348     0.00443
2319.40375     0.00521
2319.46401     0.00534
2319.52428     0.00536
2319.58454     0.00515
2319.64481     0.00443
2319.70507     0.00486
2319.76534     0.00501
2319.8256      0.00562
2319.88587     0.00578
2319.94613     0.0058
2320.00639     0.00596
2320.06666     0.00517
2320.12692     0.00496
2320.18719     0.00545
2320.24745     0.00593
2320.30772     0.00599
2320.36798     0.00567
2320.42825     0.00572
2320.48851     0.00575
2320.54878     0.00598
2320.60904     0.00606
2320.6693      0.00596
2320.72957     0.00627
2320.78983     0.00666
2320.8501      0.00687
2320.91036     0.00677
2320.97063     0.00686
2321.03089     0.00725
2321.09116     0.00743
2321.15142     0.007
2321.21169     0.00656
2321.27195     0.00664
2321.33221     0.00691
2321.39248     0.00692
2321.45274     0.00679
2321.51301     0.00683
2321.57327     0.00706
2321.63354     0.00728
2321.6938      0.0072
2321.75407     0.00691
2321.81433     0.00705
2321.8746      0.00739
2321.93486     0.00742
2321.99513     0.00723
2322.05539     0.00722
2322.11566     0.00756
2322.17592     0.00782
2322.23618     0.00773
2322.29645     0.00766
2322.35671     0.0079
2322.41698     0.00821
2322.47724     0.00844
2322.53751     0.0082
2322.59777     0.00824
2322.65804     0.00874
2322.7183      0.00897
2322.77857     0.00891
2322.83883     0.00898
2322.8991      0.00936
2322.95936     0.00983
2323.01962     0.01004
2323.07989     0.00966
2323.14015     0.00934
2323.20042     0.00955
2323.26068     0.0098
2323.32095     0.00959
2323.38121     0.00944
2323.44148     0.00959
2323.50174     0.0099
2323.56201     0.01
2323.62227     0.00991
2323.68253     0.01001
2323.7428      0.01052
2323.80306     0.01088
2323.86333     0.0107
2323.92359     0.0107
2323.98386     0.01102
2324.04412     0.0114
2324.10439     0.01142
2324.16465     0.01114
2324.22492     0.01137
2324.28518     0.01171
2324.34544     0.01201
2324.40571     0.01168
2324.46598     0.01225
2324.52624     0.01281
2324.5865      0.01267
2324.64677     0.01273
2324.70703     0.01283
2324.7673      0.01305
2324.82756     0.01374
2324.88783     0.01582
2324.94809     0.01715
2325.00836     0.01519
2325.06862     0.01414
2325.12889     0.0146
2325.18915     0.01466
2325.24941     0.01448
2325.30968     0.0151
2325.36994     0.01544
2325.43021     0.01507
2325.49047     0.01535
2325.55074     0.01664
2325.611       0.01776
2325.67127     0.01823
2325.73153     0.01848
2325.7918      0.01802
2325.85206     0.01843
2325.91232     0.01964
2325.97259     0.01964
2326.03285     0.0194
2326.09312     0.0198
2326.15338     0.02137
2326.21365     0.02196
2326.27391     0.02206
2326.33418     0.02264
2326.39444     0.02346
2326.45471     0.02435
2326.51497     0.02532
2326.57524     0.02611
2326.6355      0.02682
2326.69576     0.02848
2326.75603     0.03026
2326.81629     0.03148
2326.87656     0.0317
2326.93682     0.03176
2326.99709     0.03162
2327.05735     0.03143
2327.11762     0.03139
2327.17788     0.03163
2327.23815     0.03201
2327.29841     0.03214
2327.35867     0.03206
2327.41894     0.03216
2327.47921     0.03273
2327.53947     0.03306
2327.59973     0.033
2327.66        0.03303
2327.72026     0.03334
2327.78053     0.03371
2327.84079     0.03365
2327.90106     0.03363
2327.96132     0.03368
2328.02159     0.03419
2328.08185     0.0346
2328.14212     0.0347
2328.20238     0.03497
2328.26264     0.03548
2328.32291     0.03613
2328.38317     0.03642
2328.44344     0.03656
2328.5037      0.03686
2328.56397     0.03788
2328.62423     0.03942
2328.6845      0.04034
2328.74476     0.04006
2328.80503     0.03969
2328.86529     0.03976
2328.92555     0.03965
2328.98582     0.03975
2329.04608     0.04012
2329.10635     0.04074
2329.16661     0.04124
2329.22688     0.0415
2329.28714     0.0419
2329.34741     0.04257
2329.40767     0.04316
2329.46794     0.04343
2329.5282      0.04364
2329.58847     0.04433
2329.64873     0.04514
2329.709       0.04567
2329.76926     0.04598
2329.82952     0.04638
2329.88979     0.04708
2329.95005     0.04786
2330.01032     0.04803
2330.07058     0.04837
2330.13085     0.04922
2330.19111     0.04999
2330.25138     0.05021
2330.31164     0.05063
2330.37191     0.05129
2330.43217     0.05311
2330.49244     0.05529
2330.5527      0.05557
2330.61296     0.05537
2330.67323     0.05551
2330.73349     0.05584
2330.79376     0.05558
2330.85402     0.05529
2330.91429     0.05574
2330.97455     0.05636
2331.03482     0.05711
2331.09508     0.05898
2331.15535     0.05944
2331.21561     0.05927
2331.27587     0.06039
2331.33614     0.06149
2331.3964      0.06221
2331.45667     0.06152
2331.51693     0.06218
2331.5772      0.06323
2331.63746     0.0633
2331.69773     0.06439
2331.75799     0.06511
2331.81826     0.06529
2331.87852     0.06598
2331.93878     0.0665
2331.99905     0.06751
2332.05931     0.07012
2332.11958     0.07159
2332.17984     0.07099
2332.24011     0.07165
2332.30037     0.07475
2332.36064     0.07671
2332.4209      0.07622
2332.48117     0.07613
2332.54143     0.0765
2332.6017      0.07756
2332.66196     0.07723
2332.72223     0.07691
2332.78249     0.07807
2332.84275     0.07965
2332.90302     0.08074
2332.96328     0.08176
2333.02355     0.08228
2333.08381     0.08284
2333.14408     0.08417
2333.20434     0.08546
2333.26461     0.08564
2333.32487     0.08646
2333.38514     0.08807
2333.4454      0.08929
2333.50567     0.08979
2333.56593     0.09073
2333.62619     0.09213
2333.68646     0.09348
2333.74672     0.09452
2333.80699     0.09521
2333.86725     0.09602
2333.92752     0.09727
2333.98778     0.09939
2334.04805     0.10334
2334.10831     0.10789
2334.16858     0.10914
2334.22884     0.10837
2334.2891      0.10751
2334.34937     0.10726
2334.40963     0.10824
2334.4699      0.10951
2334.53016     0.11061
2334.59043     0.11163
2334.65069     0.11279
2334.71096     0.11422
2334.77122     0.11577
2334.83149     0.11706
2334.89175     0.11807
2334.95201     0.11956
2335.01228     0.12134
2335.07255     0.12285
2335.13281     0.12416
2335.19307     0.12546
2335.25334     0.12709
2335.3136      0.12905
2335.37387     0.13049
2335.43413     0.13173
2335.4944      0.13322
2335.55466     0.13496
2335.61493     0.13654
2335.67519     0.13761
2335.73546     0.13935
2335.79572     0.14385
2335.85598     0.15084
2335.91625     0.15456
2335.97651     0.15414
2336.03678     0.15382
2336.09704     0.15469
2336.15731     0.15583
2336.21757     0.15675
2336.27784     0.15823
2336.3381      0.16061
2336.39837     0.16319
2336.45863     0.16473
2336.5189      0.16625
2336.57916     0.16856
2336.63942     0.17078
2336.69969     0.17302
2336.75995     0.17458
2336.82022     0.17674
2336.88048     0.1792
2336.94075     0.18118
2337.00101     0.18391
2337.06128     0.18677
2337.12154     0.18934
2337.18181     0.19248
2337.24207     0.19477
2337.30233     0.19533
2337.3626      0.19702
2337.42286     0.20091
2337.48313     0.20471
2337.54339     0.20962
2337.60366     0.218
2337.66392     0.22478
2337.72419     0.22687
2337.78445     0.22631
2337.84472     0.22605
2337.90498     0.22828
2337.96524     0.23144
2338.02551     0.23257
2338.08578     0.23467
2338.14604     0.23876
2338.2063      0.24282
2338.26657     0.24728
2338.32683     0.25053
2338.3871      0.25283
2338.44736     0.25644
2338.50763     0.25989
2338.56789     0.26268
2338.62816     0.26674
2338.68842     0.27029
2338.74869     0.27366
2338.80895     0.27826
2338.86921     0.28188
2338.92948     0.28506
2338.98974     0.28706
2339.05001     0.28988
2339.11027     0.29356
2339.17054     0.29753
2339.2308      0.30368
2339.29107     0.31641
2339.35133     0.32839
2339.4116      0.33242
2339.47186     0.33341
2339.53213     0.33475
2339.59239     0.33828
2339.65265     0.34224
2339.71292     0.3459
2339.77318     0.34991
2339.83345     0.3549
2339.89371     0.35989
2339.95398     0.36432
2340.01424     0.36895
2340.07451     0.37427
2340.13477     0.3798
2340.19504     0.38492
2340.2553      0.38943
2340.31556     0.39445
2340.37583     0.40005
2340.43609     0.40582
2340.49636     0.41111
2340.55662     0.4157
2340.61689     0.42097
2340.67715     0.42624
2340.73742     0.43033
2340.79768     0.43351
2340.85795     0.43713
2340.91821     0.44472
2340.97848     0.45802
2341.03874     0.47415
2341.09901     0.48244
2341.15927     0.48524
2341.21953     0.48855
2341.2798      0.49239
2341.34006     0.49637
2341.40033     0.50138
2341.46059     0.50647
2341.52086     0.51171
2341.58112     0.51707
2341.64139     0.52218
2341.70165     0.52744
2341.76192     0.53323
2341.82218     0.53861
2341.88245     0.54373
2341.94271     0.54932
2342.00297     0.55506
2342.06324     0.56018
2342.1235      0.56461
2342.18377     0.56874
2342.24403     0.57343
2342.3043      0.57815
2342.36456     0.58113
2342.42483     0.58309
2342.48509     0.58479
2342.54536     0.58916
2342.60562     0.59773
2342.66588     0.61098
2342.72615     0.62322
2342.78641     0.62729
2342.84668     0.62812
2342.90694     0.63065
2342.96721     0.63268
2343.02747     0.63457
2343.08774     0.63779
2343.148       0.63989
2343.20827     0.64115
2343.26853     0.64459
2343.32879     0.64911
2343.38906     0.65046
2343.44932     0.65309
2343.50959     0.65395
2343.56985     0.65652
2343.63012     0.66014
2343.69038     0.66179
2343.75065     0.66311
2343.81091     0.66164
2343.87118     0.66642
2343.93144     0.66865
2343.99171     0.66733
2344.05197     0.66195
2344.11224     0.66063
2344.1725      0.65945
2344.23276     0.6625
2344.29303     0.67022
2344.35329     0.67606
2344.41356     0.67984
2344.47382     0.6793
2344.53409     0.6772
2344.59435     0.67411
2344.65462     0.67166
2344.71488     0.67222
2344.77515     0.67173
2344.83541     0.66996
2344.89568     0.66921
2344.95594     0.66727
2345.0162      0.66408
2345.07647     0.66057
2345.13673     0.65933
2345.197       0.65899
2345.25726     0.65753
2345.31753     0.65546
2345.37779     0.65178
2345.43806     0.65047
2345.49832     0.64856
2345.55859     0.64575
2345.61885     0.64177
2345.67911     0.63809
2345.73938     0.63604
2345.79964     0.63286
2345.85991     0.63164
2345.92017     0.63416
2345.98044     0.63556
2346.0407      0.63271
2346.10097     0.62894
2346.16123     0.62519
2346.2215      0.62185
2346.28176     0.61916
2346.34202     0.61661
2346.40229     0.61307
2346.46255     0.60934
2346.52282     0.60668
2346.58308     0.60407
2346.64335     0.60095
2346.70361     0.59682
2346.76388     0.59338
2346.82414     0.59143
2346.88441     0.58879
2346.94467     0.58538
2347.00494     0.58274
2347.0652      0.58006
2347.12547     0.57707
2347.18573     0.5734
2347.24599     0.5688
2347.30626     0.56525
2347.36652     0.56211
2347.42679     0.55965
2347.48705     0.55779
2347.54732     0.55636
2347.60758     0.55497
2347.66785     0.5525
2347.72811     0.54884
2347.78838     0.54467
2347.84864     0.54118
2347.9089      0.53838
2347.96917     0.53529
2348.02943     0.53163
2348.0897      0.52796
2348.14996     0.52526
2348.21023     0.52311
2348.27049     0.5201
2348.33076     0.51688
2348.39102     0.51396
2348.45129     0.51111
2348.51155     0.50793
2348.57181     0.5049
2348.63208     0.50132
2348.69234     0.49812
2348.75261     0.49535
2348.81287     0.49185
2348.87314     0.48874
2348.9334      0.4865
2348.99367     0.48426
2349.05393     0.48095
2349.1142      0.47681
2349.17446     0.47372
2349.23473     0.47086
2349.29499     0.46814
2349.35525     0.4648
2349.41552     0.46093
2349.47578     0.45916
2349.53605     0.45666
2349.59631     0.45588
2349.65658     0.45379
2349.71684     0.44914
2349.77711     0.44767
2349.83737     0.44585
2349.89764     0.44071
2349.9579      0.43718
2350.01817     0.43436
2350.07843     0.43216
2350.1387      0.42983
2350.19896     0.42632
2350.25922     0.42487
2350.31949     0.4251
2350.37975     0.42186
2350.44002     0.4182
2350.50028     0.41419
2350.56055     0.4115
2350.62081     0.41096
2350.68108     0.40806
2350.74134     0.40444
2350.80161     0.40098
2350.86187     0.40027
2350.92213     0.39797
2350.9824      0.3937
2351.04266     0.3903
2351.10293     0.38696
2351.16319     0.38545
2351.22346     0.38479
2351.28372     0.38234
2351.34399     0.38067
2351.40425     0.37942
2351.46452     0.37822
2351.52478     0.37606
2351.58505     0.37368
2351.64531     0.37037
2351.70558     0.3678
2351.76584     0.36586
2351.8261      0.36351
2351.88637     0.36129
2351.94663     0.35964
2352.0069      0.35754
2352.06716     0.35512
2352.12743     0.35287
2352.18769     0.35105
2352.24796     0.34922
2352.30822     0.34699
2352.36849     0.34515
2352.42875     0.34305
2352.48902     0.34101
2352.54928     0.33895
2352.60954     0.33613
2352.66981     0.33326
2352.73007     0.33116
2352.79034     0.33002
2352.8506      0.33013
2352.91087     0.33047
2352.97113     0.32968
2353.0314      0.32731
2353.09166     0.32466
2353.15193     0.32228
2353.21219     0.32047
2353.27245     0.3192
2353.33272     0.31729
2353.39298     0.31526
2353.45325     0.31351
2353.51351     0.31206
2353.57378     0.31069
2353.63404     0.30874
2353.69431     0.30668
2353.75457     0.30545
2353.81484     0.30422
2353.8751      0.30238
2353.93536     0.30048
2353.99563     0.29856
2354.05589     0.29702
2354.11616     0.29514
2354.17642     0.29281
2354.23669     0.29043
2354.29695     0.29026
2354.35722     0.29231
2354.41748     0.29273
2354.47775     0.2906
2354.53801     0.28821
2354.59828     0.28659
2354.65854     0.28524
2354.71881     0.28366
2354.77907     0.282
2354.83933     0.28077
2354.8996      0.27974
2354.95986     0.27821
2355.02013     0.27635
2355.08039     0.27482
2355.14066     0.27408
2355.20092     0.27295
2355.26119     0.27131
2355.32145     0.2698
2355.38172     0.26877
2355.44198     0.2675
2355.50225     0.2662
2355.56251     0.26402
2355.62277     0.26103
2355.68304     0.26022
2355.7433      0.25999
2355.80357     0.26012
2355.86383     0.26207
2355.9241      0.26247
2355.98436     0.26082
2356.04463     0.25906
2356.10489     0.25657
2356.16516     0.25557
2356.22542     0.25574
2356.28568     0.25468
2356.34595     0.25403
2356.40621     0.25153
2356.46648     0.25096
2356.52674     0.25024
2356.58701     0.2481
2356.64727     0.24677
2356.70754     0.24504
2356.7678      0.24494
2356.82807     0.24478
2356.88833     0.24398
2356.94859     0.24162
2357.00886     0.23843
2357.06912     0.23675
2357.12939     0.23746
2357.18965     0.23863
2357.24992     0.24133
2357.31018     0.24267
2357.37045     0.2401
2357.43071     0.23695
2357.49098     0.23464
2357.55124     0.23344
2357.61151     0.2328
2357.67177     0.2319
2357.73204     0.23159
2357.7923      0.231
2357.85256     0.23022
2357.91283     0.22904
2357.97309     0.2285
2358.03336     0.22819
2358.09362     0.22724
2358.15389     0.22617
2358.21415     0.22474
2358.27442     0.22401
2358.33468     0.2234
2358.39495     0.22235
2358.45521     0.22063
2358.51548     0.21915
2358.57574     0.21926
2358.636       0.22204
2358.69627     0.22401
2358.75653     0.22254
2358.8168      0.21992
2358.87706     0.21877
2358.93733     0.21814
2358.99759     0.21704
2359.05786     0.2157
2359.11812     0.21508
2359.17839     0.21452
2359.23865     0.21358
2359.29891     0.21268
2359.35918     0.21187
2359.41944     0.21139
2359.47971     0.21098
2359.53997     0.21008
2359.60024     0.20898
2359.6605      0.20827
2359.72077     0.20758
2359.78103     0.20634
2359.8413      0.20469
2359.90156     0.20354
2359.96182     0.20435
2360.02209     0.20726
2360.08235     0.20895
2360.14262     0.20745
2360.20288     0.20567
2360.26315     0.20444
2360.32341     0.20322
2360.38368     0.2021
2360.44394     0.20134
2360.50421     0.20099
2360.56447     0.20062
2360.62474     0.19988
2360.685       0.19896
2360.74527     0.19848
2360.80553     0.19802
2360.86579     0.19733
2360.92606     0.19636
2360.98632     0.19572
2361.04659     0.19532
2361.10685     0.1944
2361.16712     0.19318
2361.22738     0.19184
2361.28765     0.19142
2361.34791     0.19304
2361.40818     0.19516
2361.46844     0.1953
2361.52871     0.19401
2361.58897     0.19286
2361.64923     0.1914
2361.7095      0.18959
2361.76976     0.18891
2361.83003     0.18873
2361.89029     0.18855
2361.95056     0.18794
2362.01082     0.18666
2362.07109     0.18706
2362.13135     0.18696
2362.19162     0.18706
2362.25188     0.18633
2362.31214     0.18397
2362.37241     0.18359
2362.43267     0.18325
2362.49294     0.18108
2362.5532      0.17929
2362.61347     0.1787
2362.67373     0.18136
2362.734       0.18716
2362.79426     0.18887
2362.85453     0.18371
2362.91479     0.18196
2362.97505     0.18117
2363.03532     0.17892
2363.09559     0.1784
2363.15585     0.17814
2363.21611     0.17847
2363.27638     0.17871
2363.33664     0.17746
2363.39691     0.17669
2363.45717     0.17587
2363.51744     0.17633
2363.5777      0.17542
2363.63797     0.17421
2363.69823     0.17389
2363.7585      0.17373
2363.81876     0.17322
2363.87902     0.17117
2363.93929     0.17129
2363.99955     0.1731
2364.05982     0.17447
2364.12008     0.17334
2364.18035     0.17164
2364.24061     0.17147
2364.30088     0.17114
2364.36114     0.16959
2364.42141     0.16881
2364.48167     0.16873
2364.54194     0.16843
2364.6022      0.16809
2364.66246     0.16742
2364.72273     0.16666
2364.78299     0.16631
2364.84326     0.16596
2364.90352     0.16551
2364.96379     0.16477
2365.02405     0.16423
2365.08432     0.16376
2365.14458     0.16316
2365.20485     0.16259
2365.26511     0.16349
2365.32537     0.16597
2365.38564     0.16619
2365.4459      0.16422
2365.50617     0.16261
2365.56643     0.16181
2365.6267      0.16142
2365.68696     0.16097
2365.74723     0.16006
2365.80749     0.15948
2365.86776     0.15921
2365.92802     0.15888
2365.98828     0.15834
2366.04855     0.15775
2366.10882     0.15731
2366.16908     0.15705
2366.22934     0.15648
2366.28961     0.15562
2366.34987     0.15479
2366.41014     0.15423
2366.4704      0.15427
2366.53067     0.15521
2366.59093     0.15664
2366.6512      0.15663
2366.71146     0.15533
2366.77173     0.15416
2366.83199     0.15313
2366.89226     0.15257
2366.95252     0.15237
2367.01278     0.15186
2367.07305     0.15109
2367.13331     0.15047
2367.19358     0.15032
2367.25384     0.15036
2367.31411     0.14972
2367.37437     0.14883
2367.43464     0.14849
2367.4949      0.14844
2367.55517     0.14782
2367.61543     0.14677
2367.67569     0.14579
2367.73596     0.14653
2367.79622     0.14839
2367.85649     0.14851
2367.91675     0.1472
2367.97702     0.14616
2368.03728     0.14557
2368.09755     0.14507
2368.15781     0.14411
2368.21808     0.14293
2368.27834     0.14328
2368.3386      0.14349
2368.39887     0.14214
2368.45913     0.14184
2368.5194      0.14196
2368.57966     0.14159
2368.63993     0.14135
2368.70019     0.13981
2368.76046     0.13905
2368.82072     0.1391
2368.88099     0.13838
2368.94125     0.13911
2369.00152     0.14019
2369.06178     0.13991
2369.12205     0.13927
2369.18231     0.13752
2369.24257     0.13669
2369.30284     0.13597
2369.3631      0.13671
2369.42337     0.13634
2369.48363     0.1353
2369.5439      0.13498
2369.60416     0.13444
2369.66443     0.13391
2369.72469     0.1334
2369.78496     0.13284
2369.84522     0.13191
2369.90549     0.13162
2369.96575     0.13141
2370.02601     0.13023
2370.08628     0.12925
2370.14654     0.13075
2370.20681     0.13283
2370.26707     0.13205
2370.32734     0.13037
2370.3876      0.12928
2370.44787     0.12826
2370.50813     0.12831
2370.56839     0.12821
2370.62866     0.12709
2370.68892     0.12633
2370.74919     0.12549
2370.80945     0.12485
2370.86972     0.12452
2370.92998     0.12438
2370.99025     0.12408
2371.05051     0.12334
2371.11078     0.1226
2371.17104     0.12201
2371.23131     0.12197
2371.29157     0.1223
2371.35183     0.12289
2371.4121      0.12255
2371.47236     0.1212
2371.53263     0.12057
2371.59289     0.11982
2371.65316     0.11901
2371.71342     0.11842
2371.77369     0.11796
2371.83395     0.1177
2371.89422     0.11705
2371.95448     0.11641
2372.01475     0.1159
2372.07501     0.11545
2372.13528     0.11486
2372.19554     0.1142
2372.2558      0.11365
2372.31607     0.11312
2372.37633     0.11277
2372.4366      0.11294
2372.49686     0.11312
2372.55713     0.11258
2372.61739     0.11169
2372.67766     0.11083
2372.73792     0.10976
2372.79819     0.10909
2372.85845     0.1089
2372.91871     0.10823
2372.97898     0.10741
2373.03924     0.10679
2373.09951     0.10665
2373.15977     0.10637
2373.22004     0.10578
2373.2803      0.10496
2373.34057     0.1043
2373.40083     0.10384
2373.4611      0.10355
2373.52136     0.10327
2373.58162     0.10343
2373.64189     0.10346
2373.70215     0.10272
2373.76242     0.10155
2373.82268     0.10051
2373.88295     0.09999
2373.94321     0.09974
2374.00348     0.09905
2374.06374     0.09831
2374.12401     0.09773
2374.18427     0.09752
2374.24454     0.09716
2374.3048      0.09605
2374.36507     0.09526
2374.42533     0.09511
2374.48559     0.09489
2374.54586     0.09449
2374.60612     0.09377
2374.66639     0.0943
2374.72665     0.09454
2374.78692     0.09359
2374.84718     0.09246
2374.90745     0.09076
2374.96771     0.09048
2375.02798     0.09008
2375.08824     0.08946
2375.14851     0.08898
2375.20877     0.08839
2375.26903     0.08926
2375.3293      0.08926
2375.38956     0.08827
2375.44983     0.08709
2375.51009     0.0869
2375.57036     0.0877
2375.63062     0.08768
2375.69089     0.08633
2375.75115     0.08574
2375.81142     0.08552
2375.87168     0.08517
2375.93194     0.08496
2375.99221     0.08483
2376.05247     0.08379
2376.11274     0.08225
2376.173       0.08239
2376.23327     0.08162
2376.29353     0.08107
2376.3538      0.08065
2376.41406     0.07987
2376.47433     0.07936
2376.53459     0.07904
2376.59486     0.07945
2376.65512     0.07946
2376.71539     0.07845
2376.77565     0.07791
2376.83591     0.0776
2376.89618     0.07735
2376.95644     0.07682
2377.01671     0.07574
2377.07697     0.07544
2377.13724     0.07509
2377.1975      0.07475
2377.25777     0.07406
2377.31803     0.07323
2377.3783      0.07284
2377.43856     0.07248
2377.49883     0.07191
2377.55909     0.07122
2377.61935     0.07058
2377.67962     0.07037
2377.73988     0.0702
2377.80015     0.0699
2377.86041     0.06908
2377.92068     0.06836
2377.98094     0.06809
2378.04121     0.06756
2378.10147     0.06681
2378.16174     0.06597
2378.222       0.06547
2378.28226     0.06501
2378.34253     0.06425
2378.40279     0.06354
2378.46306     0.06296
2378.52332     0.06246
2378.58359     0.06185
2378.64385     0.06112
2378.70412     0.06057
2378.76438     0.06009
2378.82465     0.05967
2378.88491     0.05891
2378.94517     0.05798
2379.00544     0.05746
2379.0657      0.05698
2379.12597     0.05607
2379.18623     0.05523
2379.2465      0.05464
2379.30676     0.0542
2379.36703     0.05359
2379.42729     0.05282
2379.48756     0.05194
2379.54782     0.05122
2379.60809     0.05091
2379.66835     0.05035
2379.72862     0.04953
2379.78888     0.04871
2379.84914     0.04847
2379.90941     0.0481
2379.96967     0.04716
2380.02994     0.04635
2380.0902      0.04598
2380.15047     0.04562
2380.21073     0.04487
2380.271       0.044
2380.33126     0.04353
2380.39153     0.04319
2380.45179     0.04262
2380.51206     0.04172
2380.57232     0.04089
2380.63258     0.04085
2380.69285     0.0406
2380.75311     0.03964
2380.81338     0.03849
2380.87364     0.03825
2380.93391     0.03808
2380.99417     0.03713
2381.05444     0.03651
2381.1147      0.03624
2381.17497     0.0355
2381.23523     0.03507
2381.29549     0.0342
2381.35576     0.03339
2381.41602     0.03309
2381.47629     0.0326
2381.53655     0.03249
2381.59682     0.03172
2381.65708     0.03044
2381.71735     0.03025
2381.77761     0.0302
2381.83788     0.02951
2381.89814     0.02984
2381.9584      0.029
2382.01867     0.02778
2382.07893     0.02719
2382.1392      0.02661
2382.19946     0.02686
2382.25973     0.02682
2382.31999     0.02594
2382.38026     0.02483
2382.44052     0.02364
2382.50079     0.02375
2382.56105     0.02379
2382.62132     0.02309
2382.68158     0.02283
2382.74185     0.02279
2382.80211     0.0225
2382.86237     0.02236
2382.92264     0.02176
2382.9829      0.02069
2383.04317     0.02048
2383.10343     0.02093
2383.1637      0.0205
2383.22396     0.01955
2383.28423     0.01921
2383.34449     0.01899
2383.40476     0.01849
2383.46502     0.0183
2383.52529     0.01809
2383.58555     0.01797
2383.64581     0.01797
2383.70608     0.0176
2383.76634     0.01707
2383.82661     0.01708
2383.88687     0.01719
2383.94714     0.01704
2384.0074      0.01678
2384.06767     0.01647
2384.12793     0.01647
2384.1882      0.01661
2384.24846     0.01634
2384.30872     0.01593
2384.36899     0.01574
2384.42925     0.01599
2384.48952     0.01616
2384.54978     0.01575
2384.61005     0.01551
2384.67031     0.01557
2384.73058     0.01566
2384.79084     0.01533
2384.85111     0.01482
2384.91137     0.01472
2384.97163     0.01489
2385.0319      0.01487
2385.09216     0.01457
2385.15243     0.01435
2385.21269     0.01453
2385.27296     0.01461
2385.33322     0.01435
2385.39349     0.01407
2385.45375     0.01424
2385.51402     0.01433
2385.57428     0.01416
2385.63455     0.01378
2385.69481     0.01368
2385.75508     0.01374
2385.81534     0.01363
2385.8756      0.01341
2385.93587     0.01323
2385.99613     0.01338
2386.0564      0.01366
2386.11666     0.01345
2386.17693     0.0131
2386.23719     0.01312
2386.29746     0.01325
2386.35772     0.01318
2386.41799     0.01301
2386.47825     0.01274
2386.53852     0.01284
2386.59878     0.01304
2386.65904     0.01275
2386.71931     0.01256
2386.77957     0.01267
2386.83984     0.01274
2386.9001      0.01264
2386.96037     0.01227
2387.02063     0.01238
2387.0809      0.01252
2387.14116     0.01256
2387.20143     0.01234
2387.26169     0.01219
2387.32195     0.0124
2387.38222     0.01237
2387.44248     0.01218
2387.50275     0.01203
2387.56301     0.01221
2387.62328     0.01209
2387.68354     0.01242
2387.74381     0.01247
2387.80407     0.0122
2387.86434     0.01284
2387.9246      0.01251
2387.98486     0.01224
2388.04513     0.01193
2388.1054      0.01217
2388.16566     0.01223
2388.22592     0.01226
2388.28619     0.01193
2388.34645     0.01155
2388.40672     0.01186
2388.46698     0.01187
2388.52725     0.01211
2388.58751     0.0114
2388.64778     0.01102
2388.70804     0.01139
2388.76831     0.0116
2388.82857     0.01178
2388.88883     0.01196
2388.9491      0.01069
2389.00936     0.01043
2389.06963     0.01069
2389.12989     0.01029
2389.19016     0.01097
2389.25042     0.0114
2389.31069     0.01123
2389.37095     0.01088
2389.43122     0.01039
2389.49148     0.01034
2389.55175     0.01039
2389.61201     0.01027
2389.67227     0.01042
2389.73254     0.01034
2389.7928      0.0106
2389.85307     0.01063
2389.91333     0.01048
2389.9736      0.0104
2390.03386     0.0105
2390.09413     0.01062
2390.15439     0.01035
2390.21466     0.01
2390.27492     0.00993
2390.33518     0.01008
2390.39545     0.01016
2390.45571     0.00992
2390.51598     0.00969
2390.57624     0.00986
2390.63651     0.01004
2390.69677     0.00991
2390.75704     0.00968
2390.8173      0.0098
2390.87757     0.01003
2390.93783     0.01
2390.99809     0.00983
2391.05836     0.00969
2391.11863     0.00975
2391.17889     0.00993
2391.23915     0.00978
2391.29942     0.0096
2391.35968     0.00973
2391.41995     0.00973
2391.48021     0.00962
2391.54048     0.00949
2391.60074     0.00943
2391.66101     0.00968
2391.72127     0.00966
2391.78154     0.00943
2391.8418      0.00924
2391.90206     0.00938
2391.96233     0.00959
2392.02259     0.00925
2392.08286     0.00894
2392.14312     0.00892
2392.20339     0.00923
2392.26365     0.00941
2392.32392     0.00922
2392.38418     0.00896
2392.44445     0.00909
2392.50471     0.00904
2392.56497     0.00887
2392.62524     0.00876
2392.6855      0.00874
2392.74577     0.00897
2392.80603     0.00903
2392.8663      0.00869
2392.92656     0.00865
2392.98683     0.00894
2393.04709     0.00903
2393.10736     0.00879
2393.16762     0.00844
2393.22789     0.00867
2393.28815     0.0089
2393.34841     0.00874
2393.40868     0.00838
2393.46894     0.00852
2393.52921     0.00869
2393.58947     0.00849
2393.64974     0.00848
2393.71        0.00829
2393.77027     0.00816
2393.83053     0.00831
2393.8908      0.00832
2393.95106     0.00813
2394.01133     0.00827
2394.07159     0.00838
2394.13186     0.00797
2394.19212     0.008
2394.25238     0.00757
2394.31265     0.00816
2394.37291     0.00864
2394.43318     0.00829
2394.49344     0.00853
2394.55371     0.00892
2394.61397     0.00841
2394.67424     0.00795
2394.7345      0.0073
2394.79477     0.00732
2394.85503     0.00735
2394.91529     0.00754
2394.97556     0.00787
2395.03582     0.00786
2395.09609     0.00789
2395.15635     0.00789
2395.21662     0.00829
2395.27688     0.00797
2395.33715     0.00745
2395.39741     0.0082
2395.45768     0.00842
2395.51794     0.00823
2395.5782      0.00765
2395.63847     0.00718
2395.69873     0.00755
2395.759       0.00774
2395.81926     0.00747
2395.87953     0.00763
2395.93979     0.00777
2396.00006     0.00748
2396.06032     0.00742
2396.12059     0.00747
2396.18085     0.00767
2396.24112     0.00786
2396.30138     0.00767
2396.36165     0.00731
2396.42191     0.00709
2396.48217     0.00734
2396.54244     0.00745
2396.6027      0.00737
2396.66297     0.00708
2396.72323     0.00719
2396.7835      0.00738
2396.84376     0.00727
2396.90403     0.00707
2396.96429     0.00691
2397.02456     0.00707
2397.08482     0.00731
2397.14509     0.00707
2397.20535     0.00678
2397.26561     0.00683
2397.32588     0.00712
2397.38614     0.0071
2397.44641     0.00683
2397.50667     0.00688
2397.56694     0.00719
2397.6272      0.00721
2397.68747     0.00688
2397.74773     0.00677
2397.808       0.00687
2397.86826     0.00708
2397.92852     0.00708
2397.98879     0.00687
2398.04905     0.00679
2398.10932     0.00692
2398.16958     0.00718
2398.22985     0.0069
2398.29011     0.00658
2398.35038     0.00679
2398.41064     0.00693
2398.47091     0.00667
2398.53117     0.00636
2398.59143     0.0065
2398.6517      0.00671
2398.71197     0.00667
2398.77223     0.00641
2398.83249     0.00632
2398.89276     0.00655
2398.95302     0.00664
2399.01329     0.00649
2399.07355     0.00616
2399.13382     0.00622
2399.19408     0.00648
2399.25435     0.00642
2399.31461     0.00616
2399.37488     0.00625
2399.43514     0.00631
2399.4954      0.00635
2399.55567     0.0063
2399.61593     0.00618
2399.6762      0.00632
2399.73646     0.00658
2399.79673     0.00666
2399.85699     0.00647
2399.91726     0.0064
2399.97752     0.00646
2400.03779     0.00646
2400.09805     0.00663
2400.15832     0.00667
2400.21858     0.00625
2400.27884     0.00625
2400.33911     0.0067
2400.39937     0.00672
2400.45964     0.0064
2400.5199      0.00598
2400.58017     0.00654
2400.64043     0.00592
2400.7007      0.00557
2400.76096     0.00585
2400.82123     0.00576
2400.88149     0.00559
2400.94175     0.00583
2401.00202     0.00544
2401.06228     0.00576
2401.12255     0.00626
2401.18281     0.00625
2401.24308     0.00531
2401.30334     0.00509
2401.36361     0.00567
2401.42387     0.00625
2401.48414     0.00559
2401.5444      0.00557
2401.60466     0.00612
2401.66493     0.00578
2401.7252      0.0052
2401.78546     0.00534
2401.84572     0.00553
2401.90599     0.00559
2401.96625     0.00515
2402.02652     0.00585
2402.08678     0.00582
2402.14705     0.00598
2402.20731     0.00583
2402.26758     0.00527
2402.32784     0.00531
2402.38811     0.00565
2402.44837     0.00591
2402.50863     0.00568
2402.5689      0.00548
2402.62916     0.00543
2402.68943     0.00566
2402.74969     0.00571
2402.80996     0.00543
2402.87022     0.00526
2402.93049     0.00537
2402.99075     0.00555
2403.05102     0.00526
2403.11128     0.00518
2403.17155     0.0053
2403.23181     0.00543
2403.29207     0.00545
2403.35234     0.0053
2403.4126      0.00511
2403.47287     0.00524
2403.53313     0.00536
2403.5934      0.00509
2403.65366     0.00513
2403.71393     0.00545
2403.77419     0.00548
2403.83446     0.00534
2403.89472     0.00511
2403.95498     0.00497
2404.01525     0.00508
2404.07551     0.00517
2404.13578     0.00513
2404.19604     0.00505
2404.25631     0.00524
2404.31657     0.0053
2404.37684     0.00523
2404.4371      0.00506
2404.49737     0.00491
2404.55763     0.00513
2404.6179      0.00517
2404.67816     0.00491
2404.73843     0.00492
2404.79869     0.00521
2404.85895     0.0053
2404.91922     0.00514
2404.97948     0.00501
2405.03975     0.00502
2405.10001     0.00514
2405.16028     0.00508
2405.22054     0.0047
2405.28081     0.0046
2405.34107     0.00479
2405.40134     0.00495
2405.4616      0.00503
2405.52187     0.00487
2405.58213     0.00483
2405.64239     0.00497
2405.70266     0.00485
2405.76292     0.00452
2405.82319     0.00449
2405.88345     0.005
2405.94372     0.00499
2406.00398     0.0047
2406.06425     0.00471
2406.12451     0.00501
2406.18478     0.00494
2406.24504     0.00494
2406.3053      0.00468
2406.36557     0.00458
2406.42583     0.00483
2406.4861      0.00501
2406.54636     0.00508
2406.60663     0.00485
2406.66689     0.00486
2406.72716     0.00482
2406.78742     0.00491
2406.84769     0.00412
2406.90795     0.00382
2406.96821     0.00407
2407.02848     0.00435
2407.08874     0.00458
2407.14901     0.00472
2407.20927     0.00554
2407.26954     0.00534
2407.3298      0.00461
2407.39007     0.00391
2407.45033     0.00429
2407.5106      0.00482
2407.57086     0.0049
2407.63113     0.00465
2407.69139     0.00421
2407.75166     0.00409
2407.81192     0.00424
2407.87218     0.00392
2407.93245     0.00412
2407.99271     0.00429
2408.05298     0.00449
2408.11324     0.00445
2408.17351     0.00371
2408.23377     0.00419
2408.29404     0.00491
2408.3543      0.00509
2408.41457     0.00414
2408.47483     0.00388
2408.5351      0.00389
2408.59536     0.00415
2408.65562     0.00444
2408.71589     0.00442
2408.77615     0.00411
2408.83642     0.00433
2408.89668     0.00432
2408.95695     0.00429
2409.01721     0.00424
2409.07748     0.00408
2409.13774     0.00445
2409.19801     0.00453
2409.25827     0.00404
2409.31853     0.00372
2409.3788      0.00393
2409.43906     0.00411
2409.49933     0.00396
2409.55959     0.00366
2409.61986     0.00385
2409.68012     0.00418
2409.74039     0.00398
2409.80065     0.00372
2409.86092     0.00364
2409.92118     0.00375
2409.98144     0.00399
2410.04171     0.0039
2410.10197     0.00371
2410.16224     0.00385
2410.2225      0.00392
2410.28277     0.00379
2410.34303     0.00369
2410.4033      0.00364
2410.46356     0.00388
2410.52383     0.00387
2410.58409     0.00361
2410.64436     0.00349
2410.70462     0.0036
2410.76489     0.00405
2410.82515     0.00406
2410.88541     0.00367
2410.94568     0.0035
2411.00594     0.00388
2411.06621     0.00398
2411.12647     0.00371
2411.18674     0.0035
2411.247       0.00357
2411.30727     0.00376
2411.36753     0.00372
2411.4278      0.00355
2411.48806     0.00363
2411.54833     0.00379
2411.60859     0.0038
2411.66885     0.0036
2411.72912     0.00339
2411.78938     0.00365
2411.84965     0.00381
2411.90991     0.00358
2411.97018     0.00332
2412.03044     0.00333
2412.09071     0.00357
2412.15097     0.00356
2412.21124     0.00326
2412.2715      0.00323
2412.33176     0.00354
2412.39203     0.00388
2412.45229     0.00363
2412.51256     0.00336
2412.57282     0.00351
2412.63309     0.00343
2412.69335     0.00353
2412.75362     0.00334
2412.81388     0.00256
2412.87415     0.00283
2412.93441     0.00335
2412.99467     0.00371
2413.05494     0.00398
2413.1152      0.0029
2413.17547     0.00316
2413.23573     0.00327
2413.296       0.00322
2413.35626     0.00326
2413.41653     0.00398
2413.47679     0.00386
2413.53706     0.00353
2413.59732     0.00328
2413.65759     0.00311
2413.71785     0.00357
2413.77812     0.00432
2413.83838     0.00335
2413.89864     0.00284
2413.95891     0.00378
2414.01917     0.00409
2414.07944     0.00377
2414.1397      0.00275
2414.19997     0.00273
2414.26023     0.00335
2414.3205      0.00317
2414.38076     0.00316
2414.44103     0.00263
2414.50129     0.00234
2414.56156     0.00269
2414.62182     0.00294
2414.68208     0.00274
2414.74235     0.00292
2414.80261     0.003
2414.86288     0.00255
2414.92314     0.00268
2414.98341     0.00293
2415.04367     0.00304
2415.10394     0.00276
2415.1642      0.00237
2415.22447     0.00233
2415.28473     0.00281
2415.34499     0.00308
2415.40526     0.00297
2415.46552     0.00268
2415.52579     0.00284
2415.58605     0.00307
2415.64632     0.00307
2415.70658     0.00273
2415.76685     0.00264
2415.82711     0.00283
2415.88738     0.00289
2415.94764     0.00276
2416.0079      0.00259
2416.06817     0.00272
2416.12844     0.00278
2416.1887      0.00278
2416.24896     0.00263
2416.30923     0.00259
2416.36949     0.00274
2416.42976     0.00272
2416.49002     0.00261
2416.55029     0.00257
2416.61055     0.0027
2416.67082     0.00275
2416.73108     0.00267
2416.79135     0.00256
2416.85161     0.0026
2416.91187     0.00283
2416.97214     0.00286
2417.0324      0.00246
2417.09267     0.00236
2417.15293     0.00258
2417.2132      0.00262
2417.27346     0.0025
2417.33373     0.00245
2417.39399     0.00253
2417.45426     0.00273
2417.51452     0.00276
2417.57478     0.00239
2417.63505     0.00241
2417.69531     0.00267
2417.75558     0.00269
2417.81584     0.00249
2417.87611     0.00238
2417.93637     0.00266
2417.99664     0.00283
2418.0569      0.0028
2418.11717     0.00249
2418.17743     0.00234
2418.2377      0.00253
2418.29796     0.00259
2418.35822     0.00225
2418.41849     0.00216
2418.47875     0.00261
2418.53902     0.00272
2418.59928     0.00241
2418.65955     0.00223
2418.71981     0.00237
2418.78008     0.00258
2418.84034     0.00279
2418.90061     0.00244
2418.96087     0.00223
2419.02114     0.00257
2419.0814      0.0025
2419.14167     0.00214
2419.20193     0.00151
2419.26219     0.00172
2419.32246     0.00245
2419.38272     0.00236
2419.44299     0.00182
2419.50325     0.00178
2419.56352     0.00257
2419.62378     0.00242
2419.68405     0.00229
2419.74431     0.00202
2419.80458     0.00267
2419.86484     0.0028
2419.9251      0.00199
2419.98537     0.00153
2420.04563     0.00191
2420.1059      0.00224
2420.16616     0.00239
2420.22643     0.0022
2420.28669     0.00143
2420.34696     0.00208
2420.40722     0.00243
2420.46749     0.00261
2420.52775     0.00207
2420.58801     0.00162
2420.64828     0.00222
2420.70854     0.00235
2420.76881     0.00238
2420.82907     0.00237
2420.88934     0.0028
2420.9496      0.00298
2421.00987     0.00299
2421.07013     0.00221
2421.1304      0.00178
2421.19066     0.00131
2421.25093     0.0015
2421.31119     0.00184
2421.37146     0.00143
2421.43172     0.00174
2421.49198     0.00224
2421.55225     0.00225
2421.61251     0.00199
2421.67278     0.0018
2421.73304     0.00194
2421.79331     0.00221
2421.85357     0.00203
2421.91384     0.00175
2421.9741      0.0018
2422.03437     0.00218
2422.09463     0.00226
2422.1549      0.00194
2422.21516     0.00168
2422.27542     0.00199
2422.33569     0.00218
2422.39595     0.00189
2422.45622     0.00182
2422.51648     0.00198
2422.57675     0.0019
2422.63701     0.00199
2422.69728     0.00179
2422.75754     0.0017
2422.81781     0.00185
2422.87807     0.00179
2422.93833     0.00162
2422.9986      0.00159
2423.05886     0.00172
2423.11913     0.00202
2423.17939     0.00205
2423.23966     0.0015
2423.29992     0.00157
2423.36019     0.00194
2423.42045     0.00191
2423.48072     0.00171
2423.54098     0.00161
2423.60124     0.00187
2423.66151     0.00204
2423.72177     0.00179
2423.78204     0.00153
2423.8423      0.00171
2423.90257     0.00197
2423.96283     0.00183
2424.0231      0.00157
2424.08336     0.00152
2424.14363     0.00174
2424.20389     0.00189
2424.26416     0.00174
2424.32442     0.00164
2424.38469     0.00162
2424.44495     0.00167
2424.50521     0.00171
2424.56548     0.00163
2424.62574     0.00163
2424.68601     0.00167
2424.74627     0.0017
2424.80654     0.00158
2424.8668      0.00151
2424.92707     0.00168
2424.98733     0.00188
2425.0476      0.00168
2425.10786     0.00134
2425.16813     0.00135
2425.22839     0.00155
2425.28865     0.00166
2425.34892     0.00176
2425.40918     8.31213E-4
2425.46945     0.00113
2425.52971     0.00191
2425.58998     0.00183
2425.65024     0.00173
2425.71051     0.00122
2425.77077     0.00123
2425.83104     0.00221
2425.8913      0.00184
2425.95156     0.00132
2426.01183     0.00115
2426.07209     0.00149
2426.13236     0.00111
2426.19262     3.9456E-4
2426.25289     0.00149
2426.31315     0.00189
2426.37342     0.00235
2426.43368     0.00174
2426.49395     8.91924E-4
2426.55421     0.00197
2426.61447     0.00226
2426.67474     0.00163
2426.73501     9.69415E-4
2426.79527     0.0011
2426.85553     0.00183
2426.9158      0.00197
2426.97606     0.00173
2427.03633     0.00122
2427.09659     0.00154
2427.15686     0.00228
2427.21712     0.00182
2427.27739     0.00121
2427.33765     0.00151
2427.39792     0.00144
2427.45818     0.00126
2427.51844     0.00144
2427.57871     0.00148
2427.63897     0.00145
2427.69924     0.00152
2427.7595      9.38254E-4
2427.81977     5.20127E-4
2427.88003     0.00124
2427.9403      0.00149
2428.00056     0.00113
2428.06083     8.97618E-4
2428.12109     0.00113
2428.18136     0.0013
2428.24162     0.00139
2428.30188     0.0013
2428.36215     9.64983E-4
2428.42241     0.00106
2428.48268     0.00132
2428.54294     0.00132
2428.60321     0.00112
2428.66347     9.49347E-4
2428.72374     0.00116
2428.784       0.00135
2428.84427     0.00122
2428.90453     0.00122
2428.96479     0.0013
2429.02506     0.00126
2429.08532     0.00122
2429.14559     0.00112
2429.20585     0.00111
2429.26612     0.00112
2429.32638     0.00112
2429.38665     0.00109
2429.44691     0.00102
2429.50718     0.00117
2429.56744     0.00135
2429.62771     0.00121
2429.68797     0.00101
2429.74824     0.00109
2429.8085      0.00123
2429.86876     0.0013
2429.92903     9.94677E-4
2429.98929     9.1155E-4
2430.04956     0.00112
2430.10982     0.0011
2430.17009     8.36168E-4
2430.23035     6.42041E-4
2430.29062     7.91914E-4
2430.35088     0.00105
2430.41115     0.00109
2430.47141     7.88533E-4
2430.53168     8.16406E-4
2430.59194     0.00106
2430.6522      0.00117
2430.71247     0.0011
2430.77273     0.00103
2430.833       0.00105
2430.89326     0.00126
2430.95353     0.00114
2431.01379     8.73389E-4
2431.07406     0.00107
2431.13432     0.00129
2431.19459     0.001
2431.25485     9.4488E-4
2431.31511     8.41753E-4
2431.37538     9.54626E-4
2431.43564     0.00134
2431.49591     9.12371E-4
2431.55617     4.79244E-4
2431.61644     7.46117E-4
2431.6767      7.7199E-4
2431.73697     7.85863E-4
2431.79723     6.80736E-4
2431.8575      6.84609E-4
2431.91776     0.00112
2431.97802     5.83354E-4
2432.03829     4.67227E-4
2432.09855     9.001E-4
2432.15882     7.27973E-4
2432.21908     6.50846E-4
2432.27935     2.48719E-4
2432.33961     5.41591E-4
2432.39988     3.72464E-4
2432.46014     8.24337E-4
2432.52041     7.5421E-4
2432.58067    -5.17917E-4
2432.64094    -5.75044E-4
2432.7012     -2.06171E-4
2432.76147    -4.77299E-4
2432.82173    -9.94257E-5
2432.88199     5.81447E-4
2432.94226     8.0232E-4
2433.00252     9.97193E-4
2433.06279     0.0012
2433.12305     7.18939E-4
2433.18332    -1.91885E-5
2433.24358     2.74684E-4
2433.30385     0.00122
2433.36411     0.00138
2433.42438     7.38303E-4
2433.48464     6.96176E-4
2433.54491     0.00152
2433.60517     0.00124
2433.66543     3.68794E-4
2433.7257      9.24667E-4
2433.78596     0.00102
2433.84623     0.00131
2433.90649     0.00134
2433.96676     0.00109
2434.02702     6.47032E-4
2434.08729     3.21904E-4
2434.14755     5.54777E-4
2434.20782     3.8965E-4
2434.26808     1.40523E-4
2434.32834     3.60396E-4
2434.38861     4.85269E-4
2434.44887     4.35142E-4
2434.50914     5.43014E-4
2434.5694      6.50887E-4
2434.62967     8.4776E-4
2434.68993     9.61633E-4
2434.7502      4.90506E-4
2434.81046     3.86379E-4
2434.87073     6.91252E-4
2434.93099     7.70124E-4
2434.99125     6.07997E-4
2435.05152     4.3687E-4
2435.11178     5.19743E-4
2435.17205     7.07616E-4
2435.23231     8.57489E-4
2435.29258     6.64362E-4
2435.35284     5.06234E-4
2435.41311     7.30107E-4
2435.47337     7.5798E-4
2435.53364     7.40853E-4
2435.5939      5.07726E-4
2435.65417     6.38599E-4
2435.71443     7.85472E-4
2435.7747      8.01344E-4
2435.83496     5.85217E-4
2435.89522     4.2409E-4
2435.95549     7.47963E-4
2436.01575     7.60836E-4
2436.07602     4.80709E-4
2436.13628     4.52582E-4
2436.19655     4.82454E-4
2436.25681     5.74327E-4
2436.31708     4.822E-4
2436.37734     2.14073E-4
2436.43761     2.44946E-4
2436.49787     5.57819E-4
2436.55814     7.08692E-4
2436.6184      4.45565E-4
2436.67866     2.40437E-4
2436.73893     4.9831E-4
2436.79919     6.36183E-4
2436.85946     5.10056E-4
2436.91972     4.08929E-4
2436.97999     3.25802E-4
2437.04025     5.71675E-4
2437.10052     7.43547E-4
2437.16078     5.8042E-4
2437.22104     5.28293E-4
2437.28131     4.72166E-4
2437.34157     5.29039E-4
2437.40184     5.66912E-4
2437.4621      4.78785E-4
2437.52237     6.80657E-4
2437.58263     0.0011
2437.6429      6.36403E-4
2437.70316     2.91276E-4
2437.76343     2.50149E-4
2437.82369     2.97022E-4
2437.88396     4.11895E-4
2437.94422     7.01767E-4
2438.00448     8.96403E-5
2438.06475     1.90513E-4
2438.12501     0.00142
2438.18528     0.00111
2438.24554     4.23132E-4
2438.30581     9.30046E-5
2438.36607    -4.12255E-6
2438.42634     2.8175E-4
2438.4866     -6.80377E-4
2438.54687    -0.00103
2438.60713    -3.05631E-4
2438.6674      7.02417E-5
2438.72766     5.10115E-4
2438.78793    -5.28013E-4
2438.84819    -2.7014E-4
2438.90845     2.59733E-4
2438.96872    -8.73939E-5
2439.02898    -1.24521E-4
2439.08925    -4.82648E-4
2439.14951     2.82246E-5
2439.20978     3.72098E-4
2439.27004     5.8397E-4
2439.33031     4.10843E-4
2439.39057    -5.52284E-4
2439.45084    -1.81411E-4
2439.5111      6.87462E-4
2439.57136     6.40335E-4
2439.63163     1.69208E-4
2439.69189    -8.69196E-5
2439.75216     4.43953E-4
2439.81242     0.00101
2439.87269     2.44699E-4
2439.93295     5.64572E-4
2439.99322     5.72445E-4
2440.05348     6.38318E-4
2440.11375     3.2319E-4
2440.17401    -3.93937E-4
2440.23428     3.99361E-5
2440.29454     4.6809E-5
2440.3548      4.15682E-4
2440.41507     4.02555E-4
2440.47533    -7.05724E-5
2440.5356     -1.947E-4
2440.59586    -4.98267E-5
2440.65613     8.00461E-5
2440.71639     7.5919E-5
2440.77666     1.00792E-4
2440.83692     2.21665E-4
2440.89719     1.82538E-4
2440.95745    -4.05896E-5
2441.01772    -2.47167E-5
2441.07798     1.22156E-4
2441.13825     1.14029E-4
2441.19851     1.45902E-4
2441.25877    -9.02253E-5
2441.31904     4.76476E-5
2441.3793      1.5352E-4
2441.43957    -1.16067E-5
2441.49983     6.26619E-6
2441.5601      7.2139E-5
2441.62036     3.01012E-4
2441.68063     2.99885E-4
2441.74089     3.97576E-5
2441.80116    -7.53695E-5
2441.86142     1.72503E-4
2441.92168     3.81376E-4
2441.98195     1.95249E-4
2442.04221     1.31219E-5
2442.10248     5.69948E-5
2442.16274     1.67868E-4
2442.22301     3.35741E-4
2442.28327     2.54613E-4
2442.34354     2.07486E-4
2442.4038      2.96359E-4
2442.46407     1.01232E-4
2442.52433     5.10482E-6
2442.58459    -2.23343E-8
2442.64486     1.86851E-4
2442.70512     3.75723E-4
2442.76539     7.45962E-5
2442.82565    -2.83531E-4
2442.88592    -2.44658E-4
2442.94618     8.52148E-5
2443.00645     3.20088E-4
2443.06671     1.24961E-4
2443.12698    -7.41666E-5
2443.18724     3.57063E-5
2443.24751     1.96579E-4
2443.30777     1.40452E-4
2443.36804    -5.36752E-5
2443.4283     -1.11802E-4
2443.48856     1.14071E-4
2443.54883     3.12943E-4
2443.60909     1.8163E-6
2443.66936     2.36891E-5
2443.72962     3.49562E-4
2443.78989     2.26435E-4
2443.85015     7.13077E-5
2443.91042    -1.00819E-4
2443.97068    -2.79466E-5
2444.03095     4.94926E-4
2444.09121     2.17799E-4
2444.15148    -1.32798E-6
2444.21174     3.16545E-4
2444.272       5.45418E-4
2444.33227     4.93291E-4
2444.39253     4.44163E-4
2444.4528      4.90036E-4
2444.51306     1.03909E-4
2444.57333     2.4782E-5
2444.63359     1.61655E-4
2444.69386     1.56528E-4
2444.75412    -9.77599E-4
2444.81439    -0.00104
2444.87465    -1.36854E-4
2444.93491     8.70192E-5
2444.99518    -8.75108E-4
2445.05544    -0.00148
2445.11571     1.69638E-4
2445.17597     0.00144
2445.23624     3.01384E-4
2445.2965     -7.75744E-4
2445.35677     2.60129E-4
2445.41703     6.01002E-4
2445.4773     -3.40125E-4
2445.53756    -4.41252E-4
2445.59782    -3.91379E-4
2445.65809    -8.41506E-4
2445.71835    -4.40634E-4
2445.77862    -2.23761E-4
2445.83888     1.91121E-5
2445.89915     6.5985E-5
2445.95941     4.58578E-5
2446.01968    -1.77269E-4
2446.07994     3.26604E-4
2446.14021     0.00123
2446.20047     0.00126
2446.26074     2.95222E-4
2446.321      -2.06905E-4
2446.38127    -3.92032E-4
2446.44153     2.95841E-4
2446.50179     6.52714E-4
2446.56206     9.15864E-5
2446.62232     2.36459E-4
2446.68259     8.33216E-6
2446.74285    -9.2795E-5
2446.80312    -9.49221E-5
2446.86338    -1.50049E-4
2446.92365     4.28236E-5
2446.98391     1.14696E-4
2447.04418    -1.09431E-4
2447.10444    -2.34558E-4
2447.16471    -1.00685E-4
2447.22497    -6.38121E-5
2447.28523     1.80608E-5
2447.3455     -1.0664E-6
2447.40576    -2.08194E-4
2447.46603    -1.75321E-4
2447.52629     9.45522E-5
2447.58656     3.64251E-5
2447.64682    -3.04702E-4
2447.70709    -2.34829E-4
2447.76735     1.11044E-4
2447.82762     6.09165E-5
2447.88788    -1.77211E-4
2447.94814    -2.91338E-4
2448.00841    -2.86465E-4
2448.06867    -1.35921E-5
2448.12894    -1.77192E-5
2448.1892     -1.02846E-4
2448.24947    -8.99735E-5
2448.30973     2.02899E-4
2448.37        4.43772E-4
2448.43026     9.66451E-5
2448.49053    -3.0482E-5
2448.55079     5.83908E-5
2448.61105     6.52637E-5
2448.67132     2.28137E-4
2448.73158     8.50094E-5
2448.79185    -1.60118E-4
2448.85211    -2.22245E-4
2448.91238    -5.37201E-6
2448.97264    -1.40499E-4
2449.03291    -3.79626E-4
2449.09317    -1.75343E-6
2449.15344     1.97119E-4
2449.2137      2.09923E-5
2449.27397    -2.27135E-4
2449.33423    -1.25262E-4
2449.3945      7.46109E-5
2449.45476     1.50484E-4
2449.51502     4.13566E-5
2449.57529    -7.07706E-5
2449.63555     6.11023E-5
2449.69582     3.69975E-4
2449.75608     2.01848E-4
2449.81635    -3.62791E-5
2449.87661    -1.92406E-4
2449.93688     5.84666E-5
2449.99714     2.36339E-4
