2250.03919     0.00142
2250.09946     9.76629E-4
2250.15972     1.03848E-4
2250.21999     2.49876E-4
2250.28025     9.11315E-4
2250.34051     0.00107
2250.40078     5.53002E-4
2250.46104     6.65307E-5
2250.52131     5.12809E-4
2250.58157     0.00103
2250.64184     7.51496E-4
2250.7021     -1.76415E-4
2250.76237    -9.42164E-5
2250.82263     8.62222E-4
2250.8829      0.001
2250.94316     1.93969E-4
2251.00342    -2.00792E-4
2251.06369     5.76557E-4
2251.12395     0.00126
2251.18422     8.29294E-4
2251.24448     9.54324E-5
2251.30475     2.65001E-4
2251.36501     0.00109
2251.42528     0.00133
2251.48554     5.77577E-4
2251.54581     2.41125E-4
2251.60607     0.00112
2251.66633     0.00164
2251.7266      0.00105
2251.78686     3.1153E-4
2251.84713     5.92668E-4
2251.90739     0.00151
2251.96766     0.00149
2252.02792     5.33724E-4
2252.08819     2.53543E-4
2252.14845     0.00103
2252.20872     0.00151
2252.26898     8.66188E-4
2252.32925     7.94971E-5
2252.38951     4.17866E-4
2252.44978     0.00129
2252.51004     0.00108
2252.5703      1.42471E-4
2252.63057     1.34002E-6
2252.69083     7.90919E-4
2252.7511      0.00105
2252.81136     1.21546E-4
2252.87163    -5.79986E-4
2252.93189     8.9453E-5
2252.99216     9.24372E-4
2253.05242     6.3439E-4
2253.11269    -2.45071E-4
2253.17295    -3.00983E-4
2253.23322     6.28756E-4
2253.29348     0.0011
2253.35374     3.08213E-4
2253.41401    -1.86668E-4
2253.47427     4.8003E-4
2253.53454     0.00117
2253.5948      8.88898E-4
2253.65507     9.72061E-5
2253.71533     2.98335E-4
2253.7756      0.00118
2253.83586     0.00134
2253.89613     7.3251E-4
2253.95639     4.31379E-4
2254.01665     9.00738E-4
2254.07692     0.00144
2254.13718     0.00116
2254.19745     4.18343E-4
2254.25771     4.66012E-4
2254.31798     0.00123
2254.37824     0.00121
2254.43851     4.01028E-4
2254.49877     1.52246E-4
2254.55904     8.74295E-4
2254.6193      0.00133
2254.67956     5.01342E-4
2254.73983    -1.06319E-4
2254.80009     3.37899E-4
2254.86036     0.00124
2254.92062     8.46947E-4
2254.98089     8.24451E-5
2255.04115    -1.10806E-4
2255.10142     4.26452E-4
2255.16168     0.00114
2255.22195    -3.282E-4
2255.28221    -9.90992E-4
2255.34248    -7.66433E-5
2255.40274     7.93155E-4
2255.46301     8.72114E-4
2255.52327     5.08725E-5
2255.58353     3.23701E-4
2255.6438      0.00135
2255.70406     0.00108
2255.76433    -1.29293E-4
2255.82459    -1.08095E-4
2255.88486     8.41944E-4
2255.94512     0.00142
2256.00539     0.00108
2256.06565    -1.3357E-4
2256.12592    -4.92116E-5
2256.18618     0.00102
2256.24645     0.00145
2256.30671     0.00129
2256.36697     5.18433E-4
2256.42724     0.001
2256.4875      0.00152
2256.54777     0.00129
2256.60803     3.36327E-4
2256.6683      8.77557E-5
2256.72856     9.30194E-4
2256.78883     0.00121
2256.84909     2.39532E-4
2256.90935    -2.4679E-4
2256.96962     4.77289E-4
2257.02988     9.92327E-4
2257.09015     4.70846E-4
2257.15041    -3.05526E-4
2257.21068    -1.20507E-4
2257.27094     8.33372E-4
2257.33121     9.3737E-4
2257.39147    -9.08111E-5
2257.45174    -3.56933E-4
2257.512       4.53626E-4
2257.57227     0.00101
2257.63253     4.04433E-4
2257.69279    -3.19798E-4
2257.75306     6.48042E-6
2257.81332     8.75279E-4
2257.87359     8.76288E-4
2257.93385     5.05762E-5
2257.99412    -9.45952E-5
2258.05438     7.94683E-4
2258.11465     0.00132
2258.17491     6.87551E-4
2258.23518    -4.00608E-5
2258.29544     4.26938E-4
2258.35571     0.00134
2258.41597     0.00122
2258.47624     3.08424E-4
2258.5365      1.63502E-4
2258.59676     0.00108
2258.65703     0.00142
2258.71729     6.45798E-4
2258.77756     1.20565E-5
2258.83782     3.74225E-4
2258.89809     0.00125
2258.95835     0.00103
2259.01862     4.80409E-5
2259.07888    -8.24805E-5
2259.13915     7.23358E-4
2259.19941     0.00112
2259.25967     3.23145E-4
2259.31994    -3.60116E-4
2259.3802      2.29452E-4
2259.44047     8.99581E-4
2259.50073     4.4885E-4
2259.561      -3.76922E-4
2259.62126    -2.25003E-4
2259.68153     6.63695E-4
2259.74179     8.28054E-4
2259.80206     6.74426E-5
2259.86232    -3.48009E-4
2259.92258     3.2511E-4
2259.98285     0.00112
2260.04311     8.01687E-4
2260.10338    -1.46934E-4
2260.16364    -6.06959E-5
2260.22391     9.81323E-4
2260.28417     0.00116
2260.34444     3.105E-4
2260.4047      1.73585E-5
2260.46497     9.06957E-4
2260.52523     0.00144
2260.5855      9.69384E-4
2260.64576     2.14713E-4
2260.70603     4.04731E-4
2260.76629     0.00123
2260.82656     0.00129
2260.88682     5.96357E-4
2260.94708     2.81206E-4
2261.00735     6.96974E-4
2261.06761     0.00139
2261.12788     9.81212E-4
2261.18814     2.1094E-4
2261.24841     5.37739E-4
2261.30867     0.00102
2261.36894     5.87126E-4
2261.4292     -4.66395E-4
2261.48947    -5.47827E-4
2261.54973     2.61382E-4
2261.60999     8.425E-4
2261.67026     6.08149E-4
2261.73052    -3.54152E-4
2261.79079    -4.33944E-4
2261.85105     4.39275E-4
2261.91132     5.84983E-4
2261.97158    -8.77481E-5
2262.03185    -6.22659E-4
2262.09211     9.91991E-5
2262.15238     9.57148E-4
2262.21264    -2.06444E-4
2262.2729     -5.85605E-4
2262.33317     4.08523E-4
2262.39343     0.00109
2262.4537      6.10661E-4
2262.51396     1.12849E-4
2262.57423     3.54228E-4
2262.63449     0.0015
2262.69476     0.00179
2262.75502     0.001
2262.81529    -1.82168E-4
2262.87555     4.08671E-4
2262.93582     0.00151
2262.99608     0.00117
2263.05635     1.82307E-4
2263.11661     2.67595E-4
2263.17687     0.00112
2263.23714     0.00118
2263.2974      2.57531E-4
2263.35767    -2.0074E-4
2263.41793     4.93358E-4
2263.4782      0.00107
2263.53846     5.07635E-4
2263.59873    -3.61976E-4
2263.65899    -1.28147E-4
2263.71926     8.03251E-4
2263.77952     7.1326E-4
2263.83979    -2.36602E-4
2263.90005    -3.82293E-4
2263.96031     4.41145E-4
2264.02058     9.85564E-4
2264.08084     2.69853E-4
2264.14111    -5.36249E-4
2264.20137    -9.47301E-5
2264.26164     6.94428E-4
2264.3219      6.97867E-4
2264.38217    -3.66944E-5
2264.44243    -1.31846E-4
2264.5027      7.47433E-4
2264.56296     0.00115
2264.62322     5.0405E-4
2264.68349    -5.84814E-5
2264.74375     4.33187E-4
2264.80402     0.00126
2264.86428     0.00127
2264.92455     4.75243E-4
2264.98481     3.07642E-4
2265.04508     0.00109
2265.10534     0.00153
2265.16561     7.09307E-4
2265.22587     1.43406E-4
2265.28613     7.91905E-4
2265.3464      0.00151
2265.40666     0.00123
2265.46693     4.3428E-4
2265.52719     4.67319E-4
2265.58746     0.00125
2265.64772     0.00141
2265.70799     5.56825E-4
2265.76825     1.44933E-5
2265.82852     6.61532E-4
2265.88878     0.00137
2265.94905     8.44429E-4
2266.00931    -5.10224E-5
2266.06958     6.56762E-5
2266.12984     8.69135E-4
2266.1901      9.24343E-4
2266.25037     5.2882E-5
2266.31063    -4.20959E-4
2266.3709      4.02679E-4
2266.43116     0.0011
2266.49143     4.98566E-4
2266.55169    -2.74125E-4
2266.61196     3.99936E-5
2266.67222     8.45122E-4
2266.73249     9.25571E-4
2266.79275     2.37599E-4
2266.85302     3.26879E-5
2266.91328     7.33797E-4
2266.97354     0.00123
2267.03381     8.50974E-4
2267.09407     8.34923E-5
2267.15434     5.34891E-4
2267.2146      0.00135
2267.27487     0.00113
2267.33513     2.18857E-4
2267.3954      8.86753E-5
2267.45566     7.51884E-4
2267.51593     0.00129
2267.57619     7.91471E-4
2267.63645    -1.8126E-4
2267.69672     2.54858E-4
2267.75698     0.00131
2267.81725     4.15815E-4
2267.87751    -6.40766E-4
2267.93778    -9.73247E-4
2267.99804    -5.08339E-4
2268.05831     3.4697E-4
2268.11857    -1.08822E-4
2268.17884    -3.04883E-4
2268.2391      3.26486E-4
2268.29936     4.93824E-4
2268.35963     4.78223E-4
2268.41989    -5.07009E-4
2268.48016    -6.8847E-4
2268.54042     4.04219E-4
2268.60069     0.00152
2268.66095     0.001
2268.72122     3.49344E-4
2268.78148     4.87773E-4
2268.84175     0.00106
2268.90201     6.7593E-4
2268.96228     3.92687E-5
2269.02254     2.87537E-4
2269.08281     0.00128
2269.14307     0.00125
2269.20333     3.98993E-4
2269.2636      3.00372E-4
2269.32386     9.1861E-4
2269.38413     0.00139
2269.44439     9.09647E-4
2269.50466     2.19036E-4
2269.56492     5.06065E-4
2269.62519     0.00142
2269.68545     0.00137
2269.74572     3.7765E-4
2269.80598     1.15479E-4
2269.86625     7.82178E-4
2269.92651     0.00125
2269.98677     5.86775E-4
2270.04704    -2.16257E-4
2270.1073      2.03162E-4
2270.16757     8.57201E-4
2270.22783     7.03049E-4
2270.2881     -1.53462E-4
2270.34836    -3.52934E-4
2270.40863     5.16635E-4
2270.46889     9.35304E-4
2270.52916     2.55552E-4
2270.58942    -3.56219E-4
2270.64968     4.00093E-5
2270.70995     8.04048E-4
2270.77021     7.24466E-4
2270.83048    -2.12185E-4
2270.89074    -2.83666E-4
2270.95101     5.28222E-4
2271.01127     9.16861E-4
2271.07154     3.81809E-4
2271.1318     -2.20392E-4
2271.19207     3.63027E-4
2271.25233     0.00123
2271.31259     0.00102
2271.37286     1.28772E-4
2271.43313     2.32591E-4
2271.49339     0.00113
2271.55365     0.00128
2271.61392     6.03307E-4
2271.67418     1.98305E-4
2271.73445     7.62744E-4
2271.79471     0.00139
2271.85498     0.001
2271.91524     2.3894E-4
2271.97551     3.50848E-4
2272.03577     0.00114
2272.09604     0.00123
2272.1563      2.87184E-4
2272.21656    -2.07807E-4
2272.27683     4.84061E-4
2272.33709     0.00112
2272.39736     6.36408E-4
2272.45762    -2.21433E-4
2272.51789    -4.21143E-5
2272.57815     7.66694E-4
2272.63842     8.12843E-4
2272.69868     6.22315E-5
2272.75895    -3.0809E-4
2272.81921     4.55929E-4
2272.87948     0.00104
2272.93974     4.67116E-4
2273.         -9.32656E-5
2273.06027     1.48203E-4
2273.12053     7.91972E-4
2273.1808      9.7396E-4
2273.24106     2.83179E-4
2273.30133    -8.51326E-5
2273.36159     7.52906E-4
2273.42186     0.00135
2273.48212     7.52183E-4
2273.54239     4.77118E-5
2273.60265     5.7573E-4
2273.66291     0.00171
2273.72318     0.00184
2273.78344     9.37096E-4
2273.84371     3.60105E-4
2273.90397     0.0012
2273.96424     0.00171
2274.0245      7.46631E-4
2274.08477     6.87149E-4
2274.14503     0.00151
2274.2053      0.00206
2274.26556     0.00175
2274.32582     3.89003E-4
2274.38609     1.98232E-4
2274.44636     8.96211E-4
2274.50662     7.56829E-4
2274.56688     2.30138E-4
2274.62715    -2.38674E-4
2274.68741     1.49565E-4
2274.74768     9.52984E-4
2274.80794     0.00103
2274.86821    -2.57769E-4
2274.92847    -8.03891E-4
2274.98874     1.77968E-4
2275.049       9.12047E-4
2275.10927     3.26515E-4
2275.16953    -2.45546E-4
2275.22979     7.77622E-4
2275.29006     0.00173
2275.35032     0.00112
2275.41059     3.68108E-4
2275.47085     6.48047E-4
2275.53112     0.00173
2275.59138     0.00203
2275.65165     0.0012
2275.71191     8.27451E-4
2275.77218     0.00138
2275.83244     0.00188
2275.89271     0.00145
2275.95297     7.77985E-4
2276.01323     0.00113
2276.0735      0.00194
2276.13376     0.00187
2276.19403     0.00102
2276.25429     8.39338E-4
2276.31456     0.00176
2276.37482     0.00219
2276.43509     0.00146
2276.49535     8.14223E-4
2276.55562     0.00118
2276.61588     0.00198
2276.67614     0.00178
2276.73641     0.00103
2276.79667     9.59206E-4
2276.85694     0.00168
2276.9172      0.00216
2276.97747     0.00155
2277.03773     8.3257E-4
2277.098       0.00137
2277.15826     0.00232
2277.21853     0.002
2277.27879     0.00115
2277.33906     0.00122
2277.39932     0.00228
2277.45959     0.00272
2277.51985     0.00199
2277.58011     0.00157
2277.64038     0.00224
2277.70064     0.00313
2277.76091     0.00283
2277.82117     0.00204
2277.88144     0.00218
2277.9417      0.00305
2278.00197     0.00325
2278.06223     0.00256
2278.1225      0.00221
2278.18276     0.00311
2278.24303     0.00385
2278.30329     0.00347
2278.36355     0.00257
2278.42382     0.00272
2278.48408     0.00365
2278.54435     0.00381
2278.60461     0.00304
2278.66488     0.00266
2278.72514     0.00356
2278.78541     0.00435
2278.84567     0.00375
2278.90594     0.00291
2278.9662      0.00329
2279.02646     0.00415
2279.08673     0.00419
2279.14699     0.00347
2279.20726     0.00332
2279.26752     0.00412
2279.32779     0.00477
2279.38805     0.00433
2279.44832     0.00399
2279.50858     0.00456
2279.56885     0.00554
2279.62911     0.00566
2279.68937     0.00503
2279.74964     0.00535
2279.8099      0.00691
2279.87017     0.0075
2279.93043     0.00703
2279.9907      0.00703
2280.05096     0.0076
2280.11123     0.00854
2280.17149     0.00917
2280.23176     0.00836
2280.29202     0.00932
2280.35229     0.01019
2280.41255     0.01024
2280.47282     0.00992
2280.53308     0.00934
2280.59334     0.01029
2280.65361     0.01144
2280.71387     0.01153
2280.77414     0.01146
2280.8344      0.01177
2280.89467     0.01233
2280.95493     0.01275
2281.0152      0.01291
2281.07546     0.01338
2281.13573     0.01483
2281.19599     0.01625
2281.25625     0.01671
2281.31652     0.01703
2281.37678     0.01835
2281.43705     0.02086
2281.49731     0.02204
2281.55758     0.02263
2281.61784     0.02385
2281.67811     0.02674
2281.73837     0.02928
2281.79864     0.03076
2281.8589      0.03161
2281.91916     0.0336
2281.97943     0.03637
2282.03969     0.0386
2282.09996     0.04028
2282.16022     0.04252
2282.22049     0.04571
2282.28075     0.04864
2282.34102     0.05029
2282.40128     0.0519
2282.46155     0.05433
2282.52181     0.05665
2282.58208     0.05769
2282.64234     0.05756
2282.7026      0.05743
2282.76287     0.05759
2282.82313     0.05691
2282.8834      0.05465
2282.94366     0.05217
2283.00393     0.05047
2283.06419     0.04894
2283.12446     0.04638
2283.18472     0.04308
2283.24499     0.04063
2283.30525     0.03903
2283.36552     0.03681
2283.42578     0.03382
2283.48605     0.03109
2283.54631     0.02944
2283.60657     0.02814
2283.66684     0.02581
2283.7271      0.02317
2283.78737     0.02154
2283.84763     0.02073
2283.9079      0.01942
2283.96816     0.01729
2284.02843     0.01553
2284.08869     0.01497
2284.14896     0.01472
2284.20922     0.01335
2284.26948     0.01174
2284.32975     0.01112
2284.39001     0.01119
2284.45028     0.01069
2284.51054     0.00947
2284.57081     0.00879
2284.63107     0.00927
2284.69134     0.00962
2284.7516      0.0089
2284.81187     0.0081
2284.87213     0.00849
2284.93239     0.00936
2284.99266     0.00935
2285.05293     0.00854
2285.11319     0.00827
2285.17345     0.00892
2285.23372     0.00927
2285.29398     0.00836
2285.35425     0.00724
2285.41451     0.00729
2285.47478     0.00782
2285.53504     0.00729
2285.59531     0.00599
2285.65557     0.00545
2285.71584     0.00582
2285.7761      0.00576
2285.83636     0.00462
2285.89663     0.00349
2285.95689     0.00367
2286.01716     0.00429
2286.07742     0.00385
2286.13769     0.00271
2286.19795     0.00253
2286.25822     0.00306
2286.31848     0.00339
2286.37875     0.00283
2286.43901     0.00189
2286.49928     0.0021
2286.55954     0.00271
2286.6198      0.00232
2286.68007     0.00129
2286.74033     0.00139
2286.8006      0.00216
2286.86086     0.0025
2286.92113     0.00119
2286.98139     9.91968E-4
2287.04166     0.00128
2287.10192     0.00174
2287.16219     0.00126
2287.22245     3.09362E-4
2287.28271     9.70941E-4
2287.34298     0.00184
2287.40324     0.00162
2287.46351     7.98587E-4
2287.52377     0.00136
2287.58404     0.00139
2287.6443      7.02362E-4
2287.70457     4.83491E-4
2287.76483     3.2046E-4
2287.8251      5.60678E-4
2287.88536     9.73987E-4
2287.94563     5.63675E-4
2288.00589    -1.05246E-4
2288.06616     1.55663E-4
2288.12642     8.75081E-4
2288.18668     0.00107
2288.24695     3.30768E-4
2288.30721    -4.34533E-4
2288.36748    -1.10654E-4
2288.42774     7.21794E-4
2288.48801     7.55993E-4
2288.54827    -8.61986E-5
2288.60854    -2.0205E-4
2288.6688      6.76509E-4
2288.72907     0.00102
2288.78933     5.39436E-4
2288.8496      1.40554E-4
2288.90986     5.82413E-4
2288.97012     0.0013
2289.03039     0.0011
2289.09065     2.14009E-4
2289.15092     1.09087E-4
2289.21118     9.52766E-4
2289.27145     0.00128
2289.33171     5.08833E-4
2289.39198    -2.79698E-4
2289.45224     4.1573E-4
2289.51251     0.0012
2289.57277     5.72627E-4
2289.63303    -2.39204E-4
2289.6933     -1.47725E-4
2289.75356     6.91023E-4
2289.81383     7.16602E-4
2289.87409    -1.5831E-4
2289.93436    -6.09031E-4
2289.99462     5.23576E-5
2290.05489     8.25346E-4
2290.11515     3.56995E-4
2290.17542    -4.99087E-4
2290.23568    -3.30658E-4
2290.29594     5.18291E-4
2290.35621     6.01659E-4
2290.41647    -2.42522E-4
2290.47674    -4.81354E-4
2290.537       2.08925E-4
2290.59727     8.12984E-4
2290.65753     4.51352E-4
2290.7178     -2.94629E-4
2290.77806    -1.01401E-4
2290.83833     7.31898E-4
2290.89859     8.05097E-4
2290.95886    -3.52949E-5
2291.01912    -2.46366E-4
2291.07939     5.66482E-4
2291.13965     0.00112
2291.19991     5.59909E-4
2291.26018    -9.46919E-5
2291.32044     3.40477E-4
2291.38071     0.00122
2291.44097     0.00108
2291.50124     3.19924E-5
2291.5615     -9.2999E-5
2291.62177     6.6105E-4
2291.68203     9.47598E-4
2291.7423      2.33647E-4
2291.80256    -4.45225E-4
2291.86283     1.61744E-4
2291.92309     8.99043E-4
2291.98335     5.83841E-4
2292.04362    -3.0537E-4
2292.10388    -4.58072E-4
2292.16415     2.86057E-4
2292.22441     5.62176E-4
2292.28468    -7.78358E-5
2292.34494    -6.64337E-4
2292.40521    -2.53589E-4
2292.46547     3.1196E-4
2292.52574    -1.80151E-4
2292.586      -7.62593E-4
2292.64626    -2.71964E-4
2292.70653     6.76334E-4
2292.76679     5.12323E-4
2292.82706    -3.25079E-4
2292.88732    -7.1768E-4
2292.94759    -1.30751E-4
2293.00785     0.00101
2293.06812     1.55916E-4
2293.12838    -5.24196E-4
2293.18865    -3.82007E-4
2293.24891     8.64816E-5
2293.30917     1.2709E-4
2293.36944     1.42129E-4
2293.4297      5.16574E-5
2293.48997     9.44566E-4
2293.55023     0.00138
2293.6105      5.66393E-4
2293.67076    -1.80708E-4
2293.73103     1.7801E-4
2293.79129     0.00127
2293.85156     0.00134
2293.91182     3.29966E-4
2293.97209    -3.88015E-4
2294.03235     2.99353E-4
2294.09262     7.72842E-4
2294.15288     4.07371E-4
2294.21314    -1.61211E-4
2294.27341    -1.23772E-4
2294.33367     6.67776E-4
2294.39394     4.77745E-4
2294.4542     -4.8065E-6
2294.51447    -7.42179E-5
2294.57473     4.65871E-4
2294.635       8.42109E-4
2294.69526     1.39078E-4
2294.75553    -6.07884E-4
2294.81579    -2.01015E-4
2294.87606     8.78354E-4
2294.93632     6.86622E-4
2294.99658    -1.95069E-4
2295.05685    -2.71751E-4
2295.11711     5.71018E-4
2295.17738     9.00037E-4
2295.23764     2.67735E-4
2295.29791    -1.85886E-4
2295.35817     4.66582E-4
2295.41844     0.00129
2295.4787      8.9093E-4
2295.53897    -1.76218E-5
2295.59923    -4.97732E-5
2295.65949     9.66645E-4
2295.71976     0.00118
2295.78002     3.93633E-4
2295.84029     1.97611E-5
2295.90055     6.56167E-4
2295.96082     0.00139
2296.02108     8.85102E-4
2296.08135     1.4295E-5
2296.14161     1.26378E-4
2296.20188     9.6117E-4
2296.26214     0.00106
2296.3224      2.07655E-4
2296.38267    -2.47552E-4
2296.44293     3.5454E-4
2296.5032      9.20753E-4
2296.56346     3.83266E-4
2296.62373    -4.70392E-4
2296.68399    -1.83019E-4
2296.74426     7.59673E-4
2296.80452     7.16746E-4
2296.86479    -1.41262E-4
2296.92505    -4.60099E-4
2296.98532     2.53333E-4
2297.04558     7.95886E-4
2297.10585     2.93129E-4
2297.16611    -2.55029E-4
2297.22637     2.49834E-4
2297.28664     0.00105
2297.3469      8.62949E-4
2297.40717     1.45481E-4
2297.46743    -3.2806E-5
2297.5277      7.71277E-4
2297.58796     0.00121
2297.64823     6.43702E-4
2297.70849     9.34242E-5
2297.76876     4.75757E-4
2297.82902     0.00126
2297.88929     0.0012
2297.94955     3.68454E-4
2298.00981     3.20917E-4
2298.07008     0.00112
2298.13034     0.0014
2298.19061     6.72615E-4
2298.25087     1.72977E-4
2298.31114     5.946E-4
2298.3714      0.00112
2298.43167     9.91835E-4
2298.49193     2.60678E-4
2298.5522     -6.02899E-5
2298.61246     4.89973E-4
2298.67272     8.65945E-4
2298.73299     2.16468E-4
2298.79325    -4.2755E-4
2298.85352     2.08823E-4
2298.91378     0.00101
2298.97405     5.00758E-4
2299.03431    -6.30879E-4
2299.09458    -3.60117E-4
2299.15484     8.67036E-4
2299.21511     0.00109
2299.27537    -4.08192E-5
2299.33563    -7.07727E-4
2299.3959      2.34776E-4
2299.45617     9.56478E-4
2299.51643     6.41761E-4
2299.57669     1.18494E-4
2299.63696     2.76936E-4
2299.69722     0.00123
2299.75749     6.66631E-4
2299.81775     2.70339E-5
2299.87802    -3.35474E-4
2299.93828     2.50469E-4
2299.99855     7.28672E-4
2300.05881     7.02741E-5
2300.11908    -5.28743E-4
2300.17934    -3.52311E-4
2300.2396      0.00168
2300.29987     0.00263
2300.36013     0.00149
2300.4204      0.00133
2300.48066     0.00151
2300.54093     0.00157
2300.60119     0.00105
2300.66146     5.4557E-4
2300.72172     8.28652E-4
2300.78199     0.00131
2300.84225     9.62657E-4
2300.90252     3.8467E-4
2300.96278     3.03063E-4
2301.02304     8.62715E-4
2301.08331     0.00123
2301.14357     5.4399E-4
2301.20384    -9.08172E-5
2301.2641      4.82815E-4
2301.32437     0.00107
2301.38463     8.8952E-4
2301.4449      1.42933E-4
2301.50516     5.49156E-5
2301.56543     0.001
2301.62569     0.00131
2301.68595     5.78943E-4
2301.74622     1.16656E-4
2301.80648     9.24528E-4
2301.86675     0.00169
2301.92701     0.00119
2301.98728     5.16016E-4
2302.04754     6.67869E-4
2302.10781     0.00139
2302.16807     0.00166
2302.22834     9.52616E-4
2302.2886      4.57949E-4
2302.34886     0.00115
2302.40913     0.0019
2302.4694      0.00153
2302.52966     6.91559E-4
2302.58992     9.37892E-4
2302.65019     0.00174
2302.71045     0.00154
2302.77072     6.06379E-4
2302.83098     3.42232E-4
2302.89125     0.00107
2302.95151     0.00153
2303.01178     8.401E-4
2303.07204     1.78512E-4
2303.13231     5.14985E-4
2303.19257     0.00134
2303.25283     0.00123
2303.3131      3.27162E-4
2303.37336     1.21735E-4
2303.43363     9.45708E-4
2303.49389     0.00124
2303.55416     6.21543E-4
2303.61442     1.26705E-4
2303.67469     7.23598E-4
2303.73495     0.00159
2303.79522     0.00137
2303.85548     4.51275E-4
2303.91574     4.54928E-4
2303.97601     0.0014
2304.03627     0.00165
2304.09654     8.99736E-4
2304.1568      5.02028E-4
2304.21707     0.00111
2304.27733     0.00176
2304.3376      0.0015
2304.39786     7.77999E-4
2304.45813     8.18451E-4
2304.51839     0.00172
2304.57866     0.00216
2304.63892     0.00122
2304.69918     7.32061E-4
2304.75945     0.00162
2304.81971     0.00231
2304.87998     0.00174
2304.94024     8.23552E-4
2305.00051     8.42274E-4
2305.06077     0.00168
2305.12104     0.00179
2305.1813      6.61302E-4
2305.24157     3.19244E-4
2305.30183     0.0011
2305.3621      0.00135
2305.42236     8.37572E-4
2305.48263     2.36025E-4
2305.54289    -7.73128E-5
2305.60315     0.00134
2305.66342     0.00214
2305.72368     0.00122
2305.78395     8.44497E-4
2305.84421     0.00129
2305.90448     0.00184
2305.96474     0.00103
2306.02501     2.40928E-4
2306.08527     3.108E-4
2306.14554     0.00132
2306.2058      0.00219
2306.26606     0.00168
2306.32633     0.00113
2306.38659     0.00168
2306.44686     0.00197
2306.50712     0.00144
2306.56739     0.00102
2306.62765     9.88193E-4
2306.68792     0.00201
2306.74818     0.00241
2306.80845     0.00207
2306.86871     0.00159
2306.92897     0.00221
2306.98924     0.0023
2307.0495      0.0015
2307.10977     8.87724E-4
2307.17003     0.00134
2307.2303      0.00208
2307.29056     0.00166
2307.35083     6.99514E-4
2307.41109     6.34837E-4
2307.47136     0.00167
2307.53162     0.00194
2307.59189     0.0012
2307.65215     7.90117E-4
2307.71242     0.00128
2307.77268     0.00198
2307.83294     0.00155
2307.89321     7.31557E-4
2307.95347     8.869E-4
2308.01374     0.00181
2308.074       0.00196
2308.13427     0.00112
2308.19453     8.7317E-4
2308.2548      0.00154
2308.31506     0.00221
2308.37533     0.00189
2308.43559     0.00121
2308.49586     0.00163
2308.55612     0.00252
2308.61638     0.00237
2308.67665     0.00156
2308.73691     0.0014
2308.79718     0.00216
2308.85744     0.00276
2308.91771     0.00244
2308.97797     0.00193
2309.03824     0.00219
2309.0985      0.00257
2309.15877     0.00233
2309.21903     0.0015
2309.27929     0.00134
2309.33956     0.00213
2309.39982     0.00254
2309.46009     0.00191
2309.52035     0.00132
2309.58062     0.00175
2309.64088     0.00233
2309.70115     0.00197
2309.76141     0.00119
2309.82168     0.00108
2309.88194     0.00191
2309.9422      0.00244
2310.00247     0.00161
2310.06274     9.40179E-4
2310.123       0.00162
2310.18326     0.00253
2310.24353     0.00216
2310.30379     0.00128
2310.36406     0.00144
2310.42432     0.00229
2310.48459     0.00254
2310.54485     0.0019
2310.60512     0.00147
2310.66538     0.0021
2310.72565     0.00288
2310.78591     0.00249
2310.84617     0.00178
2310.90644     0.00202
2310.9667      0.00297
2311.02697     0.00351
2311.08723     0.00285
2311.1475      0.00217
2311.20776     0.00257
2311.26803     0.00304
2311.32829     0.00244
2311.38856     0.00178
2311.44882     0.0019
2311.50909     0.00269
2311.56935     0.00301
2311.62961     0.00215
2311.68988     0.00191
2311.75014     0.00241
2311.81041     0.00264
2311.87067     0.00234
2311.93094     0.00159
2311.9912      0.00176
2312.05147     0.00288
2312.11173     0.00308
2312.172       0.0018
2312.23226     0.00132
2312.29252     0.00283
2312.35279     0.00334
2312.41305     0.00286
2312.47332     0.00192
2312.53358     0.00269
2312.59385     0.00354
2312.65411     0.00331
2312.71438     0.00236
2312.77464     0.00217
2312.83491     0.00241
2312.89517     0.00324
2312.95543     0.00302
2313.0157      0.0028
2313.07597     0.00364
2313.13623     0.00429
2313.19649     0.00364
2313.25676     0.00257
2313.31702     0.00286
2313.37729     0.00343
2313.43755     0.00392
2313.49782     0.00306
2313.55808     0.00221
2313.61835     0.00292
2313.67861     0.0035
2313.73888     0.00315
2313.79914     0.00233
2313.85941     0.00234
2313.91967     0.0032
2313.97993     0.00359
2314.0402      0.00269
2314.10046     0.00205
2314.16073     0.00275
2314.22099     0.00348
2314.28126     0.00299
2314.34152     0.00215
2314.40179     0.00234
2314.46205     0.00324
2314.52232     0.00342
2314.58258     0.00254
2314.64284     0.00217
2314.70311     0.00307
2314.76337     0.00375
2314.82364     0.00328
2314.8839      0.00267
2314.94417     0.00299
2315.00443     0.00386
2315.0647      0.0042
2315.12496     0.00385
2315.18523     0.00397
2315.24549     0.00445
2315.30575     0.00459
2315.36602     0.00386
2315.42628     0.00318
2315.48655     0.00366
2315.54681     0.00446
2315.60708     0.00411
2315.66734     0.00327
2315.72761     0.00325
2315.78787     0.00399
2315.84814     0.00441
2315.9084      0.00381
2315.96867     0.00322
2316.02893     0.00377
2316.0892      0.00463
2316.14946     0.00433
2316.20972     0.00338
2316.26999     0.00331
2316.33025     0.00402
2316.39052     0.00435
2316.45078     0.00353
2316.51105     0.00286
2316.57131     0.0035
2316.63158     0.0043
2316.69184     0.004
2316.75211     0.00335
2316.81237     0.00354
2316.87264     0.00454
2316.9329      0.00479
2316.99316     0.00387
2317.05343     0.00385
2317.11369     0.00499
2317.17396     0.00551
2317.23422     0.00456
2317.29449     0.0039
2317.35475     0.00416
2317.41502     0.00502
2317.47528     0.00514
2317.53555     0.00433
2317.59581     0.00408
2317.65607     0.00479
2317.71634     0.00535
2317.7766      0.00506
2317.83687     0.00425
2317.89713     0.00479
2317.9574      0.00598
2318.01766     0.00554
2318.07793     0.0048
2318.13819     0.00463
2318.19846     0.00547
2318.25872     0.00586
2318.31898     0.00487
2318.37925     0.00429
2318.43951     0.00507
2318.49978     0.00576
2318.56004     0.00544
2318.62031     0.00462
2318.68057     0.00437
2318.74084     0.00492
2318.8011      0.00503
2318.86137     0.00527
2318.92163     0.00529
2318.9819      0.00422
2319.04216     0.00485
2319.10243     0.00567
2319.16269     0.00581
2319.22295     0.00615
2319.28322     0.00621
2319.34348     0.00629
2319.40375     0.00545
2319.46401     0.00511
2319.52428     0.00642
2319.58454     0.0069
2319.64481     0.00646
2319.70507     0.00581
2319.76534     0.0059
2319.8256      0.00674
2319.88587     0.00707
2319.94613     0.00645
2320.00639     0.00607
2320.06666     0.00675
2320.12692     0.00745
2320.18719     0.00696
2320.24745     0.00614
2320.30772     0.00623
2320.36798     0.00718
2320.42825     0.00742
2320.48851     0.00665
2320.54878     0.00633
2320.60904     0.00688
2320.6693      0.00755
2320.72957     0.00721
2320.78983     0.00638
2320.8501      0.00653
2320.91036     0.00732
2320.97063     0.00747
2321.03089     0.00724
2321.09116     0.00789
2321.15142     0.00848
2321.21169     0.00819
2321.27195     0.00727
2321.33221     0.00676
2321.39248     0.00738
2321.45274     0.00832
2321.51301     0.00843
2321.57327     0.0077
2321.63354     0.00757
2321.6938      0.00859
2321.75407     0.00909
2321.81433     0.00828
2321.8746      0.00779
2321.93486     0.00846
2321.99513     0.00954
2322.05539     0.00936
2322.11566     0.00849
2322.17592     0.00845
2322.23618     0.00938
2322.29645     0.00986
2322.35671     0.00921
2322.41698     0.00886
2322.47724     0.00941
2322.53751     0.01024
2322.59777     0.0099
2322.65804     0.00884
2322.7183      0.00884
2322.77857     0.00976
2322.83883     0.00998
2322.8991      0.00952
2322.95936     0.00978
2323.01962     0.01121
2323.07989     0.01143
2323.14015     0.01047
2323.20042     0.00967
2323.26068     0.00997
2323.32095     0.01088
2323.38121     0.011
2323.44148     0.01019
2323.50174     0.01003
2323.56201     0.01089
2323.62227     0.01156
2323.68253     0.0112
2323.7428      0.01052
2323.80306     0.01106
2323.86333     0.01225
2323.92359     0.01247
2323.98386     0.01185
2324.04412     0.01167
2324.10439     0.01225
2324.16465     0.01265
2324.22492     0.01285
2324.28518     0.01206
2324.34544     0.01258
2324.40571     0.01379
2324.46598     0.01378
2324.52624     0.01274
2324.5865      0.01285
2324.64677     0.01402
2324.70703     0.01435
2324.7673      0.01424
2324.82756     0.01475
2324.88783     0.01714
2324.94809     0.0189
2325.00836     0.01719
2325.06862     0.01553
2325.12889     0.01438
2325.18915     0.0144
2325.24941     0.01464
2325.30968     0.01541
2325.36994     0.01505
2325.43021     0.0161
2325.49047     0.01771
2325.55074     0.01741
2325.611       0.01625
2325.67127     0.01636
2325.73153     0.01748
2325.7918      0.01801
2325.85206     0.01786
2325.91232     0.01778
2325.97259     0.0189
2326.03285     0.02001
2326.09312     0.01999
2326.15338     0.0201
2326.21365     0.0209
2326.27391     0.02186
2326.33418     0.0228
2326.39444     0.02287
2326.45471     0.0231
2326.51497     0.02463
2326.57524     0.02587
2326.6355      0.02596
2326.69576     0.02638
2326.75603     0.02896
2326.81629     0.03217
2326.87656     0.03183
2326.93682     0.0304
2326.99709     0.03032
2327.05735     0.03123
2327.11762     0.03178
2327.17788     0.03123
2327.23815     0.03063
2327.29841     0.03108
2327.35867     0.03181
2327.41894     0.03169
2327.47921     0.03093
2327.53947     0.0306
2327.59973     0.03162
2327.66        0.03208
2327.72026     0.03134
2327.78053     0.03063
2327.84079     0.0311
2327.90106     0.03214
2327.96132     0.03196
2328.02159     0.0313
2328.08185     0.03133
2328.14212     0.03243
2328.20238     0.03324
2328.26264     0.03294
2328.32291     0.03264
2328.38317     0.03333
2328.44344     0.03441
2328.5037      0.03436
2328.56397     0.03416
2328.62423     0.0365
2328.6845      0.03944
2328.74476     0.03857
2328.80503     0.03665
2328.86529     0.03618
2328.92555     0.03699
2328.98582     0.03789
2329.04608     0.03781
2329.10635     0.03752
2329.16661     0.03801
2329.22688     0.03921
2329.28714     0.04011
2329.34741     0.03984
2329.40767     0.03997
2329.46794     0.04109
2329.5282      0.04208
2329.58847     0.04177
2329.64873     0.04147
2329.709       0.04228
2329.76926     0.04361
2329.82952     0.04416
2329.88979     0.04376
2329.95005     0.04395
2330.01032     0.04536
2330.07058     0.04675
2330.13085     0.04667
2330.19111     0.04601
2330.25138     0.04645
2330.31164     0.04732
2330.37191     0.04745
2330.43217     0.04827
2330.49244     0.05159
2330.5527      0.05437
2330.61296     0.05427
2330.67323     0.05263
2330.73349     0.05178
2330.79376     0.05285
2330.85402     0.05354
2330.91429     0.05399
2330.97455     0.05434
2331.03482     0.05505
2331.09508     0.05602
2331.15535     0.05721
2331.21561     0.05671
2331.27587     0.05603
2331.33614     0.05699
2331.3964      0.05928
2331.45667     0.05979
2331.51693     0.05868
2331.5772      0.05958
2331.63746     0.06069
2331.69773     0.06167
2331.75799     0.06246
2331.81826     0.06205
2331.87852     0.06289
2331.93878     0.06461
2331.99905     0.06405
2332.05931     0.06298
2332.11958     0.06424
2332.17984     0.06656
2332.24011     0.06826
2332.30037     0.07213
2332.36064     0.07375
2332.4209      0.07317
2332.48117     0.07306
2332.54143     0.07219
2332.6017      0.07223
2332.66196     0.07325
2332.72223     0.07477
2332.78249     0.07567
2332.84275     0.07559
2332.90302     0.07619
2332.96328     0.07795
2333.02355     0.07932
2333.08381     0.07951
2333.14408     0.0797
2333.20434     0.08081
2333.26461     0.08254
2333.32487     0.08357
2333.38514     0.08379
2333.4454      0.08439
2333.50567     0.08596
2333.56593     0.08733
2333.62619     0.08777
2333.68646     0.08773
2333.74672     0.08876
2333.80699     0.09036
2333.86725     0.09072
2333.92752     0.09008
2333.98778     0.09124
2334.04805     0.09613
2334.10831     0.10232
2334.16858     0.10263
2334.22884     0.10068
2334.2891      0.10095
2334.34937     0.10194
2334.40963     0.1024
2334.4699      0.10262
2334.53016     0.10396
2334.59043     0.10597
2334.65069     0.10734
2334.71096     0.10798
2334.77122     0.1088
2334.83149     0.11075
2334.89175     0.11269
2334.95201     0.1137
2335.01228     0.11442
2335.07255     0.11606
2335.13281     0.11824
2335.19307     0.11971
2335.25334     0.12053
2335.3136      0.12155
2335.37387     0.12344
2335.43413     0.12542
2335.4944      0.1263
2335.55466     0.12663
2335.61493     0.1277
2335.67519     0.12927
2335.73546     0.13112
2335.79572     0.13531
2335.85598     0.14346
2335.91625     0.14817
2335.97651     0.14637
2336.03678     0.14465
2336.09704     0.14471
2336.15731     0.14638
2336.21757     0.14884
2336.27784     0.15056
2336.3381      0.15153
2336.39837     0.15304
2336.45863     0.15544
2336.5189      0.15796
2336.57916     0.15961
2336.63942     0.161
2336.69969     0.16399
2336.75995     0.16698
2336.82022     0.16896
2336.88048     0.17026
2336.94075     0.17302
2337.00101     0.17669
2337.06128     0.17935
2337.12154     0.18047
2337.18181     0.1816
2337.24207     0.18442
2337.30233     0.18741
2337.3626      0.18777
2337.42286     0.18746
2337.48313     0.1916
2337.54339     0.19866
2337.60366     0.21
2337.66392     0.21572
2337.72419     0.21485
2337.78445     0.21467
2337.84472     0.21726
2337.90498     0.21896
2337.96524     0.22025
2338.02551     0.22261
2338.08578     0.22636
2338.14604     0.22985
2338.2063      0.23319
2338.26657     0.23588
2338.32683     0.23983
2338.3871      0.24325
2338.44736     0.2468
2338.50763     0.25075
2338.56789     0.25396
2338.62816     0.25833
2338.68842     0.26226
2338.74869     0.26536
2338.80895     0.26885
2338.86921     0.27359
2338.92948     0.27806
2338.98974     0.28123
2339.05001     0.28379
2339.11027     0.28658
2339.17054     0.29045
2339.2308      0.29719
2339.29107     0.31007
2339.35133     0.32392
2339.4116      0.32842
2339.47186     0.32937
2339.53213     0.33148
2339.59239     0.33485
2339.65265     0.33973
2339.71292     0.34543
2339.77318     0.35066
2339.83345     0.35509
2339.89371     0.36036
2339.95398     0.36687
2340.01424     0.37284
2340.07451     0.37833
2340.13477     0.3839
2340.19504     0.39036
2340.2553      0.39725
2340.31556     0.40351
2340.37583     0.4094
2340.43609     0.41618
2340.49636     0.42362
2340.55662     0.42996
2340.61689     0.43581
2340.67715     0.44136
2340.73742     0.44721
2340.79768     0.45283
2340.85795     0.45775
2340.91821     0.46528
2340.97848     0.48256
2341.03874     0.50285
2341.09901     0.51238
2341.15927     0.5168
2341.21953     0.52205
2341.2798      0.52929
2341.34006     0.53673
2341.40033     0.54315
2341.46059     0.55005
2341.52086     0.55825
2341.58112     0.56711
2341.64139     0.57542
2341.70165     0.58247
2341.76192     0.59024
2341.82218     0.59887
2341.88245     0.60693
2341.94271     0.61444
2342.00297     0.62191
2342.06324     0.62989
2342.1235      0.63749
2342.18377     0.64453
2342.24403     0.65044
2342.3043      0.65616
2342.36456     0.66207
2342.42483     0.66574
2342.48509     0.66819
2342.54536     0.67239
2342.60562     0.68204
2342.66588     0.70082
2342.72615     0.71623
2342.78641     0.72018
2342.84668     0.72198
2342.90694     0.72373
2342.96721     0.72582
2343.02747     0.72908
2343.08774     0.73156
2343.148       0.73399
2343.20827     0.73733
2343.26853     0.74197
2343.32879     0.74657
2343.38906     0.7482
2343.44932     0.74893
2343.50959     0.75299
2343.56985     0.75674
2343.63012     0.75716
2343.69038     0.75606
2343.75065     0.75808
2343.81091     0.75795
2343.87118     0.75681
2343.93144     0.75458
2343.99171     0.75576
2344.05197     0.75797
2344.11224     0.75604
2344.1725      0.74684
2344.23276     0.74769
2344.29303     0.76206
2344.35329     0.77185
2344.41356     0.76866
2344.47382     0.76555
2344.53409     0.76242
2344.59435     0.75944
2344.65462     0.7557
2344.71488     0.75378
2344.77515     0.75316
2344.83541     0.75145
2344.89568     0.74739
2344.95594     0.74633
2345.0162      0.74289
2345.07647     0.73962
2345.13673     0.73786
2345.197       0.73575
2345.25726     0.73447
2345.31753     0.7321
2345.37779     0.72888
2345.43806     0.72563
2345.49832     0.72369
2345.55859     0.72109
2345.61885     0.71764
2345.67911     0.71316
2345.73938     0.7078
2345.79964     0.70378
2345.85991     0.70382
2345.92017     0.70617
2345.98044     0.706
2346.0407      0.70248
2346.10097     0.69896
2346.16123     0.6962
2346.2215      0.69214
2346.28176     0.68821
2346.34202     0.68545
2346.40229     0.68241
2346.46255     0.67913
2346.52282     0.67561
2346.58308     0.67136
2346.64335     0.66824
2346.70361     0.66553
2346.76388     0.66184
2346.82414     0.65798
2346.88441     0.65538
2346.94467     0.65284
2347.00494     0.6491
2347.0652      0.64513
2347.12547     0.64182
2347.18573     0.63831
2347.24599     0.63485
2347.30626     0.6301
2347.36652     0.62523
2347.42679     0.62285
2347.48705     0.62273
2347.54732     0.62181
2347.60758     0.61923
2347.66785     0.61554
2347.72811     0.61191
2347.78838     0.6082
2347.84864     0.60435
2347.9089      0.60082
2347.96917     0.59805
2348.02943     0.595
2348.0897      0.59092
2348.14996     0.58708
2348.21023     0.58444
2348.27049     0.5821
2348.33076     0.57936
2348.39102     0.57542
2348.45129     0.57129
2348.51155     0.56793
2348.57181     0.56539
2348.63208     0.56225
2348.69234     0.55771
2348.75261     0.55414
2348.81287     0.55142
2348.87314     0.5487
2348.9334      0.54623
2348.99367     0.54241
2349.05393     0.53905
2349.1142      0.53563
2349.17446     0.53159
2349.23473     0.52734
2349.29499     0.52415
2349.35525     0.52168
2349.41552     0.51812
2349.47578     0.51451
2349.53605     0.51144
2349.59631     0.50995
2349.65658     0.50726
2349.71684     0.50325
2349.77711     0.49846
2349.83737     0.4954
2349.89764     0.49456
2349.9579      0.49237
2350.01817     0.48822
2350.07843     0.48455
2350.1387      0.48131
2350.19896     0.47913
2350.25922     0.47778
2350.31949     0.47238
2350.37975     0.46755
2350.44002     0.46705
2350.50028     0.4652
2350.56055     0.45969
2350.62081     0.45444
2350.68108     0.45358
2350.74134     0.45377
2350.80161     0.45018
2350.86187     0.44568
2350.92213     0.44146
2350.9824      0.43788
2351.04266     0.43512
2351.10293     0.43154
2351.16319     0.42736
2351.22346     0.4252
2351.28372     0.42342
2351.34399     0.42036
2351.40425     0.41843
2351.46452     0.41809
2351.52478     0.41633
2351.58505     0.4139
2351.64531     0.41077
2351.70558     0.40763
2351.76584     0.40537
2351.8261      0.40325
2351.88637     0.39959
2351.94663     0.39632
2352.0069      0.39437
2352.06716     0.39225
2352.12743     0.38954
2352.18769     0.38652
2352.24796     0.38452
2352.30822     0.38308
2352.36849     0.38085
2352.42875     0.37771
2352.48902     0.3744
2352.54928     0.37226
2352.60954     0.37
2352.66981     0.36659
2352.73007     0.36249
2352.79034     0.35992
2352.8506      0.3611
2352.91087     0.36267
2352.97113     0.36072
2353.0314      0.35733
2353.09166     0.35482
2353.15193     0.35305
2353.21219     0.35023
2353.27245     0.34719
2353.33272     0.34514
2353.39298     0.34389
2353.45325     0.34233
2353.51351     0.33987
2353.57378     0.33746
2353.63404     0.33577
2353.69431     0.33428
2353.75457     0.33191
2353.81484     0.32924
2353.8751      0.32735
2353.93536     0.326
2353.99563     0.32398
2354.05589     0.32118
2354.11616     0.31841
2354.17642     0.31597
2354.23669     0.31379
2354.29695     0.31341
2354.35722     0.31519
2354.41748     0.31627
2354.47775     0.31456
2354.53801     0.31151
2354.59828     0.30847
2354.65854     0.30659
2354.71881     0.30596
2354.77907     0.30516
2354.83933     0.30286
2354.8996      0.30044
2354.95986     0.29927
2355.02013     0.29837
2355.08039     0.2966
2355.14066     0.29394
2355.20092     0.29221
2355.26119     0.29162
2355.32145     0.29046
2355.38172     0.28839
2355.44198     0.2868
2355.50225     0.28515
2355.56251     0.2831
2355.62277     0.28025
2355.68304     0.27696
2355.7433      0.27639
2355.80357     0.28054
2355.86383     0.28212
2355.9241      0.27963
2355.98436     0.27734
2356.04463     0.27524
2356.10489     0.27415
2356.16516     0.27236
2356.22542     0.27146
2356.28568     0.27087
2356.34595     0.27048
2356.40621     0.26941
2356.46648     0.26742
2356.52674     0.26479
2356.58701     0.26346
2356.64727     0.26295
2356.70754     0.26169
2356.7678      0.26049
2356.82807     0.25957
2356.88833     0.25922
2356.94859     0.25639
2357.00886     0.2533
2357.06912     0.25132
2357.12939     0.24847
2357.18965     0.24959
2357.24992     0.25452
2357.31018     0.25579
2357.37045     0.25456
2357.43071     0.25302
2357.49098     0.25068
2357.55124     0.24802
2357.61151     0.24779
2357.67177     0.24676
2357.73204     0.24579
2357.7923      0.24487
2357.85256     0.24356
2357.91283     0.2431
2357.97309     0.24318
2358.03336     0.24211
2358.09362     0.24006
2358.15389     0.23879
2358.21415     0.23841
2358.27442     0.23773
2358.33468     0.23574
2358.39495     0.23369
2358.45521     0.23215
2358.51548     0.23087
2358.57574     0.23102
2358.636       0.23447
2358.69627     0.2376
2358.75653     0.23627
2358.8168      0.2335
2358.87706     0.23112
2358.93733     0.22971
2358.99759     0.22966
2359.05786     0.22953
2359.11812     0.2281
2359.17839     0.22645
2359.23865     0.22591
2359.29891     0.22591
2359.35918     0.2253
2359.41944     0.22419
2359.47971     0.22306
2359.53997     0.22273
2359.60024     0.22242
2359.6605      0.22107
2359.72077     0.21917
2359.78103     0.21778
2359.8413      0.21685
2359.90156     0.2153
2359.96182     0.21517
2360.02209     0.21914
2360.08235     0.22324
2360.14262     0.22069
2360.20288     0.21708
2360.26315     0.2152
2360.32341     0.21446
2360.38368     0.21447
2360.44394     0.21391
2360.50421     0.21258
2360.56447     0.21196
2360.62474     0.21211
2360.685       0.21173
2360.74527     0.21047
2360.80553     0.20923
2360.86579     0.20908
2360.92606     0.20918
2360.98632     0.20821
2361.04659     0.20667
2361.10685     0.20551
2361.16712     0.20479
2361.22738     0.2036
2361.28765     0.20245
2361.34791     0.20395
2361.40818     0.20898
2361.46844     0.20987
2361.52871     0.20686
2361.58897     0.20467
2361.64923     0.20336
2361.7095      0.20331
2361.76976     0.20302
2361.83003     0.20189
2361.89029     0.20092
2361.95056     0.201
2362.01082     0.2009
2362.07109     0.19969
2362.13135     0.19791
2362.19162     0.19746
2362.25188     0.19774
2362.31214     0.19774
2362.37241     0.19726
2362.43267     0.19553
2362.49294     0.19381
2362.5532      0.19213
2362.61347     0.19051
2362.67373     0.19309
2362.734       0.19864
2362.79426     0.1996
2362.85453     0.1945
2362.91479     0.19262
2362.97505     0.19164
2363.03532     0.1914
2363.09559     0.19106
2363.15585     0.18984
2363.21611     0.18931
2363.27638     0.19021
2363.33664     0.18987
2363.39691     0.1894
2363.45717     0.18878
2363.51744     0.18718
2363.5777      0.1889
2363.63797     0.18906
2363.69823     0.18653
2363.7585      0.18545
2363.81876     0.18337
2363.87902     0.18319
2363.93929     0.18448
2363.99955     0.18674
2364.05982     0.18839
2364.12008     0.18926
2364.18035     0.18727
2364.24061     0.18461
2364.30088     0.18293
2364.36114     0.18283
2364.42141     0.18332
2364.48167     0.18239
2364.54194     0.1811
2364.6022      0.18085
2364.66246     0.18109
2364.72273     0.1809
2364.78299     0.17963
2364.84326     0.17879
2364.90352     0.17897
2364.96379     0.17897
2365.02405     0.17759
2365.08432     0.1752
2365.14458     0.17378
2365.20485     0.17452
2365.26511     0.177
2365.32537     0.17977
2365.38564     0.18022
2365.4459      0.17837
2365.50617     0.17712
2365.56643     0.17616
2365.6267      0.1749
2365.68696     0.17467
2365.74723     0.17503
2365.80749     0.17469
2365.86776     0.17343
2365.92802     0.17259
2365.98828     0.17268
2366.04855     0.17294
2366.10882     0.17201
2366.16908     0.17071
2366.22934     0.17064
2366.28961     0.17065
2366.34987     0.16933
2366.41014     0.16737
2366.4704      0.16627
2366.53067     0.16872
2366.59093     0.17205
2366.6512      0.171
2366.71146     0.16918
2366.77173     0.16794
2366.83199     0.16767
2366.89226     0.1671
2366.95252     0.16574
2367.01278     0.16529
2367.07305     0.16561
2367.13331     0.16541
2367.19358     0.16431
2367.25384     0.16326
2367.31411     0.16332
2367.37437     0.16371
2367.43464     0.16298
2367.4949      0.16156
2367.55517     0.16068
2367.61543     0.1604
2367.67569     0.15996
2367.73596     0.1603
2367.79622     0.16288
2367.85649     0.1642
2367.91675     0.1626
2367.97702     0.16087
2368.03728     0.15906
2368.09755     0.1585
2368.15781     0.15919
2368.21808     0.15895
2368.27834     0.15735
2368.3386      0.15624
2368.39887     0.15699
2368.45913     0.15698
2368.5194      0.156
2368.57966     0.15465
2368.63993     0.15433
2368.70019     0.15491
2368.76046     0.15388
2368.82072     0.15195
2368.88099     0.14928
2368.94125     0.15007
2369.00152     0.15192
2369.06178     0.15252
2369.12205     0.15155
2369.18231     0.1524
2369.24257     0.15126
2369.30284     0.15103
2369.3631      0.15105
2369.42337     0.14826
2369.48363     0.14822
2369.5439      0.15
2369.60416     0.14923
2369.66443     0.14769
2369.72469     0.14781
2369.78496     0.14814
2369.84522     0.1474
2369.90549     0.14609
2369.96575     0.14512
2370.02601     0.14411
2370.08628     0.14435
2370.14654     0.14421
2370.20681     0.146
2370.26707     0.14733
2370.32734     0.14579
2370.3876      0.14351
2370.44787     0.14188
2370.50813     0.14187
2370.56839     0.14206
2370.62866     0.14116
2370.68892     0.13966
2370.74919     0.13897
2370.80945     0.13912
2370.86972     0.13916
2370.92998     0.13822
2370.99025     0.13696
2371.05051     0.1362
2371.11078     0.13612
2371.17104     0.13536
2371.23131     0.1339
2371.29157     0.13399
2371.35183     0.13601
2371.4121      0.13686
2371.47236     0.13443
2371.53263     0.13241
2371.59289     0.13217
2371.65316     0.13242
2371.71342     0.13197
2371.77369     0.13071
2371.83395     0.12983
2371.89422     0.13
2371.95448     0.13001
2372.01475     0.12882
2372.07501     0.12765
2372.13528     0.12773
2372.19554     0.12808
2372.2558      0.1272
2372.31607     0.1253
2372.37633     0.12446
2372.4366      0.12585
2372.49686     0.12751
2372.55713     0.12635
2372.61739     0.12417
2372.67766     0.1235
2372.73792     0.12355
2372.79819     0.12299
2372.85845     0.12147
2372.91871     0.12084
2372.97898     0.12141
2373.03924     0.12096
2373.09951     0.11927
2373.15977     0.11843
2373.22004     0.11841
2373.2803      0.11826
2373.34057     0.11745
2373.40083     0.11583
2373.4611      0.11522
2373.52136     0.11612
2373.58162     0.11703
2373.64189     0.11646
2373.70215     0.11477
2373.76242     0.11431
2373.82268     0.11421
2373.88295     0.11323
2373.94321     0.1119
2374.00348     0.11153
2374.06374     0.11189
2374.12401     0.11148
2374.18427     0.11026
2374.24454     0.10933
2374.3048      0.10976
2374.36507     0.10974
2374.42533     0.10826
2374.48559     0.10688
2374.54586     0.10638
2374.60612     0.10714
2374.66639     0.10824
2374.72665     0.10755
2374.78692     0.10693
2374.84718     0.10613
2374.90745     0.10526
2374.96771     0.10363
2375.02798     0.10274
2375.08824     0.10249
2375.14851     0.10267
2375.20877     0.10245
2375.26903     0.1001
2375.3293      0.09939
2375.38956     0.10066
2375.44983     0.09963
2375.51009     0.09828
2375.57036     0.09638
2375.63062     0.09792
2375.69089     0.09993
2375.75115     0.09926
2375.81142     0.09757
2375.87168     0.09688
2375.93194     0.09791
2375.99221     0.09753
2376.05247     0.09478
2376.11274     0.09419
2376.173       0.09446
2376.23327     0.09378
2376.29353     0.09287
2376.3538      0.09216
2376.41406     0.09164
2376.47433     0.0918
2376.53459     0.09084
2376.59486     0.0897
2376.65512     0.08938
2376.71539     0.0897
2376.77565     0.09026
2376.83591     0.0894
2376.89618     0.08759
2376.95644     0.08676
2377.01671     0.08725
2377.07697     0.0869
2377.13724     0.08534
2377.1975      0.08423
2377.25777     0.08433
2377.31803     0.08437
2377.3783      0.08336
2377.43856     0.08224
2377.49883     0.0818
2377.55909     0.08198
2377.61935     0.08146
2377.67962     0.08012
2377.73988     0.07944
2377.80015     0.07998
2377.86041     0.07991
2377.92068     0.07844
2377.98094     0.077
2378.04121     0.0768
2378.10147     0.07717
2378.16174     0.07653
2378.222       0.07514
2378.28226     0.07418
2378.34253     0.07437
2378.40279     0.07429
2378.46306     0.07318
2378.52332     0.07196
2378.58359     0.07174
2378.64385     0.07183
2378.70412     0.07121
2378.76438     0.07015
2378.82465     0.06936
2378.88491     0.06949
2378.94517     0.06921
2379.00544     0.0678
2379.0657      0.0666
2379.12597     0.06646
2379.18623     0.06659
2379.2465      0.06564
2379.30676     0.0639
2379.36703     0.06305
2379.42729     0.06312
2379.48756     0.06292
2379.54782     0.06129
2379.60809     0.05985
2379.66835     0.06013
2379.72862     0.06052
2379.78888     0.05933
2379.84914     0.05762
2379.90941     0.05689
2379.96967     0.05693
2380.02994     0.05634
2380.0902      0.05482
2380.15047     0.05364
2380.21073     0.05357
2380.271       0.0535
2380.33126     0.05234
2380.39153     0.05058
2380.45179     0.04992
2380.51206     0.05031
2380.57232     0.04999
2380.63258     0.04868
2380.69285     0.04795
2380.75311     0.04794
2380.81338     0.04742
2380.87364     0.04612
2380.93391     0.04527
2380.99417     0.04532
2381.05444     0.04532
2381.1147      0.04355
2381.17497     0.04228
2381.23523     0.04207
2381.29549     0.04143
2381.35576     0.0412
2381.41602     0.04054
2381.47629     0.03902
2381.53655     0.03938
2381.59682     0.04122
2381.65708     0.03973
2381.71735     0.03666
2381.77761     0.03579
2381.83788     0.03666
2381.89814     0.03706
2381.9584      0.03401
2382.01867     0.0329
2382.07893     0.03176
2382.1392      0.03293
2382.19946     0.03341
2382.25973     0.03207
2382.31999     0.03159
2382.38026     0.03115
2382.44052     0.0305
2382.50079     0.02965
2382.56105     0.02875
2382.62132     0.0294
2382.68158     0.02932
2382.74185     0.02814
2382.80211     0.02727
2382.86237     0.02633
2382.92264     0.02613
2382.9829      0.02663
2383.04317     0.02546
2383.10343     0.02432
2383.1637      0.02435
2383.22396     0.02469
2383.28423     0.02436
2383.34449     0.02346
2383.40476     0.02311
2383.46502     0.02338
2383.52529     0.02314
2383.58555     0.0221
2383.64581     0.02126
2383.70608     0.02169
2383.76634     0.02199
2383.82661     0.02123
2383.88687     0.02021
2383.94714     0.02012
2384.0074      0.02078
2384.06767     0.02064
2384.12793     0.0195
2384.1882      0.01902
2384.24846     0.01965
2384.30872     0.01994
2384.36899     0.0191
2384.42925     0.01815
2384.48952     0.01831
2384.54978     0.01885
2384.61005     0.01848
2384.67031     0.01765
2384.73058     0.01747
2384.79084     0.01816
2384.85111     0.01837
2384.91137     0.01764
2384.97163     0.01686
2385.0319      0.01717
2385.09216     0.01795
2385.15243     0.01778
2385.21269     0.01693
2385.27296     0.01667
2385.33322     0.01746
2385.39349     0.01767
2385.45375     0.0169
2385.51402     0.01628
2385.57428     0.0167
2385.63455     0.01743
2385.69481     0.01705
2385.75508     0.01621
2385.81534     0.01621
2385.8756      0.01695
2385.93587     0.017
2385.99613     0.01597
2386.0564      0.01535
2386.11666     0.01591
2386.17693     0.01645
2386.23719     0.01596
2386.29746     0.01505
2386.35772     0.01518
2386.41799     0.01604
2386.47825     0.01607
2386.53852     0.01507
2386.59878     0.01463
2386.65904     0.01531
2386.71931     0.01579
2386.77957     0.01539
2386.83984     0.01454
2386.9001      0.01437
2386.96037     0.01498
2387.02063     0.01537
2387.0809      0.01486
2387.14116     0.01449
2387.20143     0.01521
2387.26169     0.01563
2387.32195     0.01445
2387.38222     0.01399
2387.44248     0.01447
2387.50275     0.01479
2387.56301     0.01458
2387.62328     0.01467
2387.68354     0.01513
2387.74381     0.01566
2387.80407     0.01522
2387.86434     0.01499
2387.9246      0.01495
2387.98486     0.01408
2388.04513     0.01504
2388.1054      0.01497
2388.16566     0.01373
2388.22592     0.01243
2388.28619     0.01222
2388.34645     0.01313
2388.40672     0.01271
2388.46698     0.01155
2388.52725     0.01218
2388.58751     0.01326
2388.64778     0.01251
2388.70804     0.01236
2388.76831     0.01255
2388.82857     0.01234
2388.88883     0.01346
2388.9491      0.01278
2389.00936     0.0118
2389.06963     0.01273
2389.12989     0.01336
2389.19016     0.01202
2389.25042     0.01176
2389.31069     0.01187
2389.37095     0.01247
2389.43122     0.01285
2389.49148     0.01168
2389.55175     0.01139
2389.61201     0.01251
2389.67227     0.01296
2389.73254     0.01249
2389.7928      0.01194
2389.85307     0.01223
2389.91333     0.01296
2389.9736      0.01309
2390.03386     0.01224
2390.09413     0.01186
2390.15439     0.01241
2390.21466     0.01287
2390.27492     0.0122
2390.33518     0.01133
2390.39545     0.01159
2390.45571     0.01254
2390.51598     0.01253
2390.57624     0.01143
2390.63651     0.011
2390.69677     0.01168
2390.75704     0.01222
2390.8173      0.0115
2390.87757     0.01074
2390.93783     0.01138
2390.99809     0.01217
2391.05836     0.01177
2391.11863     0.01071
2391.17889     0.01053
2391.23915     0.01143
2391.29942     0.01185
2391.35968     0.01111
2391.41995     0.01042
2391.48021     0.01107
2391.54048     0.01176
2391.60074     0.01145
2391.66101     0.01031
2391.72127     0.01021
2391.78154     0.01121
2391.8418      0.01142
2391.90206     0.01093
2391.96233     0.01037
2392.02259     0.0107
2392.08286     0.01135
2392.14312     0.01117
2392.20339     0.01037
2392.26365     0.01033
2392.32392     0.01111
2392.38418     0.01129
2392.44445     0.01053
2392.50471     0.0101
2392.56497     0.01076
2392.62524     0.01132
2392.6855      0.01071
2392.74577     0.00997
2392.80603     0.01009
2392.8663      0.0106
2392.92656     0.01063
2392.98683     0.01011
2393.04709     0.00962
2393.10736     0.00983
2393.16762     0.01024
2393.22789     0.00987
2393.28815     0.00899
2393.34841     0.00923
2393.40868     0.01017
2393.46894     0.01001
2393.52921     0.00923
2393.58947     0.00868
2393.64974     0.00992
2393.71        0.01106
2393.77027     0.00962
2393.83053     0.00827
2393.8908      0.00904
2393.95106     0.01083
2394.01133     0.0107
2394.07159     0.00956
2394.13186     0.0092
2394.19212     0.01016
2394.25238     0.01103
2394.31265     0.00937
2394.37291     0.01008
2394.43318     0.01077
2394.49344     0.00986
2394.55371     0.01054
2394.61397     0.00924
2394.67424     0.00943
2394.7345      0.00996
2394.79477     0.00928
2394.85503     0.00806
2394.91529     0.00881
2394.97556     0.01006
2395.03582     0.00937
2395.09609     0.00918
2395.15635     0.00865
2395.21662     0.00906
2395.27688     0.01067
2395.33715     0.01012
2395.39741     0.00868
2395.45768     0.00785
2395.51794     0.00859
2395.5782      0.00973
2395.63847     0.009
2395.69873     0.00805
2395.759       0.00801
2395.81926     0.00925
2395.87953     0.00941
2395.93979     0.0084
2396.00006     0.00807
2396.06032     0.00895
2396.12059     0.00947
2396.18085     0.00892
2396.24112     0.00821
2396.30138     0.00841
2396.36165     0.0093
2396.42191     0.0093
2396.48217     0.00852
2396.54244     0.00834
2396.6027      0.00913
2396.66297     0.00954
2396.72323     0.00884
2396.7835      0.00808
2396.84376     0.00849
2396.90403     0.00927
2396.96429     0.00896
2397.02456     0.00815
2397.08482     0.00794
2397.14509     0.0086
2397.20535     0.00907
2397.26561     0.00821
2397.32588     0.00763
2397.38614     0.0083
2397.44641     0.00877
2397.50667     0.00822
2397.56694     0.00772
2397.6272      0.00774
2397.68747     0.00837
2397.74773     0.00876
2397.808       0.0079
2397.86826     0.00724
2397.92852     0.00793
2397.98879     0.00855
2398.04905     0.00827
2398.10932     0.00746
2398.16958     0.00746
2398.22985     0.0083
2398.29011     0.0086
2398.35038     0.0077
2398.41064     0.00729
2398.47091     0.0081
2398.53117     0.00853
2398.59143     0.00796
2398.6517      0.00738
2398.71197     0.00765
2398.77223     0.00854
2398.83249     0.00858
2398.89276     0.00763
2398.95302     0.00731
2399.01329     0.00802
2399.07355     0.00844
2399.13382     0.00768
2399.19408     0.00703
2399.25435     0.00734
2399.31461     0.00806
2399.37488     0.0079
2399.43514     0.00705
2399.4954      0.00679
2399.55567     0.00762
2399.61593     0.008
2399.6762      0.00698
2399.73646     0.00642
2399.79673     0.00737
2399.85699     0.00767
2399.91726     0.0074
2399.97752     0.00641
2400.03779     0.0062
2400.09805     0.0076
2400.15832     0.00776
2400.21858     0.00654
2400.27884     0.006
2400.33911     0.00652
2400.39937     0.00765
2400.45964     0.00743
2400.5199      0.00658
2400.58017     0.00668
2400.64043     0.00813
2400.7007      0.01011
2400.76096     0.00849
2400.82123     0.00673
2400.88149     0.00679
2400.94175     0.00869
2401.00202     0.00619
2401.06228     0.00515
2401.12255     0.00694
2401.18281     0.00758
2401.24308     0.00741
2401.30334     0.00612
2401.36361     0.00563
2401.42387     0.00713
2401.48414     0.00805
2401.5444      0.00707
2401.60466     0.00672
2401.66493     0.00742
2401.7252      0.00748
2401.78546     0.00713
2401.84572     0.00638
2401.90599     0.00605
2401.96625     0.00596
2402.02652     0.00705
2402.08678     0.00683
2402.14705     0.00586
2402.20731     0.00588
2402.26758     0.00666
2402.32784     0.00711
2402.38811     0.00657
2402.44837     0.00598
2402.50863     0.0066
2402.5689      0.00727
2402.62916     0.0066
2402.68943     0.00583
2402.74969     0.00632
2402.80996     0.00726
2402.87022     0.00693
2402.93049     0.00628
2402.99075     0.00636
2403.05102     0.00699
2403.11128     0.00725
2403.17155     0.00663
2403.23181     0.00595
2403.29207     0.00641
2403.35234     0.00716
2403.4126      0.00702
2403.47287     0.00611
2403.53313     0.00599
2403.5934      0.00678
2403.65366     0.00692
2403.71393     0.0062
2403.77419     0.00561
2403.83446     0.00626
2403.89472     0.00711
2403.95498     0.00655
2404.01525     0.00555
2404.07551     0.0055
2404.13578     0.0063
2404.19604     0.00654
2404.25631     0.00585
2404.31657     0.00537
2404.37684     0.0059
2404.4371      0.00658
2404.49737     0.00614
2404.55763     0.00514
2404.6179      0.00542
2404.67816     0.0062
2404.73843     0.00636
2404.79869     0.00562
2404.85895     0.00536
2404.91922     0.00608
2404.97948     0.00682
2405.03975     0.00635
2405.10001     0.00557
2405.16028     0.00586
2405.22054     0.00659
2405.28081     0.00649
2405.34107     0.0058
2405.40134     0.00567
2405.4616      0.0065
2405.52187     0.00697
2405.58213     0.00589
2405.64239     0.00488
2405.70266     0.00545
2405.76292     0.00648
2405.82319     0.00618
2405.88345     0.00541
2405.94372     0.00545
2406.00398     0.00587
2406.06425     0.00644
2406.12451     0.00537
2406.18478     0.00437
2406.24504     0.00495
2406.3053      0.00633
2406.36557     0.00605
2406.42583     0.00448
2406.4861      0.00375
2406.54636     0.00567
2406.60663     0.00575
2406.66689     0.00376
2406.72716     0.00407
2406.78742     0.00532
2406.84769     0.00644
2406.90795     0.00515
2406.96821     0.00465
2407.02848     0.00593
2407.08874     0.00751
2407.14901     0.00699
2407.20927     0.0057
2407.26954     0.00547
2407.3298      0.00652
2407.39007     0.00497
2407.45033     0.00552
2407.5106      0.00575
2407.57086     0.00517
2407.63113     0.00552
2407.69139     0.00584
2407.75166     0.00574
2407.81192     0.00432
2407.87218     0.00525
2407.93245     0.00615
2407.99271     0.00586
2408.05298     0.00612
2408.11324     0.00545
2408.17351     0.00636
2408.23377     0.00661
2408.29404     0.00446
2408.3543      0.00415
2408.41457     0.00517
2408.47483     0.00552
2408.5351      0.00475
2408.59536     0.00448
2408.65562     0.00508
2408.71589     0.00567
2408.77615     0.00522
2408.83642     0.00463
2408.89668     0.0042
2408.95695     0.00517
2409.01721     0.00572
2409.07748     0.005
2409.13774     0.00431
2409.19801     0.00488
2409.25827     0.00565
2409.31853     0.00546
2409.3788      0.0047
2409.43906     0.00477
2409.49933     0.00561
2409.55959     0.00576
2409.61986     0.005
2409.68012     0.00455
2409.74039     0.00508
2409.80065     0.00572
2409.86092     0.00543
2409.92118     0.00451
2409.98144     0.00427
2410.04171     0.00509
2410.10197     0.00573
2410.16224     0.00472
2410.2225      0.00404
2410.28277     0.00462
2410.34303     0.00526
2410.4033      0.0048
2410.46356     0.00393
2410.52383     0.00414
2410.58409     0.005
2410.64436     0.00494
2410.70462     0.00377
2410.76489     0.00345
2410.82515     0.0044
2410.88541     0.00516
2410.94568     0.00449
2411.00594     0.00373
2411.06621     0.00404
2411.12647     0.00458
2411.18674     0.00467
2411.247       0.0041
2411.30727     0.00392
2411.36753     0.00451
2411.4278      0.00505
2411.48806     0.00462
2411.54833     0.00395
2411.60859     0.00429
2411.66885     0.00508
2411.72912     0.00502
2411.78938     0.00421
2411.84965     0.00426
2411.90991     0.00501
2411.97018     0.0051
2412.03044     0.00453
2412.09071     0.00391
2412.15097     0.00431
2412.21124     0.00534
2412.2715      0.00531
2412.33176     0.00405
2412.39203     0.00402
2412.45229     0.00454
2412.51256     0.00484
2412.57282     0.00428
2412.63309     0.0043
2412.69335     0.00512
2412.75362     0.00549
2412.81388     0.00343
2412.87415     0.00214
2412.93441     0.00419
2412.99467     0.00575
2413.05494     0.00578
2413.1152      0.00564
2413.17547     0.00362
2413.23573     0.00281
2413.296       0.00386
2413.35626     0.00325
2413.41653     0.0024
2413.47679     0.00254
2413.53706     0.00363
2413.59732     0.00424
2413.65759     0.00426
2413.71785     0.00398
2413.77812     0.00454
2413.83838     0.00581
2413.89864     0.00662
2413.95891     0.00445
2414.01917     0.00272
2414.07944     0.00311
2414.1397      0.00342
2414.19997     0.00407
2414.26023     0.00422
2414.3205      0.00494
2414.38076     0.00483
2414.44103     0.00412
2414.50129     0.0034
2414.56156     0.0034
2414.62182     0.00412
2414.68208     0.00385
2414.74235     0.00279
2414.80261     0.00253
2414.86288     0.00339
2414.92314     0.00421
2414.98341     0.00369
2415.04367     0.00274
2415.10394     0.00301
2415.1642      0.00389
2415.22447     0.00356
2415.28473     0.00244
2415.34499     0.00234
2415.40526     0.00332
2415.46552     0.00391
2415.52579     0.00316
2415.58605     0.00264
2415.64632     0.0033
2415.70658     0.00414
2415.76685     0.00386
2415.82711     0.00286
2415.88738     0.00284
2415.94764     0.00391
2416.0079      0.00427
2416.06817     0.00344
2416.12844     0.00309
2416.1887      0.00359
2416.24896     0.0043
2416.30923     0.00382
2416.36949     0.00311
2416.42976     0.00353
2416.49002     0.00399
2416.55029     0.00397
2416.61055     0.00315
2416.67082     0.00285
2416.73108     0.00358
2416.79135     0.0039
2416.85161     0.00346
2416.91187     0.00259
2416.97214     0.00267
2417.0324      0.00375
2417.09267     0.00381
2417.15293     0.00299
2417.2132      0.00262
2417.27346     0.00326
2417.33373     0.0038
2417.39399     0.00319
2417.45426     0.00235
2417.51452     0.00256
2417.57478     0.00313
2417.63505     0.00325
2417.69531     0.00275
2417.75558     0.00242
2417.81584     0.00313
2417.87611     0.00363
2417.93637     0.00296
2417.99664     0.00242
2418.0569      0.00276
2418.11717     0.00352
2418.17743     0.00366
2418.2377      0.00326
2418.29796     0.00308
2418.35822     0.00344
2418.41849     0.00384
2418.47875     0.00319
2418.53902     0.00225
2418.59928     0.00284
2418.65955     0.0036
2418.71981     0.00312
2418.78008     0.00217
2418.84034     0.00212
2418.90061     0.00251
2418.96087     0.0038
2419.02114     0.00452
2419.0814      0.00365
2419.14167     0.00318
2419.20193     0.00264
2419.26219     0.00402
2419.32246     0.00276
2419.38272     9.59082E-4
2419.44299     0.00215
2419.50325     0.00406
2419.56352     0.00292
2419.62378     7.54914E-4
2419.68405     0.00148
2419.74431     0.00299
2419.80458     0.00338
2419.86484     0.00247
2419.9251      0.00283
2419.98537     0.00392
2420.04563     0.00312
2420.1059      0.0037
2420.16616     0.00316
2420.22643     0.00275
2420.28669     0.00368
2420.34696     0.00317
2420.40722     0.00258
2420.46749     0.00406
2420.52775     0.0036
2420.58801     0.00325
2420.64828     0.00267
2420.70854     0.00105
2420.76881     0.00291
2420.82907     0.00416
2420.88934     0.00268
2420.9496      0.00228
2421.00987     0.00238
2421.07013     0.00293
2421.1304      0.00283
2421.19066     0.00181
2421.25093     0.00185
2421.31119     0.00263
2421.37146     0.00292
2421.43172     0.0023
2421.49198     0.00172
2421.55225     0.0026
2421.61251     0.00325
2421.67278     0.00258
2421.73304     0.00165
2421.79331     0.00161
2421.85357     0.00258
2421.91384     0.00288
2421.9741      0.00215
2422.03437     0.00156
2422.09463     0.00189
2422.1549      0.00268
2422.21516     0.00266
2422.27542     0.00199
2422.33569     0.00199
2422.39595     0.00271
2422.45622     0.00306
2422.51648     0.00209
2422.57675     0.00144
2422.63701     0.00239
2422.69728     0.00309
2422.75754     0.00287
2422.81781     0.00229
2422.87807     0.00242
2422.93833     0.00289
2422.9986      0.00296
2423.05886     0.00243
2423.11913     0.00207
2423.17939     0.00255
2423.23966     0.00299
2423.29992     0.00236
2423.36019     0.00154
2423.42045     0.00206
2423.48072     0.00274
2423.54098     0.00272
2423.60124     0.00177
2423.66151     0.00157
2423.72177     0.00251
2423.78204     0.0029
2423.8423      0.00195
2423.90257     0.00106
2423.96283     0.0015
2424.0231      0.00235
2424.08336     0.00221
2424.14363     0.00145
2424.20389     0.00138
2424.26416     0.00229
2424.32442     0.00257
2424.38469     0.00159
2424.44495     0.00104
2424.50521     0.00155
2424.56548     0.00261
2424.62574     0.00246
2424.68601     0.00147
2424.74627     0.0014
2424.80654     0.00198
2424.8668      0.00235
2424.92707     0.00233
2424.98733     0.00208
2425.0476      0.00228
2425.10786     0.00284
2425.16813     0.00184
2425.22839     0.00162
2425.28865     0.002
2425.34892     0.00299
2425.40918     0.00368
2425.46945     0.00232
2425.52971     0.00195
2425.58998     0.00321
2425.65024     0.00426
2425.71051     0.0033
2425.77077     0.00198
2425.83104     0.0016
2425.8913      8.79474E-4
2425.95156     0.00248
2426.01183     0.00333
2426.07209     0.00304
2426.13236     0.00239
2426.19262     0.00121
2426.25289     0.00198
2426.31315     4.42986E-4
2426.37342    -4.67251E-4
2426.43368     4.50052E-4
2426.49395     8.44195E-4
2426.55421    -3.33942E-4
2426.61447    -0.00108
2426.67474     0.00202
2426.73501     0.00265
2426.79527     0.00194
2426.85553     0.00201
2426.9158      0.00225
2426.97606     0.00254
2427.03633     0.00258
2427.09659     0.00135
2427.15686     6.92449E-4
2427.21712     0.001
2427.27739     0.00284
2427.33765     0.00226
2427.39792     2.94601E-4
2427.45818     0.00103
2427.51844     0.00202
2427.57871     0.00139
2427.63897     5.33644E-4
2427.69924     0.00109
2427.7595      0.00211
2427.81977     0.00226
2427.88003     0.00119
2427.9403      7.57579E-4
2428.00056     0.0015
2428.06083     0.00224
2428.12109     0.00194
2428.18136     9.56811E-4
2428.24162     7.88424E-4
2428.30188     0.00138
2428.36215     0.00139
2428.42241     7.13154E-4
2428.48268     6.63387E-4
2428.54294     0.00127
2428.60321     0.00165
2428.66347     0.0012
2428.72374     3.94979E-4
2428.784       8.39172E-4
2428.84427     0.0017
2428.90453     0.00177
2428.96479     0.0012
2429.02506     5.27694E-4
2429.08532     0.00123
2429.14559     0.00211
2429.20585     0.00162
2429.26612     9.41767E-4
2429.32638     0.00113
2429.38665     0.00188
2429.44691     0.00166
2429.50718     7.92429E-4
2429.56744     6.69402E-4
2429.62771     0.00155
2429.68797     0.0021
2429.74824     0.00143
2429.8085      8.56434E-4
2429.86876     0.00122
2429.92903     0.00177
2429.98929     0.00172
2430.04956     9.52037E-4
2430.10982     8.0872E-4
2430.17009     0.00146
2430.23035     0.00164
2430.29062     9.14229E-4
2430.35088     3.88402E-4
2430.41115     8.23715E-4
2430.47141     0.00145
2430.53168     0.00131
2430.59194     3.73544E-4
2430.6522      3.05057E-4
2430.71247     0.00125
2430.77273     0.00135
2430.833       4.44067E-4
2430.89326    -2.3934E-4
2430.95353     4.16453E-4
2431.01379     0.00141
2431.07406     0.0013
2431.13432     8.23472E-4
2431.19459     6.83095E-4
2431.25485     0.00118
2431.31511     0.00164
2431.37538     0.00106
2431.43564     1.23077E-4
2431.49591     8.52405E-5
2431.55617     8.32614E-4
2431.61644     0.00157
2431.6767      5.8964E-4
2431.73697     7.2928E-6
2431.79723     0.00165
2431.8575      0.00111
2431.91776    -0.00142
2431.97802     3.43975E-4
2432.03829     0.00295
2432.09855     0.00317
2432.15882     0.00266
2432.21908     0.00299
2432.27935     0.00326
2432.33961     0.00226
2432.39988    -5.42943E-4
2432.46014    -3.1824E-4
2432.52041     0.00107
2432.58067     0.00205
2432.64094     0.00211
2432.7012      0.00156
2432.76147    -5.89765E-4
2432.82173    -7.65672E-4
2432.88199     9.19051E-4
2432.94226     8.62184E-4
2433.00252     8.03897E-4
2433.06279     9.912E-4
2433.12305     5.97014E-4
2433.18332     7.13957E-4
2433.24358     7.52697E-5
2433.30385     5.10733E-4
2433.36411     8.18006E-4
2433.42438     0.00135
2433.48464     9.85932E-4
2433.54491     6.59351E-5
2433.60517     5.24778E-4
2433.66543     0.00118
2433.7257      0.00104
2433.78596     5.82677E-4
2433.84623     6.6676E-4
2433.90649     0.00113
2433.96676     0.00157
2434.02702     0.00116
2434.08729     2.83723E-4
2434.14755     7.30896E-4
2434.20782     0.00144
2434.26808     0.00137
2434.32834     5.50675E-4
2434.38861     2.57998E-4
2434.44887     0.00106
2434.50914     0.00178
2434.5694      0.00142
2434.62967     5.57841E-4
2434.68993     5.01444E-4
2434.7502      0.00131
2434.81046     0.00114
2434.87073     6.12028E-5
2434.93099    -1.40504E-4
2434.99125     8.42289E-4
2435.05152     0.00147
2435.11178     9.36315E-4
2435.17205     1.73698E-4
2435.23231     3.38161E-4
2435.29258     0.00115
2435.35284     0.00136
2435.41311     3.52931E-4
2435.47337     6.63536E-5
2435.53364     8.27757E-4
2435.5939      0.00138
2435.65417     8.21693E-4
2435.71443     3.93866E-4
2435.7747      7.54069E-4
2435.83496     0.00156
2435.89522     0.00164
2435.95549     6.80238E-4
2436.01575     6.20701E-4
2436.07602     0.00164
2436.13628     0.00182
2436.19655     0.00122
2436.25681     6.23904E-4
2436.31708     0.00116
2436.37734     0.00183
2436.43761     0.00143
2436.49787     5.87946E-4
2436.55814     4.80189E-4
2436.6184      0.00117
2436.67866     0.00134
2436.73893     6.74258E-4
2436.79919     4.09531E-4
2436.85946     0.001
2436.91972     0.00133
2436.97999     8.59041E-4
2437.04025     2.49064E-4
2437.10052     4.92007E-4
2437.16078     0.00103
2437.22104     9.75073E-4
2437.28131     6.63396E-4
2437.34157     2.89429E-4
2437.40184     9.33892E-4
2437.4621      0.00151
2437.52237     8.38358E-4
2437.58263    -2.92889E-4
2437.6429      5.15743E-5
2437.70316     0.00102
2437.76343     9.25091E-4
2437.82369     7.04584E-4
2437.88396     0.00134
2437.94422     0.00213
2438.00448     0.00208
2438.06475     0.00123
2438.12501    -0.00169
2438.18528    -0.00182
2438.24554    -5.86185E-4
2438.30581     1.38658E-4
2438.36607     6.10661E-4
2438.42634    -1.76636E-4
2438.4866      4.68767E-4
2438.54687     0.00203
2438.60713    -6.86641E-6
2438.6674     -0.0012
2438.72766     6.5744E-4
2438.78793     0.00266
2438.84819     0.00201
2438.90845     0.00186
2438.96872     0.00134
2439.02898     0.00107
2439.08925     1.89898E-4
2439.14951     7.84413E-5
2439.20978     5.37374E-4
2439.27004     0.0011
2439.33031     0.00147
2439.39057     5.81714E-4
2439.45084    -9.99173E-4
2439.5111     -5.487E-4
2439.57136     8.19163E-4
2439.63163     5.97466E-4
2439.69189    -3.6481E-5
2439.75216    -6.0488E-5
2439.81242     2.69495E-4
2439.87269     0.00112
2439.93295     7.67001E-4
2439.99322    -8.09756E-5
2440.05348    -2.42426E-5
2440.11375     7.22011E-4
2440.17401     0.00119
2440.23428     2.08967E-4
2440.29454    -3.93503E-5
2440.3548      5.91913E-4
2440.41507     0.00146
2440.47533     7.35669E-4
2440.5356      1.14952E-4
2440.59586     3.60495E-4
2440.65613     0.00116
2440.71639     0.00119
2440.77666    -1.47026E-4
2440.83692    -4.25703E-4
2440.89719     5.86661E-4
2440.95745     0.00118
2441.01772     7.28497E-4
2441.07798     2.48797E-5
2441.13825     3.38528E-5
2441.19851     8.52586E-4
2441.25877     8.38099E-4
2441.31904    -1.14658E-4
2441.3793     -2.34195E-4
2441.43957     4.74568E-4
2441.49983     8.84591E-4
2441.5601      8.66544E-5
2441.62036    -4.43993E-4
2441.68063     1.43391E-4
2441.74089     9.02374E-4
2441.80116     7.15807E-4
2441.86142    -2.63303E-5
2441.92168    -6.41672E-5
2441.98195     7.00036E-4
2442.04221     9.70679E-4
2442.10248     4.98602E-4
2442.16274    -1.21045E-4
2442.22301     1.66658E-4
2442.28327     9.06011E-4
2442.34354     6.03564E-4
2442.4038      6.23744E-6
2442.46407     8.19305E-5
2442.52433     7.54044E-4
2442.58459     0.00116
2442.64486     4.772E-4
2442.70512     7.00528E-5
2442.76539     8.29006E-4
2442.82565     0.00129
2442.88592     5.61802E-4
2442.94618    -1.69295E-4
2443.00645    -1.11772E-4
2443.06671     6.70141E-4
2443.12698     8.94214E-4
2443.18724     3.04127E-4
2443.24751    -2.31219E-4
2443.30777     2.79084E-4
2443.36804     0.00102
2443.4283      8.0741E-4
2443.48856     7.92628E-5
2443.54883    -1.86841E-5
2443.60909     2.61969E-4
2443.66936     1.38532E-4
2443.72962    -9.49025E-4
2443.78989    -7.21092E-4
2443.85015     7.23851E-4
2443.91042     7.80004E-4
2443.97068    -5.94426E-5
2444.03095    -6.65629E-4
2444.09121    -4.62706E-4
2444.15148    -4.28334E-6
2444.21174     2.227E-4
2444.272       6.02673E-4
2444.33227    -1.36004E-4
2444.39253     5.6729E-5
2444.4528     -5.04478E-4
2444.51306     3.87455E-4
2444.57333     3.52908E-4
2444.63359    -3.14779E-4
2444.69386     2.11234E-4
2444.75412     0.001
2444.81439     0.00125
2444.87465     6.77174E-4
2444.93491     0.00124
2444.99518     0.00173
2445.05544    -1.98707E-4
2445.11571    -0.00153
2445.17597    -0.00193
2445.23624     2.17872E-4
2445.2965      3.65505E-4
2445.35677    -0.00111
2445.41703     0.00119
2445.4773      0.00124
2445.53756     5.74767E-4
2445.59782    -0.00135
2445.65809    -6.86036E-4
2445.71835     0.00148
2445.77862     0.0016
2445.83888     9.86743E-4
2445.89915     0.00142
2445.95941     8.07589E-4
2446.01968     6.55021E-5
2446.07994    -9.00115E-4
2446.14021    -8.16352E-4
2446.20047    -0.00116
2446.26074    -8.92246E-4
2446.321       6.17027E-4
2446.38127     0.00124
2446.44153     8.54104E-4
2446.50179     3.65967E-4
2446.56206     0.00116
2446.62232     0.00124
2446.68259     2.18946E-4
2446.74285    -8.7901E-5
2446.80312     6.70832E-4
2446.86338     0.00127
2446.92365     5.05958E-4
2446.98391    -1.46699E-4
2447.04418     3.90884E-4
2447.10444     0.00113
2447.16471     0.00113
2447.22497     3.85964E-4
2447.28523     8.36467E-5
2447.3455      6.5938E-4
2447.40576     0.00128
2447.46603     7.78856E-4
2447.52629    -5.5231E-5
2447.58656     2.59352E-4
2447.64682     0.00101
2447.70709     9.34148E-4
2447.76735     1.54501E-4
2447.82762    -1.76896E-4
2447.88788     5.64327E-4
2447.94814     0.00105
2448.00841     3.59744E-4
2448.06867    -6.01313E-4
2448.12894     7.60198E-5
2448.1892      8.54323E-4
2448.24947     3.43926E-4
2448.30973    -4.72551E-4
2448.37       -2.99448E-4
2448.43026     6.84855E-4
2448.49053     9.00728E-4
2448.55079    -1.06259E-4
2448.61105    -3.65106E-4
2448.67132     4.12717E-4
2448.73158     8.98501E-4
2448.79185     5.70804E-4
2448.85211    -1.93233E-4
2448.91238     1.2984E-4
2448.97264     8.58843E-4
2449.03291     0.00108
2449.09317     2.60599E-4
2449.15344    -2.50368E-4
2449.2137      4.15395E-4
2449.27397     0.00115
2449.33423     7.95151E-4
2449.3945     -2.75366E-4
2449.45476    -2.43993E-4
2449.51502     9.26321E-4
2449.57529     0.00102
2449.63555    -2.24733E-5
2449.69582    -4.1479E-4
2449.75608     8.12963E-4
2449.81635     0.00135
2449.87661     4.40679E-4
2449.93688    -4.41598E-4
2449.99714    -5.39115E-4
