2250.03919     0.00167
2250.09946     9.68907E-4
2250.15972     9.1888E-5
2250.21999     1.09869E-4
2250.28025     0.00127
2250.34051     0.0017
2250.40078     5.05814E-4
2250.46104    -2.45205E-4
2250.52131     5.73777E-4
2250.58157     0.00141
2250.64184     9.20739E-4
2250.7021     -2.36279E-4
2250.76237    -9.52977E-5
2250.82263     0.00113
2250.8829      0.0014
2250.94316     3.40647E-4
2251.00342    -2.91372E-4
2251.06369     6.78609E-4
2251.12395     0.00165
2251.18422     0.00106
2251.24448     9.65538E-5
2251.30475     4.03535E-4
2251.36501     0.00158
2251.42528     0.00178
2251.48554     6.68479E-4
2251.54581     2.27461E-4
2251.60607     0.0014
2251.66633     0.00225
2251.7266      0.00149
2251.78686     4.71387E-4
2251.84713     8.68368E-4
2251.90739     0.00197
2251.96766     0.00193
2252.02792     6.88312E-4
2252.08819     2.26294E-4
2252.14845     0.00123
2252.20872     0.00193
2252.26898     0.00105
2252.32925    -8.07805E-5
2252.38951     3.64201E-4
2252.44978     0.00153
2252.51004     0.00127
2252.5703     -2.48548E-5
2252.63057    -2.31873E-4
2252.69083     9.07108E-4
2252.7511      0.00142
2252.81136     3.58071E-4
2252.87163    -5.78948E-4
2252.93189     1.30034E-4
2252.99216     0.00125
2253.05242     8.88997E-4
2253.11269    -2.99022E-4
2253.17295    -3.3204E-4
2253.23322     9.50941E-4
2253.29348     0.00153
2253.35374     5.27904E-4
2253.41401    -2.09115E-4
2253.47427     7.02867E-4
2253.53454     0.00179
2253.5948      0.00143
2253.65507     3.29811E-4
2253.71533     4.59792E-4
2253.7756      0.00167
2253.83586     0.00189
2253.89613     8.37737E-4
2253.95639     3.14718E-4
2254.01665     0.00129
2254.07692     0.00215
2254.13718     0.00146
2254.19745     2.72644E-4
2254.25771     6.13625E-4
2254.31798     0.00188
2254.37824     0.00174
2254.43851     4.4657E-4
2254.49877    -8.5449E-5
2254.55904     8.72532E-4
2254.6193      0.00148
2254.67956     5.20495E-4
2254.73983    -4.40523E-4
2254.80009     3.31458E-4
2254.86036     0.00153
2254.92062     7.77421E-4
2254.98089    -2.79598E-4
2255.04115    -5.16616E-4
2255.10142     3.37365E-4
2255.16168     0.00167
2255.22195     8.91328E-4
2255.28221    -4.5169E-4
2255.34248     3.04291E-4
2255.40274     9.65272E-4
2255.46301     7.31254E-4
2255.52327    -8.27647E-5
2255.58353     4.96217E-4
2255.6438      0.0019
2255.70406     0.00214
2255.76433     5.48161E-4
2255.82459    -4.36858E-4
2255.88486     2.95124E-4
2255.94512     0.00176
2256.00539     0.00176
2256.06565     4.22068E-4
2256.12592     4.6105E-4
2256.18618     0.00138
2256.24645     0.00179
2256.30671     0.00125
2256.36697     1.90975E-4
2256.42724     6.80957E-4
2256.4875      0.00171
2256.54777     0.00137
2256.60803     8.2901E-5
2256.6683      2.28825E-5
2256.72856     0.00116
2256.78883     0.0014
2256.84909     2.72827E-4
2256.90935    -3.84192E-4
2256.96962     4.9179E-4
2257.02988     0.00134
2257.09015     6.88752E-4
2257.15041    -4.76266E-4
2257.21068    -2.24285E-4
2257.27094     0.00104
2257.33121     0.00123
2257.39147     2.56596E-5
2257.45174    -4.67359E-4
2257.512       5.68622E-4
2257.57227     0.00143
2257.63253     6.92585E-4
2257.69279    -2.62433E-4
2257.75306     1.44548E-4
2257.81332     0.00133
2257.87359     0.00147
2257.93385     3.73493E-4
2257.99412     1.17474E-4
2258.05438     0.00128
2258.11465     0.00203
2258.17491     0.00121
2258.23518     2.004E-4
2258.29544     7.28381E-4
2258.35571     0.00188
2258.41597     0.00168
2258.47624     4.85325E-4
2258.5365      2.74307E-4
2258.59676     0.00139
2258.65703     0.00191
2258.71729     9.25251E-4
2258.77756     3.32325E-5
2258.83782     5.53214E-4
2258.89809     0.00165
2258.95835     0.00135
2259.01862     1.15824E-6
2259.07888    -1.6986E-4
2259.13915     9.31121E-4
2259.19941     0.00133
2259.25967     2.86084E-4
2259.31994    -5.44935E-4
2259.3802      2.19047E-4
2259.44047     0.00122
2259.50073     7.1501E-4
2259.561      -4.06009E-4
2259.62126    -2.73027E-4
2259.68153     9.44954E-4
2259.74179     0.00121
2259.80206     1.32917E-4
2259.86232    -4.28102E-4
2259.92258     5.0988E-4
2259.98285     0.00155
2260.04311     0.00106
2260.10338    -4.7176E-5
2260.16364     2.68805E-4
2260.22391     0.00151
2260.28417     0.00173
2260.34444     6.3675E-4
2260.4047      1.14731E-4
2260.46497     0.00124
2260.52523     0.00217
2260.5855      0.00139
2260.64576     3.11657E-4
2260.70603     6.67638E-4
2260.76629     0.00184
2260.82656     0.00177
2260.88682     4.79583E-4
2260.94708     1.61564E-4
2261.00735     0.00117
2261.06761     0.00183
2261.12788     6.49508E-4
2261.18814    -4.0251E-4
2261.24841     1.46471E-4
2261.30867     9.57453E-4
2261.36894     0.00108
2261.4292     -1.11585E-4
2261.48947    -4.53603E-4
2261.54973     3.74378E-4
2261.60999     0.00104
2261.67026     7.04341E-4
2261.73052     1.83323E-4
2261.79079     5.10304E-4
2261.85105     0.00106
2261.91132     8.05267E-4
2261.97158    -2.01752E-4
2262.03185    -3.1277E-4
2262.09211     0.00117
2262.15238     0.00193
2262.21264     8.76174E-4
2262.2729     -2.84454E-6
2262.33317     9.64137E-4
2262.39343     0.0022
2262.4537      0.00149
2262.51396     6.52081E-4
2262.57423     6.82063E-4
2262.63449     0.00173
2262.69476     0.0018
2262.75502     5.90007E-4
2262.81529    -2.01167E-6
2262.87555     0.00109
2262.93582     0.00217
2262.99608     0.00142
2263.05635     2.70914E-4
2263.11661     5.30895E-4
2263.17687     0.00163
2263.23714     0.00185
2263.2974      5.4484E-4
2263.35767    -1.02179E-4
2263.41793     8.46803E-4
2263.4782      0.00167
2263.53846     9.68765E-4
2263.59873    -2.89253E-4
2263.65899     2.87284E-5
2263.71926     0.00124
2263.77952     0.00125
2263.83979     1.29673E-4
2263.90005    -2.49346E-4
2263.96031     7.59636E-4
2264.02058     0.00147
2264.08084     6.25598E-4
2264.14111    -3.1742E-4
2264.20137     1.79561E-4
2264.26164     0.00135
2264.3219      0.00142
2264.38217     2.58506E-4
2264.44243     1.55487E-4
2264.5027      0.00135
2264.56296     0.00204
2264.62322     0.00114
2264.68349     2.51413E-4
2264.74375     9.30394E-4
2264.80402     0.00209
2264.86428     0.0019
2264.92455     7.12338E-4
2264.98481     6.6732E-4
2265.04508     0.00184
2265.10534     0.00234
2265.16561     0.00129
2265.22587     5.32246E-4
2265.28613     0.00126
2265.3464      0.00218
2265.40666     0.00179
2265.46693     7.22171E-4
2265.52719     7.21153E-4
2265.58746     0.00185
2265.64772     0.00206
2265.70799     8.74097E-4
2265.76825     1.43078E-4
2265.82852     9.1306E-4
2265.88878     0.00184
2265.94905     0.00123
2266.00931     4.10041E-5
2266.06958     2.52986E-4
2266.12984     0.00139
2266.1901      0.00158
2266.25037     4.4793E-4
2266.31063    -2.04089E-4
2266.3709      8.05893E-4
2266.43116     0.00181
2266.49143     0.00117
2266.55169     1.15837E-4
2266.61196     5.16818E-4
2266.67222     0.00177
2266.73249     0.00194
2266.79275     7.69763E-4
2266.85302     3.96744E-4
2266.91328     0.00145
2266.97354     0.00233
2267.03381     0.00164
2267.09407     3.9767E-4
2267.15434     8.21651E-4
2267.2146      0.00218
2267.27487     0.00194
2267.33513     6.09596E-4
2267.3954      6.07577E-4
2267.45566     0.00174
2267.51593     0.00214
2267.57619     0.00112
2267.63645     1.88503E-4
2267.69672     5.78484E-4
2267.75698     0.00172
2267.81725     0.0016
2267.87751     1.37428E-4
2267.93778    -5.0659E-4
2267.99804     7.92391E-4
2268.05831     0.00155
2268.11857     8.12354E-4
2268.17884     2.71336E-4
2268.2391      7.90317E-4
2268.29936     0.00147
2268.35963     0.00128
2268.41989    -2.87387E-5
2268.48016     1.22428E-5
2268.54042     0.00155
2268.60069     0.00224
2268.66095     0.00108
2268.72122     3.04168E-4
2268.78148     0.00105
2268.84175     0.00179
2268.90201     0.00138
2268.96228     4.16094E-4
2269.02254     3.88076E-4
2269.08281     0.00162
2269.14307     0.00184
2269.20333     8.3402E-4
2269.2636      6.07001E-4
2269.32386     0.00162
2269.38413     0.00236
2269.44439     0.00151
2269.50466     4.82927E-4
2269.56492     8.31908E-4
2269.62519     0.00205
2269.68545     0.00204
2269.74572     6.38853E-4
2269.80598     3.00834E-4
2269.86625     0.00122
2269.92651     0.0018
2269.98677     0.00101
2270.04704    -1.24006E-6
2270.1073      4.38741E-4
2270.16757     0.00143
2270.22783     0.00125
2270.2881      2.96857E-5
2270.34836    -2.18333E-4
2270.40863     9.04649E-4
2270.46889     0.0016
2270.52916     6.73611E-4
2270.58942    -2.83407E-4
2270.64968     3.37574E-4
2270.70995     0.00149
2270.77021     0.00135
2270.83048     1.13519E-4
2270.89074     1.35E-5
2270.95101     0.00126
2271.01127     0.00185
2271.07154     9.88444E-4
2271.1318      2.06426E-4
2271.19207     9.40407E-4
2271.25233     0.00204
2271.31259     0.00167
2271.37286     4.87351E-4
2271.43313     6.84333E-4
2271.49339     0.00195
2271.55365     0.00223
2271.61392     0.00117
2271.67418     4.93259E-4
2271.73445     0.00127
2271.79471     0.00219
2271.85498     0.00168
2271.91524     5.26184E-4
2271.97551     6.26166E-4
2272.03577     0.00173
2272.09604     0.00184
2272.1563      5.9611E-4
2272.21656     2.00914E-5
2272.27683     9.42073E-4
2272.33709     0.00179
2272.39736     0.00106
2272.45762    -2.09829E-5
2272.51789     3.22999E-4
2272.57815     0.00146
2272.63842     0.0015
2272.69868     3.44943E-4
2272.75895    -1.11076E-4
2272.81921     0.00101
2272.87948     0.00186
2272.93974     0.00101
2273.          3.985E-5
2273.06027     4.95831E-4
2273.12053     0.0017
2273.1808      0.00184
2273.24106     8.49776E-4
2273.30133     4.65757E-4
2273.36159     0.00158
2273.42186     0.00225
2273.48212     0.00136
2273.54239     6.18683E-4
2273.60265     0.00151
2273.66291     0.0028
2273.72318     0.00228
2273.78344     9.16609E-4
2273.84371     8.1359E-4
2273.90397     0.0019
2273.96424     0.00249
2274.0245      0.00148
2274.08477     7.89516E-4
2274.14503     0.00155
2274.2053      0.00268
2274.26556     0.00233
2274.32582     3.55441E-4
2274.38609     2.67423E-4
2274.44636     0.00174
2274.50662     0.00196
2274.56688     7.07367E-4
2274.62715     3.61349E-4
2274.68741     0.00123
2274.74768     0.00187
2274.80794     0.0016
2274.86821     1.29274E-4
2274.92847     2.25577E-6
2274.98874     0.00138
2275.049       0.00167
2275.10927     4.192E-4
2275.16953    -2.09819E-4
2275.22979     0.00109
2275.29006     0.00235
2275.35032     0.00128
2275.41059     2.60107E-4
2275.47085     0.00114
2275.53112     0.00265
2275.59138     0.00277
2275.65165     0.00173
2275.71191     0.00123
2275.77218     0.00218
2275.83244     0.00302
2275.89271     0.00228
2275.95297     0.00129
2276.01323     0.0018
2276.0735      0.00292
2276.13376     0.00274
2276.19403     0.00163
2276.25429     0.00137
2276.31456     0.00241
2276.37482     0.00306
2276.43509     0.00206
2276.49535     0.00108
2276.55562     0.0016
2276.61588     0.00274
2276.67614     0.00247
2276.73641     0.00132
2276.79667     0.00125
2276.85694     0.00236
2276.9172      0.00293
2276.97747     0.00199
2277.03773     0.00106
2277.098       0.00178
2277.15826     0.00295
2277.21853     0.00258
2277.27879     0.00147
2277.33906     0.0016
2277.39932     0.00291
2277.45959     0.00347
2277.51985     0.00248
2277.58011     0.00181
2277.64038     0.00273
2277.70064     0.00388
2277.76091     0.0035
2277.82117     0.00247
2277.88144     0.00269
2277.9417      0.00385
2278.00197     0.00415
2278.06223     0.00317
2278.1225      0.00268
2278.18276     0.00371
2278.24303     0.00463
2278.30329     0.00404
2278.36355     0.00294
2278.42382     0.00321
2278.48408     0.00445
2278.54435     0.00449
2278.60461     0.00329
2278.66488     0.00294
2278.72514     0.00409
2278.78541     0.00493
2278.84567     0.00412
2278.90594     0.00301
2278.9662      0.00361
2279.02646     0.00483
2279.08673     0.0048
2279.14699     0.00369
2279.20726     0.00344
2279.26752     0.00467
2279.32779     0.00561
2279.38805     0.00493
2279.44832     0.00419
2279.50858     0.00492
2279.56885     0.00624
2279.62911     0.00626
2279.68937     0.00541
2279.74964     0.00557
2279.8099      0.00702
2279.87017     0.00822
2279.93043     0.00785
2279.9907      0.00751
2280.05096     0.00837
2280.11123     0.00997
2280.17149     0.01027
2280.23176     0.0091
2280.29202     0.01005
2280.35229     0.0114
2280.41255     0.01165
2280.47282     0.01088
2280.53308     0.01005
2280.59334     0.01089
2280.65361     0.01144
2280.71387     0.01112
2280.77414     0.01061
2280.8344      0.01147
2280.89467     0.01276
2280.95493     0.01297
2281.0152      0.01264
2281.07546     0.01331
2281.13573     0.01528
2281.19599     0.01714
2281.25625     0.01769
2281.31652     0.01786
2281.37678     0.01987
2281.43705     0.0228
2281.49731     0.02418
2281.55758     0.02437
2281.61784     0.02581
2281.67811     0.02873
2281.73837     0.03132
2281.79864     0.03226
2281.8589      0.03314
2281.91916     0.03576
2281.97943     0.0393
2282.03969     0.04188
2282.09996     0.04368
2282.16022     0.04636
2282.22049     0.05049
2282.28075     0.05433
2282.34102     0.05645
2282.40128     0.05821
2282.46155     0.06093
2282.52181     0.06359
2282.58208     0.06415
2282.64234     0.06286
2282.7026      0.06176
2282.76287     0.06105
2282.82313     0.0591
2282.8834      0.05526
2282.94366     0.05131
2283.00393     0.04875
2283.06419     0.04667
2283.12446     0.04329
2283.18472     0.03904
2283.24499     0.03606
2283.30525     0.03453
2283.36552     0.03236
2283.42578     0.02882
2283.48605     0.02577
2283.54631     0.02449
2283.60657     0.02362
2283.66684     0.02142
2283.7271      0.01869
2283.78737     0.01724
2283.84763     0.01703
2283.9079      0.01601
2283.96816     0.0138
2284.02843     0.01209
2284.08869     0.01203
2284.14896     0.01221
2284.20922     0.01088
2284.26948     0.00923
2284.32975     0.00899
2284.39001     0.00962
2284.45028     0.00952
2284.51054     0.00826
2284.57081     0.00772
2284.63107     0.00867
2284.69134     0.00965
2284.7516      0.0091
2284.81187     0.00827
2284.87213     0.00896
2284.93239     0.0103
2284.99266     0.01057
2285.05293     0.00962
2285.11319     0.00922
2285.17345     0.01006
2285.23372     0.01042
2285.29398     0.00918
2285.35425     0.00759
2285.41451     0.00737
2285.47478     0.00792
2285.53504     0.00725
2285.59531     0.00551
2285.65557     0.00479
2285.71584     0.00546
2285.7761      0.0057
2285.83636     0.00433
2285.89663     0.00315
2285.95689     0.00359
2286.01716     0.00448
2286.07742     0.00388
2286.13769     0.00238
2286.19795     0.00238
2286.25822     0.00336
2286.31848     0.00382
2286.37875     0.00317
2286.43901     0.00219
2286.49928     0.00272
2286.55954     0.00361
2286.6198      0.00288
2286.68007     0.00118
2286.74033     0.00157
2286.8006      0.00309
2286.86086     0.00293
2286.92113     0.00203
2286.98139     0.00158
2287.04166     0.00192
2287.10192     0.00288
2287.16219     0.00236
2287.22245     8.05467E-4
2287.28271     0.00125
2287.34298     0.00234
2287.40324     0.0025
2287.46351     0.0011
2287.52377     7.44375E-4
2287.58404     0.00159
2287.6443      0.00183
2287.70457     0.00125
2287.76483     4.343E-4
2287.8251      8.65282E-4
2287.88536     0.00154
2287.94563     0.00111
2288.00589     1.27226E-4
2288.06616     1.68208E-4
2288.12642     0.00127
2288.18668     0.00184
2288.24695     9.05152E-4
2288.30721    -3.68668E-5
2288.36748     6.02115E-4
2288.42774     0.00175
2288.48801     0.00154
2288.54827     4.71059E-4
2288.60854     3.5304E-4
2288.6688      0.00157
2288.72907     0.00205
2288.78933     0.00119
2288.8496      5.01966E-4
2288.90986     0.0012
2288.97012     0.00223
2289.03039     0.00195
2289.09065     7.05892E-4
2289.15092     6.24873E-4
2289.21118     0.00185
2289.27145     0.00225
2289.33171     0.00121
2289.39198     3.16799E-4
2289.45224     0.00105
2289.51251     0.00203
2289.57277     0.00148
2289.63303     3.06725E-4
2289.6933      2.78706E-4
2289.75356     0.00131
2289.81383     0.00154
2289.87409     4.4265E-4
2289.93436    -2.55368E-4
2289.99462     6.00613E-4
2290.05489     0.0015
2290.11515     9.60576E-4
2290.17542    -1.56442E-4
2290.23568     6.0539E-5
2290.29594     0.0012
2290.35621     0.00137
2290.41647     2.91483E-4
2290.47674    -1.08535E-4
2290.537       8.97446E-4
2290.59727     0.00174
2290.65753     0.00112
2290.7178      2.0339E-4
2290.77806     6.38372E-4
2290.83833     0.00179
2290.89859     0.00177
2290.95886     6.26316E-4
2291.01912     3.38298E-4
2291.07939     0.00146
2291.13965     0.00224
2291.19991     0.00145
2291.26018     4.96223E-4
2291.32044     0.0011
2291.38071     0.00218
2291.44097     0.00201
2291.50124     7.86149E-4
2291.5615      5.3313E-4
2291.62177     0.00154
2291.68203     0.00194
2291.7423      9.59075E-4
2291.80256     1.40562E-5
2291.86283     6.52038E-4
2291.92309     0.00164
2291.98335     0.00124
2292.04362     5.99819E-5
2292.10388    -5.80367E-5
2292.16415     0.00104
2292.22441     0.00137
2292.28468     4.15908E-4
2292.34494    -3.25111E-4
2292.40521     4.4787E-4
2292.46547     0.00122
2292.52574     3.84833E-4
2292.586      -4.91185E-4
2292.64626     5.17962E-5
2292.70653     0.00143
2292.76679     0.00202
2292.82706     7.4174E-4
2292.88732    -1.55278E-4
2292.94759     4.01703E-4
2293.00785     0.00142
2293.06812     9.16666E-4
2293.12838     1.35648E-4
2293.18865     5.98629E-4
2293.24891     0.00228
2293.30917     0.00218
2293.36944     9.39573E-4
2293.4297      3.39555E-4
2293.48997     0.00163
2293.55023     0.00252
2293.6105      0.00167
2293.67076     4.35481E-4
2293.73103     8.93462E-4
2293.79129     0.00216
2293.85156     0.00229
2293.91182     8.50406E-4
2293.97209     3.98388E-4
2294.03235     0.00154
2294.09262     0.00165
2294.15288     7.48332E-4
2294.21314     1.47313E-4
2294.27341     5.84295E-4
2294.33367     0.00141
2294.39394     0.00121
2294.4542      2.92685E-4
2294.51447     1.55942E-4
2294.57473     0.00126
2294.635       0.00186
2294.69526     6.48713E-4
2294.75553    -2.9403E-4
2294.81579     4.40227E-4
2294.87606     0.00171
2294.93632     0.00151
2294.99658     3.72997E-4
2295.05685     2.78254E-4
2295.11711     0.00151
2295.17738     0.00206
2295.23764     0.00113
2295.29791     4.34282E-4
2295.35817     0.00125
2295.41844     0.00229
2295.4787      0.00192
2295.53897     8.20309E-4
2295.59923     7.56566E-4
2295.65949     0.00197
2295.71976     0.00232
2295.78002     0.00119
2295.84029     5.47593E-4
2295.90055     0.00144
2295.96082     0.00237
2296.02108     0.00175
2296.08135     5.37621E-4
2296.14161     6.44878E-4
2296.20188     0.00178
2296.26214     0.00189
2296.3224      7.56648E-4
2296.38267     1.51905E-4
2296.44293     9.03162E-4
2296.5032      0.00177
2296.56346     0.00104
2296.62373     7.29327E-5
2296.68399     4.2119E-4
2296.74426     0.00154
2296.80452     0.0015
2296.86479     3.1096E-4
2296.92505    -2.87829E-5
2296.98532     9.83474E-4
2297.04558     0.00169
2297.10585     0.00109
2297.16611     3.03245E-4
2297.22637     8.49501E-4
2297.28664     0.00202
2297.3469      0.00195
2297.40717     8.52272E-4
2297.46743     5.85529E-4
2297.5277      0.00175
2297.58796     0.00239
2297.64823     0.00156
2297.70849     6.56556E-4
2297.76876     0.00122
2297.82902     0.00239
2297.88929     0.00214
2297.94955     9.07584E-4
2298.00981     7.74841E-4
2298.07008     0.0019
2298.13034     0.00239
2298.19061     0.00153
2298.25087     7.85868E-4
2298.31114     0.00128
2298.3714      0.00206
2298.43167     0.00174
2298.49193     5.98896E-4
2298.5522      3.35153E-4
2298.61246     0.00134
2298.67272     0.00175
2298.73299     6.34923E-4
2298.79325    -3.7782E-4
2298.85352     4.54437E-4
2298.91378     0.00171
2298.97405     9.52951E-4
2299.03431    -6.70792E-4
2299.09458    -3.25356E-5
2299.15484     0.00151
2299.21511     0.00169
2299.27537     5.48235E-4
2299.33563    -2.26508E-4
2299.3959      0.0012
2299.45617     0.00244
2299.51643     0.00147
2299.57669     3.85519E-4
2299.63696     9.46776E-4
2299.69722     0.00236
2299.75749     0.00241
2299.81775     0.00111
2299.87802     9.48804E-4
2299.93828     0.00195
2299.99855     0.00247
2300.05881     0.00158
2300.11908     7.64831E-4
2300.17934     0.00109
2300.2396      0.00254
2300.29987     0.00268
2300.36013     0.00156
2300.4204      0.00169
2300.48066     0.00263
2300.54093     0.0026
2300.60119     0.0014
2300.66146     8.95143E-4
2300.72172     0.00101
2300.78199     0.00173
2300.84225     0.00177
2300.90252     6.97171E-4
2300.96278     5.60427E-4
2301.02304     0.00155
2301.08331     0.00203
2301.14357     0.00111
2301.20384     2.36455E-4
2301.2641      9.10712E-4
2301.32437     0.00196
2301.38463     0.00165
2301.4449      5.75482E-4
2301.50516     5.27739E-4
2301.56543     0.00178
2301.62569     0.00226
2301.68595     0.00125
2301.74622     5.99767E-4
2301.80648     0.00163
2301.86675     0.00266
2301.92701     0.00215
2301.98728     0.00102
2302.04754     0.00124
2302.10781     0.00239
2302.16807     0.00266
2302.22834     0.00163
2302.2886      0.00112
2302.34886     0.00204
2302.40913     0.00292
2302.4694      0.00229
2302.52966     0.00127
2302.58992     0.00167
2302.65019     0.00274
2302.71045     0.00248
2302.77072     0.00129
2302.83098     8.7139E-4
2302.89125     0.00171
2302.95151     0.00239
2303.01178     0.00156
2303.07204     5.78418E-4
2303.13231     0.00101
2303.19257     0.00205
2303.25283     0.00186
2303.3131      6.50445E-4
2303.37336     4.52702E-4
2303.43363     0.0016
2303.49389     0.00218
2303.55416     0.00134
2303.61442     5.3173E-4
2303.67469     0.00126
2303.73495     0.00236
2303.79522     0.0021
2303.85548     0.00101
2303.91574     9.12014E-4
2303.97601     0.00213
2304.03627     0.00262
2304.09654     0.00175
2304.1568      0.00111
2304.21707     0.00184
2304.27733     0.00287
2304.3376      0.00259
2304.39786     0.00143
2304.45813     0.00156
2304.51839     0.00284
2304.57866     0.00329
2304.63892     0.00215
2304.69918     0.00151
2304.75945     0.00244
2304.81971     0.00317
2304.87998     0.00244
2304.94024     0.00125
2305.00051     0.00131
2305.06077     0.00246
2305.12104     0.00261
2305.1813      0.00115
2305.24157     6.04665E-4
2305.30183     0.00157
2305.3621      0.00203
2305.42236     0.00128
2305.48263     4.06693E-4
2305.54289     9.2295E-4
2305.60315     0.00248
2305.66342     0.00276
2305.72368     0.00181
2305.78395     0.00155
2305.84421     0.00199
2305.90448     0.00226
2305.96474     0.00142
2306.02501     0.00107
2306.08527     0.00167
2306.14554     0.00313
2306.2058      0.00351
2306.26606     0.00207
2306.32633     0.00124
2306.38659     0.00263
2306.44686     0.00306
2306.50712     0.00251
2306.56739     0.00185
2306.62765     0.00175
2306.68792     0.00326
2306.74818     0.00334
2306.80845     0.00221
2306.86871     0.00211
2306.92897     0.00327
2306.98924     0.00319
2307.0495      0.00206
2307.10977     0.0014
2307.17003     0.00189
2307.2303      0.0028
2307.29056     0.0024
2307.35083     0.00107
2307.41109     0.00105
2307.47136     0.00235
2307.53162     0.00274
2307.59189     0.00162
2307.65215     0.00102
2307.71242     0.0018
2307.77268     0.00267
2307.83294     0.00216
2307.89321     0.00117
2307.95347     0.00135
2308.01374     0.00252
2308.074       0.00278
2308.13427     0.0017
2308.19453     0.00127
2308.2548      0.00228
2308.31506     0.00323
2308.37533     0.00277
2308.43559     0.00182
2308.49586     0.00226
2308.55612     0.00347
2308.61638     0.00339
2308.67665     0.00222
2308.73691     0.0019
2308.79718     0.00302
2308.85744     0.004
2308.91771     0.00345
2308.97797     0.00276
2309.03824     0.00317
2309.0985      0.00375
2309.15877     0.00325
2309.21903     0.00208
2309.27929     0.00178
2309.33956     0.00279
2309.39982     0.00342
2309.46009     0.00254
2309.52035     0.00168
2309.58062     0.00225
2309.64088     0.00316
2309.70115     0.00272
2309.76141     0.00151
2309.82168     0.00143
2309.88194     0.00252
2309.9422      0.00307
2310.00247     0.00207
2310.06274     0.00126
2310.123       0.0021
2310.18326     0.00324
2310.24353     0.00287
2310.30379     0.00176
2310.36406     0.00185
2310.42432     0.00317
2310.48459     0.00363
2310.54485     0.00263
2310.60512     0.00197
2310.66538     0.00287
2310.72565     0.00394
2310.78591     0.00343
2310.84617     0.00244
2310.90644     0.00279
2310.9667      0.00421
2311.02697     0.00489
2311.08723     0.00388
2311.1475      0.00306
2311.20776     0.00371
2311.26803     0.00438
2311.32829     0.00336
2311.38856     0.00221
2311.44882     0.00274
2311.50909     0.00374
2311.56935     0.00357
2311.62961     0.0024
2311.68988     0.00181
2311.75014     0.00266
2311.81041     0.00334
2311.87067     0.00275
2311.93094     0.00187
2311.9912      0.00196
2312.05147     0.00346
2312.11173     0.00388
2312.172       0.00289
2312.23226     0.00221
2312.29252     0.00341
2312.35279     0.00444
2312.41305     0.00335
2312.47332     0.0022
2312.53358     0.00332
2312.59385     0.00435
2312.65411     0.00416
2312.71438     0.00279
2312.77464     0.00287
2312.83491     0.00412
2312.89517     0.00457
2312.95543     0.00419
2313.0157      0.00358
2313.07597     0.00461
2313.13623     0.00565
2313.19649     0.00486
2313.25676     0.00346
2313.31702     0.00344
2313.37729     0.00464
2313.43755     0.00499
2313.49782     0.00357
2313.55808     0.00269
2313.61835     0.00356
2313.67861     0.00446
2313.73888     0.00391
2313.79914     0.00286
2313.85941     0.0029
2313.91967     0.00393
2313.97993     0.00416
2314.0402      0.00296
2314.10046     0.00227
2314.16073     0.0033
2314.22099     0.00432
2314.28126     0.00376
2314.34152     0.00268
2314.40179     0.0029
2314.46205     0.00406
2314.52232     0.00424
2314.58258     0.00312
2314.64284     0.00264
2314.70311     0.00382
2314.76337     0.00469
2314.82364     0.00403
2314.8839      0.00317
2314.94417     0.00368
2315.00443     0.00512
2315.0647      0.00553
2315.12496     0.00502
2315.18523     0.00518
2315.24549     0.00577
2315.30575     0.00586
2315.36602     0.00476
2315.42628     0.0038
2315.48655     0.00444
2315.54681     0.00546
2315.60708     0.00504
2315.66734     0.00382
2315.72761     0.00368
2315.78787     0.00483
2315.84814     0.0054
2315.9084      0.00446
2315.96867     0.00361
2316.02893     0.00428
2316.0892      0.00544
2316.14946     0.00498
2316.20972     0.00364
2316.26999     0.0035
2316.33025     0.00461
2316.39052     0.00504
2316.45078     0.004
2316.51105     0.00327
2316.57131     0.0042
2316.63158     0.00527
2316.69184     0.0048
2316.75211     0.00381
2316.81237     0.0041
2316.87264     0.00559
2316.9329      0.0061
2316.99316     0.00504
2317.05343     0.00462
2317.11369     0.00616
2317.17396     0.00722
2317.23422     0.00588
2317.29449     0.00466
2317.35475     0.00493
2317.41502     0.00602
2317.47528     0.00606
2317.53555     0.005
2317.59581     0.00473
2317.65607     0.00552
2317.71634     0.00626
2317.7766      0.00593
2317.83687     0.00469
2317.89713     0.00506
2317.9574      0.00651
2318.01766     0.00643
2318.07793     0.00541
2318.13819     0.00479
2318.19846     0.00563
2318.25872     0.00613
2318.31898     0.00509
2318.37925     0.0044
2318.43951     0.0055
2318.49978     0.0062
2318.56004     0.00604
2318.62031     0.00434
2318.68057     0.0041
2318.74084     0.00636
2318.8011      0.00664
2318.86137     0.00574
2318.92163     0.00511
2318.9819      0.0051
2319.04216     0.00726
2319.10243     0.0082
2319.16269     0.00693
2319.22295     0.00662
2319.28322     0.00735
2319.34348     0.00739
2319.40375     0.00646
2319.46401     0.00557
2319.52428     0.00643
2319.58454     0.00766
2319.64481     0.00725
2319.70507     0.00636
2319.76534     0.00667
2319.8256      0.00775
2319.88587     0.00807
2319.94613     0.00679
2320.00639     0.00609
2320.06666     0.00714
2320.12692     0.00801
2320.18719     0.00747
2320.24745     0.00647
2320.30772     0.00664
2320.36798     0.00786
2320.42825     0.00804
2320.48851     0.00689
2320.54878     0.00645
2320.60904     0.00741
2320.6693      0.00838
2320.72957     0.00773
2320.78983     0.00669
2320.8501      0.00705
2320.91036     0.00827
2320.97063     0.0086
2321.03089     0.00801
2321.09116     0.00854
2321.15142     0.00957
2321.21169     0.00927
2321.27195     0.00818
2321.33221     0.00734
2321.39248     0.00801
2321.45274     0.00929
2321.51301     0.00926
2321.57327     0.00819
2321.63354     0.00801
2321.6938      0.0093
2321.75407     0.00997
2321.81433     0.00896
2321.8746      0.00821
2321.93486     0.00906
2321.99513     0.0103
2322.05539     0.01004
2322.11566     0.00879
2322.17592     0.00872
2322.23618     0.01004
2322.29645     0.01053
2322.35671     0.00959
2322.41698     0.00907
2322.47724     0.00981
2322.53751     0.01093
2322.59777     0.01046
2322.65804     0.00914
2322.7183      0.00924
2322.77857     0.01062
2322.83883     0.0111
2322.8991      0.01026
2322.95936     0.01007
2323.01962     0.01162
2323.07989     0.01222
2323.14015     0.01098
2323.20042     0.00986
2323.26068     0.01024
2323.32095     0.01155
2323.38121     0.01172
2323.44148     0.01052
2323.50174     0.01012
2323.56201     0.01121
2323.62227     0.01212
2323.68253     0.01163
2323.7428      0.01071
2323.80306     0.01129
2323.86333     0.0129
2323.92359     0.0133
2323.98386     0.01222
2324.04412     0.01162
2324.10439     0.01274
2324.16465     0.01357
2324.22492     0.01318
2324.28518     0.01223
2324.34544     0.01271
2324.40571     0.01411
2324.46598     0.01431
2324.52624     0.01296
2324.5865      0.01247
2324.64677     0.0136
2324.70703     0.01501
2324.7673      0.01478
2324.82756     0.01346
2324.88783     0.01448
2324.94809     0.01678
2325.00836     0.01546
2325.06862     0.01461
2325.12889     0.01451
2325.18915     0.01451
2325.24941     0.01523
2325.30968     0.01556
2325.36994     0.01425
2325.43021     0.0153
2325.49047     0.0169
2325.55074     0.01665
2325.611       0.01587
2325.67127     0.01628
2325.73153     0.0175
2325.7918      0.01809
2325.85206     0.0179
2325.91232     0.0178
2325.97259     0.01881
2326.03285     0.02049
2326.09312     0.02033
2326.15338     0.0197
2326.21365     0.02042
2326.27391     0.02204
2326.33418     0.02283
2326.39444     0.02244
2326.45471     0.02271
2326.51497     0.02461
2326.57524     0.02642
2326.6355      0.02674
2326.69576     0.0268
2326.75603     0.02904
2326.81629     0.03279
2326.87656     0.03331
2326.93682     0.03155
2326.99709     0.03109
2327.05735     0.03205
2327.11762     0.03239
2327.17788     0.03122
2327.23815     0.02995
2327.29841     0.03029
2327.35867     0.03117
2327.41894     0.03079
2327.47921     0.02947
2327.53947     0.02903
2327.59973     0.03011
2327.66        0.0305
2327.72026     0.0294
2327.78053     0.0284
2327.84079     0.02893
2327.90106     0.03006
2327.96132     0.02969
2328.02159     0.02879
2328.08185     0.02888
2328.14212     0.03028
2328.20238     0.03103
2328.26264     0.03043
2328.32291     0.02995
2328.38317     0.03091
2328.44344     0.0324
2328.5037      0.03238
2328.56397     0.03157
2328.62423     0.0329
2328.6845      0.03592
2328.74476     0.03577
2328.80503     0.03373
2328.86529     0.0331
2328.92555     0.03401
2328.98582     0.03516
2329.04608     0.035
2329.10635     0.03419
2329.16661     0.03479
2329.22688     0.03635
2329.28714     0.03701
2329.34741     0.03639
2329.40767     0.03629
2329.46794     0.0375
2329.5282      0.03882
2329.58847     0.03846
2329.64873     0.03761
2329.709       0.03834
2329.76926     0.04013
2329.82952     0.04085
2329.88979     0.04019
2329.95005     0.04027
2330.01032     0.04192
2330.07058     0.04312
2330.13085     0.04282
2330.19111     0.04221
2330.25138     0.043
2330.31164     0.04445
2330.37191     0.04465
2330.43217     0.04475
2330.49244     0.04713
2330.5527      0.05009
2330.61296     0.04992
2330.67323     0.0484
2330.73349     0.04751
2330.79376     0.04836
2330.85402     0.04924
2330.91429     0.04969
2330.97455     0.0495
2331.03482     0.04954
2331.09508     0.05122
2331.15535     0.05262
2331.21561     0.05201
2331.27587     0.05123
2331.33614     0.05211
2331.3964      0.05404
2331.45667     0.05462
2331.51693     0.05394
2331.5772      0.05481
2331.63746     0.05631
2331.69773     0.0569
2331.75799     0.05627
2331.81826     0.05661
2331.87852     0.05815
2331.93878     0.05908
2331.99905     0.05831
2332.05931     0.05754
2332.11958     0.05815
2332.17984     0.05981
2332.24011     0.06117
2332.30037     0.064
2332.36064     0.06651
2332.4209      0.06661
2332.48117     0.06629
2332.54143     0.06546
2332.6017      0.06492
2332.66196     0.06582
2332.72223     0.06746
2332.78249     0.06819
2332.84275     0.06784
2332.90302     0.06805
2332.96328     0.06989
2333.02355     0.07133
2333.08381     0.07116
2333.14408     0.07098
2333.20434     0.072
2333.26461     0.07384
2333.32487     0.07458
2333.38514     0.07423
2333.4454      0.07472
2333.50567     0.07649
2333.56593     0.07791
2333.62619     0.07778
2333.68646     0.07744
2333.74672     0.07866
2333.80699     0.08042
2333.86725     0.08063
2333.92752     0.07955
2333.98778     0.08004
2334.04805     0.08405
2334.10831     0.08928
2334.16858     0.08974
2334.22884     0.08829
2334.2891      0.08879
2334.34937     0.09
2334.40963     0.09008
2334.4699      0.08974
2334.53016     0.09086
2334.59043     0.09298
2334.65069     0.0944
2334.71096     0.09443
2334.77122     0.09479
2334.83149     0.09667
2334.89175     0.09864
2334.95201     0.09928
2335.01228     0.09942
2335.07255     0.10077
2335.13281     0.10296
2335.19307     0.10413
2335.25334     0.10423
2335.3136      0.10477
2335.37387     0.10674
2335.43413     0.10883
2335.4944      0.10926
2335.55466     0.10903
2335.61493     0.10999
2335.67519     0.11183
2335.73546     0.11344
2335.79572     0.1159
2335.85598     0.12205
2335.91625     0.12692
2335.97651     0.12601
2336.03678     0.12404
2336.09704     0.12364
2336.15731     0.12516
2336.21757     0.1276
2336.27784     0.12886
2336.3381      0.12917
2336.39837     0.13053
2336.45863     0.13304
2336.5189      0.13508
2336.57916     0.13601
2336.63942     0.13697
2336.69969     0.13914
2336.75995     0.14189
2336.82022     0.14371
2336.88048     0.14446
2336.94075     0.14602
2337.00101     0.149
2337.06128     0.15182
2337.12154     0.15303
2337.18181     0.15401
2337.24207     0.15611
2337.30233     0.15892
2337.3626      0.15962
2337.42286     0.15914
2337.48313     0.16173
2337.54339     0.16623
2337.60366     0.17478
2337.66392     0.18004
2337.72419     0.18079
2337.78445     0.18196
2337.84472     0.18333
2337.90498     0.18444
2337.96524     0.18487
2338.02551     0.18763
2338.08578     0.19067
2338.14604     0.1932
2338.2063      0.1954
2338.26657     0.19749
2338.32683     0.20173
2338.3871      0.2048
2338.44736     0.20748
2338.50763     0.21022
2338.56789     0.21279
2338.62816     0.21681
2338.68842     0.22009
2338.74869     0.22208
2338.80895     0.2248
2338.86921     0.22926
2338.92948     0.23353
2338.98974     0.23582
2339.05001     0.23721
2339.11027     0.23975
2339.17054     0.24353
2339.2308      0.24957
2339.29107     0.26005
2339.35133     0.2719
2339.4116      0.277
2339.47186     0.27766
2339.53213     0.27861
2339.59239     0.28113
2339.65265     0.28576
2339.71292     0.29105
2339.77318     0.29525
2339.83345     0.29887
2339.89371     0.30349
2339.95398     0.30938
2340.01424     0.31519
2340.07451     0.31978
2340.13477     0.32451
2340.19504     0.33071
2340.2553      0.33731
2340.31556     0.34309
2340.37583     0.34838
2340.43609     0.35473
2340.49636     0.36204
2340.55662     0.36865
2340.61689     0.37413
2340.67715     0.3795
2340.73742     0.38595
2340.79768     0.39205
2340.85795     0.39737
2340.91821     0.40525
2340.97848     0.42158
2341.03874     0.44196
2341.09901     0.45274
2341.15927     0.45754
2341.21953     0.46326
2341.2798      0.47135
2341.34006     0.48069
2341.40033     0.48919
2341.46059     0.49763
2341.52086     0.50757
2341.58112     0.51871
2341.64139     0.52905
2341.70165     0.53856
2341.76192     0.54909
2341.82218     0.5609
2341.88245     0.57302
2341.94271     0.58389
2342.00297     0.59432
2342.06324     0.60583
2342.1235      0.61798
2342.18377     0.62931
2342.24403     0.63938
2342.3043      0.64983
2342.36456     0.66059
2342.42483     0.66984
2342.48509     0.67671
2342.54536     0.68437
2342.60562     0.69899
2342.66588     0.72365
2342.72615     0.74529
2342.78641     0.75443
2342.84668     0.76166
2342.90694     0.76996
2342.96721     0.77671
2343.02747     0.78262
2343.08774     0.7892
2343.148       0.79523
2343.20827     0.80275
2343.26853     0.80886
2343.32879     0.81302
2343.38906     0.8183
2343.44932     0.82355
2343.50959     0.82575
2343.56985     0.82586
2343.63012     0.82692
2343.69038     0.8293
2343.75065     0.8339
2343.81091     0.83416
2343.87118     0.83118
2343.93144     0.83208
2343.99171     0.83214
2344.05197     0.83045
2344.11224     0.82708
2344.1725      0.8221
2344.23276     0.8221
2344.29303     0.82658
2344.35329     0.83285
2344.41356     0.83214
2344.47382     0.8278
2344.53409     0.82593
2344.59435     0.82175
2344.65462     0.81828
2344.71488     0.81686
2344.77515     0.8142
2344.83541     0.81157
2344.89568     0.80774
2344.95594     0.80209
2345.0162      0.79893
2345.07647     0.79814
2345.13673     0.79492
2345.197       0.79003
2345.25726     0.78707
2345.31753     0.78514
2345.37779     0.78251
2345.43806     0.77943
2345.49832     0.77594
2345.55859     0.77292
2345.61885     0.76973
2345.67911     0.76513
2345.73938     0.75936
2345.79964     0.75488
2345.85991     0.75454
2345.92017     0.75692
2345.98044     0.75682
2346.0407      0.75306
2346.10097     0.74949
2346.16123     0.74667
2346.2215      0.74258
2346.28176     0.73748
2346.34202     0.73371
2346.40229     0.73091
2346.46255     0.72723
2346.52282     0.72257
2346.58308     0.71845
2346.64335     0.715
2346.70361     0.71186
2346.76388     0.70755
2346.82414     0.70288
2346.88441     0.69982
2346.94467     0.69769
2347.00494     0.69406
2347.0652      0.68884
2347.12547     0.68382
2347.18573     0.6799
2347.24599     0.67633
2347.30626     0.67107
2347.36652     0.66541
2347.42679     0.66183
2347.48705     0.66113
2347.54732     0.66041
2347.60758     0.65663
2347.66785     0.65154
2347.72811     0.64763
2347.78838     0.6437
2347.84864     0.63877
2347.9089      0.63361
2347.96917     0.6295
2348.02943     0.62624
2348.0897      0.62219
2348.14996     0.61702
2348.21023     0.61319
2348.27049     0.61041
2348.33076     0.60672
2348.39102     0.60165
2348.45129     0.59659
2348.51155     0.59277
2348.57181     0.58961
2348.63208     0.58533
2348.69234     0.58001
2348.75261     0.57547
2348.81287     0.57235
2348.87314     0.56899
2348.9334      0.56464
2348.99367     0.5602
2349.05393     0.55687
2349.1142      0.55382
2349.17446     0.54964
2349.23473     0.54423
2349.29499     0.53953
2349.35525     0.53616
2349.41552     0.53279
2349.47578     0.52854
2349.53605     0.52475
2349.59631     0.52178
2349.65658     0.51827
2349.71684     0.51392
2349.77711     0.51015
2349.83737     0.50635
2349.89764     0.50408
2349.9579      0.50092
2350.01817     0.49591
2350.07843     0.49253
2350.1387      0.4911
2350.19896     0.4885
2350.25922     0.48344
2350.31949     0.47878
2350.37975     0.47606
2350.44002     0.4738
2350.50028     0.4707
2350.56055     0.46642
2350.62081     0.46104
2350.68108     0.45805
2350.74134     0.45691
2350.80161     0.4538
2350.86187     0.44907
2350.92213     0.44599
2350.9824      0.44341
2351.04266     0.4399
2351.10293     0.43472
2351.16319     0.42957
2351.22346     0.42682
2351.28372     0.42587
2351.34399     0.42322
2351.40425     0.42141
2351.46452     0.42043
2351.52478     0.41803
2351.58505     0.41523
2351.64531     0.41178
2351.70558     0.40849
2351.76584     0.40623
2351.8261      0.40418
2351.88637     0.40049
2351.94663     0.3969
2352.0069      0.39497
2352.06716     0.3932
2352.12743     0.39042
2352.18769     0.38718
2352.24796     0.38484
2352.30822     0.38333
2352.36849     0.38106
2352.42875     0.3775
2352.48902     0.37415
2352.54928     0.37211
2352.60954     0.37005
2352.66981     0.36622
2352.73007     0.36168
2352.79034     0.35939
2352.8506      0.36085
2352.91087     0.36205
2352.97113     0.35972
2353.0314      0.35623
2353.09166     0.3539
2353.15193     0.35205
2353.21219     0.34902
2353.27245     0.34564
2353.33272     0.34358
2353.39298     0.34261
2353.45325     0.341
2353.51351     0.33815
2353.57378     0.33549
2353.63404     0.33401
2353.69431     0.33263
2353.75457     0.33006
2353.81484     0.32693
2353.8751      0.32513
2353.93536     0.32432
2353.99563     0.32223
2354.05589     0.31901
2354.11616     0.31605
2354.17642     0.31405
2354.23669     0.31237
2354.29695     0.31105
2354.35722     0.31173
2354.41748     0.31312
2354.47775     0.31205
2354.53801     0.30896
2354.59828     0.30571
2354.65854     0.30384
2354.71881     0.30335
2354.77907     0.30227
2354.83933     0.29956
2354.8996      0.29691
2354.95986     0.29578
2355.02013     0.29501
2355.08039     0.29322
2355.14066     0.29004
2355.20092     0.28797
2355.26119     0.28793
2355.32145     0.28702
2355.38172     0.28428
2355.44198     0.28187
2355.50225     0.28068
2355.56251     0.27926
2355.62277     0.27596
2355.68304     0.27257
2355.7433      0.27136
2355.80357     0.27331
2355.86383     0.27551
2355.9241      0.2744
2355.98436     0.27198
2356.04463     0.27044
2356.10489     0.26971
2356.16516     0.26754
2356.22542     0.26504
2356.28568     0.26356
2356.34595     0.26359
2356.40621     0.26291
2356.46648     0.26201
2356.52674     0.2603
2356.58701     0.25846
2356.64727     0.25814
2356.70754     0.25625
2356.7678      0.25472
2356.82807     0.25393
2356.88833     0.25301
2356.94859     0.25126
2357.00886     0.24744
2357.06912     0.24432
2357.12939     0.24408
2357.18965     0.24526
2357.24992     0.24731
2357.31018     0.24857
2357.37045     0.24778
2357.43071     0.24646
2357.49098     0.24416
2357.55124     0.24157
2357.61151     0.24041
2357.67177     0.24002
2357.73204     0.2399
2357.7923      0.23831
2357.85256     0.23655
2357.91283     0.23599
2357.97309     0.23586
2358.03336     0.2345
2358.09362     0.23236
2358.15389     0.23127
2358.21415     0.23134
2358.27442     0.23079
2358.33468     0.22861
2358.39495     0.22649
2358.45521     0.22526
2358.51548     0.2244
2358.57574     0.22375
2358.636       0.22565
2358.69627     0.22916
2358.75653     0.2289
2358.8168      0.22621
2358.87706     0.22381
2358.93733     0.22244
2358.99759     0.22243
2359.05786     0.22239
2359.11812     0.22076
2359.17839     0.2188
2359.23865     0.21835
2359.29891     0.21872
2359.35918     0.21797
2359.41944     0.21631
2359.47971     0.2153
2359.53997     0.21533
2359.60024     0.21524
2359.6605      0.21365
2359.72077     0.21127
2359.78103     0.21014
2359.8413      0.2098
2359.90156     0.20865
2359.96182     0.20779
2360.02209     0.20959
2360.08235     0.21327
2360.14262     0.21264
2360.20288     0.20966
2360.26315     0.20751
2360.32341     0.20697
2360.38368     0.2073
2360.44394     0.20656
2360.50421     0.20494
2360.56447     0.20416
2360.62474     0.20473
2360.685       0.20464
2360.74527     0.20308
2360.80553     0.20173
2360.86579     0.20193
2360.92606     0.20237
2360.98632     0.20149
2361.04659     0.19956
2361.10685     0.19849
2361.16712     0.19845
2361.22738     0.19776
2361.28765     0.19615
2361.34791     0.19644
2361.40818     0.20072
2361.46844     0.20277
2361.52871     0.19996
2361.58897     0.19761
2361.64923     0.19667
2361.7095      0.19673
2361.76976     0.19657
2361.83003     0.19553
2361.89029     0.19414
2361.95056     0.19431
2362.01082     0.1947
2362.07109     0.19365
2362.13135     0.19174
2362.19162     0.19093
2362.25188     0.19143
2362.31214     0.19163
2362.37241     0.19057
2362.43267     0.18909
2362.49294     0.1884
2362.5532      0.18665
2362.61347     0.18473
2362.67373     0.18548
2362.734       0.18949
2362.79426     0.19024
2362.85453     0.18821
2362.91479     0.1872
2362.97505     0.18606
2363.03532     0.18664
2363.09559     0.18668
2363.15585     0.18558
2363.21611     0.18516
2363.27638     0.18564
2363.33664     0.18579
2363.39691     0.1853
2363.45717     0.1832
2363.51744     0.18217
2363.5777      0.18403
2363.63797     0.18396
2363.69823     0.18152
2363.7585      0.18076
2363.81876     0.18026
2363.87902     0.18025
2363.93929     0.18018
2363.99955     0.18145
2364.05982     0.1834
2364.12008     0.18449
2364.18035     0.18336
2364.24061     0.18069
2364.30088     0.17919
2364.36114     0.17928
2364.42141     0.17991
2364.48167     0.17898
2364.54194     0.17746
2364.6022      0.17717
2364.66246     0.17767
2364.72273     0.17766
2364.78299     0.17629
2364.84326     0.17525
2364.90352     0.17582
2364.96379     0.17625
2365.02405     0.17485
2365.08432     0.17248
2365.14458     0.17132
2365.20485     0.1723
2365.26511     0.1745
2365.32537     0.17677
2365.38564     0.1778
2365.4459      0.17682
2365.50617     0.17548
2365.56643     0.17395
2365.6267      0.17233
2365.68696     0.17216
2365.74723     0.17284
2365.80749     0.17267
2365.86776     0.17113
2365.92802     0.17018
2365.98828     0.17063
2366.04855     0.17099
2366.10882     0.16998
2366.16908     0.16855
2366.22934     0.16843
2366.28961     0.169
2366.34987     0.16797
2366.41014     0.16534
2366.4704      0.16422
2366.53067     0.16653
2366.59093     0.16965
2366.6512      0.16918
2366.71146     0.16731
2366.77173     0.16626
2366.83199     0.16615
2366.89226     0.16548
2366.95252     0.16389
2367.01278     0.16332
2367.07305     0.16392
2367.13331     0.16398
2367.19358     0.16266
2367.25384     0.16145
2367.31411     0.16173
2367.37437     0.16242
2367.43464     0.16158
2367.4949      0.15978
2367.55517     0.15886
2367.61543     0.15918
2367.67569     0.15915
2367.73596     0.15911
2367.79622     0.16119
2367.85649     0.1631
2367.91675     0.16214
2367.97702     0.15987
2368.03728     0.15772
2368.09755     0.15727
2368.15781     0.15799
2368.21808     0.15791
2368.27834     0.15604
2368.3386      0.15483
2368.39887     0.15603
2368.45913     0.15606
2368.5194      0.15442
2368.57966     0.15243
2368.63993     0.15251
2368.70019     0.15347
2368.76046     0.15324
2368.82072     0.1514
2368.88099     0.14854
2368.94125     0.14883
2369.00152     0.15151
2369.06178     0.15271
2369.12205     0.15061
2369.18231     0.15108
2369.24257     0.15041
2369.30284     0.1491
2369.3631      0.14711
2369.42337     0.14634
2369.48363     0.14754
2369.5439      0.14808
2369.60416     0.14626
2369.66443     0.14519
2369.72469     0.14559
2369.78496     0.14584
2369.84522     0.14588
2369.90549     0.1445
2369.96575     0.1432
2370.02601     0.14302
2370.08628     0.1434
2370.14654     0.1433
2370.20681     0.14519
2370.26707     0.14594
2370.32734     0.14433
2370.3876      0.14272
2370.44787     0.14051
2370.50813     0.13987
2370.56839     0.14033
2370.62866     0.1397
2370.68892     0.13798
2370.74919     0.13695
2370.80945     0.13717
2370.86972     0.1375
2370.92998     0.13642
2370.99025     0.13489
2371.05051     0.13427
2371.11078     0.13481
2371.17104     0.13427
2371.23131     0.13241
2371.29157     0.13205
2371.35183     0.13411
2371.4121      0.13533
2371.47236     0.13303
2371.53263     0.13086
2371.59289     0.1306
2371.65316     0.13117
2371.71342     0.13082
2371.77369     0.12928
2371.83395     0.12837
2371.89422     0.1289
2371.95448     0.12913
2372.01475     0.12785
2372.07501     0.12655
2372.13528     0.12661
2372.19554     0.12739
2372.2558      0.12664
2372.31607     0.1244
2372.37633     0.12356
2372.4366      0.12528
2372.49686     0.12693
2372.55713     0.12601
2372.61739     0.12374
2372.67766     0.1231
2372.73792     0.12334
2372.79819     0.12258
2372.85845     0.12085
2372.91871     0.12013
2372.97898     0.12094
2373.03924     0.12093
2373.09951     0.11919
2373.15977     0.11787
2373.22004     0.11814
2373.2803      0.11856
2373.34057     0.11764
2373.40083     0.11582
2373.4611      0.11537
2373.52136     0.11655
2373.58162     0.11778
2373.64189     0.1173
2373.70215     0.11562
2373.76242     0.1154
2373.82268     0.11564
2373.88295     0.11456
2373.94321     0.11291
2374.00348     0.11245
2374.06374     0.11318
2374.12401     0.11299
2374.18427     0.11148
2374.24454     0.11058
2374.3048      0.11155
2374.36507     0.11205
2374.42533     0.11057
2374.48559     0.10901
2374.54586     0.10882
2374.60612     0.10976
2374.66639     0.11117
2374.72665     0.11022
2374.78692     0.10927
2374.84718     0.10866
2374.90745     0.10791
2374.96771     0.10625
2375.02798     0.10493
2375.08824     0.10496
2375.14851     0.10551
2375.20877     0.10554
2375.26903     0.10345
2375.3293      0.103
2375.38956     0.10425
2375.44983     0.10274
2375.51009     0.10055
2375.57036     0.09905
2375.63062     0.10065
2375.69089     0.10315
2375.75115     0.10217
2375.81142     0.09998
2375.87168     0.09897
2375.93194     0.10018
2375.99221     0.10068
2376.05247     0.09847
2376.11274     0.0973
2376.173       0.09743
2376.23327     0.09698
2376.29353     0.09624
2376.3538      0.09529
2376.41406     0.09472
2376.47433     0.09525
2376.53459     0.09483
2376.59486     0.09313
2376.65512     0.09258
2376.71539     0.09341
2376.77565     0.09412
2376.83591     0.09312
2376.89618     0.09092
2376.95644     0.08997
2377.01671     0.09059
2377.07697     0.09022
2377.13724     0.0884
2377.1975      0.08702
2377.25777     0.0871
2377.31803     0.08729
2377.3783      0.08613
2377.43856     0.08465
2377.49883     0.08425
2377.55909     0.08474
2377.61935     0.08426
2377.67962     0.08258
2377.73988     0.08166
2377.80015     0.0824
2377.86041     0.08245
2377.92068     0.08067
2377.98094     0.07892
2378.04121     0.07867
2378.10147     0.07919
2378.16174     0.07847
2378.222       0.07683
2378.28226     0.07588
2378.34253     0.07623
2378.40279     0.07635
2378.46306     0.07489
2378.52332     0.07335
2378.58359     0.07326
2378.64385     0.07366
2378.70412     0.07313
2378.76438     0.07188
2378.82465     0.07105
2378.88491     0.07123
2378.94517     0.07087
2379.00544     0.06908
2379.0657      0.0676
2379.12597     0.06753
2379.18623     0.06786
2379.2465      0.06691
2379.30676     0.06482
2379.36703     0.06385
2379.42729     0.06418
2379.48756     0.06403
2379.54782     0.06215
2379.60809     0.06064
2379.66835     0.06114
2379.72862     0.0616
2379.78888     0.06018
2379.84914     0.0582
2379.90941     0.05744
2379.96967     0.05767
2380.02994     0.0571
2380.0902      0.05518
2380.15047     0.05377
2380.21073     0.05394
2380.271       0.05402
2380.33126     0.05253
2380.39153     0.05052
2380.45179     0.05003
2380.51206     0.05073
2380.57232     0.05014
2380.63258     0.0486
2380.69285     0.04773
2380.75311     0.04767
2380.81338     0.0473
2380.87364     0.04586
2380.93391     0.04453
2380.99417     0.04423
2381.05444     0.04466
2381.1147      0.04286
2381.17497     0.0413
2381.23523     0.04082
2381.29549     0.0401
2381.35576     0.04065
2381.41602     0.03982
2381.47629     0.03812
2381.53655     0.03812
2381.59682     0.0389
2381.65708     0.03769
2381.71735     0.03482
2381.77761     0.03403
2381.83788     0.03476
2381.89814     0.03492
2381.9584      0.03269
2382.01867     0.03094
2382.07893     0.03031
2382.1392      0.03197
2382.19946     0.03188
2382.25973     0.03003
2382.31999     0.02954
2382.38026     0.03033
2382.44052     0.02904
2382.50079     0.02777
2382.56105     0.02696
2382.62132     0.02711
2382.68158     0.02746
2382.74185     0.0265
2382.80211     0.0259
2382.86237     0.02525
2382.92264     0.02546
2382.9829      0.02615
2383.04317     0.02478
2383.10343     0.02341
2383.1637      0.02378
2383.22396     0.02448
2383.28423     0.02399
2383.34449     0.02275
2383.40476     0.02254
2383.46502     0.02319
2383.52529     0.023
2383.58555     0.02161
2383.64581     0.02071
2383.70608     0.02141
2383.76634     0.02189
2383.82661     0.02091
2383.88687     0.01965
2383.94714     0.01977
2384.0074      0.0207
2384.06767     0.02059
2384.12793     0.01923
2384.1882      0.01864
2384.24846     0.01943
2384.30872     0.01975
2384.36899     0.01867
2384.42925     0.01753
2384.48952     0.01792
2384.54978     0.01879
2384.61005     0.01846
2384.67031     0.01727
2384.73058     0.01698
2384.79084     0.01801
2384.85111     0.01852
2384.91137     0.0176
2384.97163     0.01657
2385.0319      0.01702
2385.09216     0.01815
2385.15243     0.01791
2385.21269     0.01669
2385.27296     0.01639
2385.33322     0.0175
2385.39349     0.01792
2385.45375     0.01682
2385.51402     0.01602
2385.57428     0.01673
2385.63455     0.01765
2385.69481     0.01712
2385.75508     0.01599
2385.81534     0.01603
2385.8756      0.0171
2385.93587     0.01722
2385.99613     0.01584
2386.0564      0.01505
2386.11666     0.01577
2386.17693     0.01662
2386.23719     0.016
2386.29746     0.0147
2386.35772     0.0149
2386.41799     0.01615
2386.47825     0.0163
2386.53852     0.01497
2386.59878     0.01433
2386.65904     0.01526
2386.71931     0.01607
2386.77957     0.01535
2386.83984     0.01404
2386.9001      0.01409
2386.96037     0.0151
2387.02063     0.01549
2387.0809      0.01464
2387.14116     0.01428
2387.20143     0.01551
2387.26169     0.01614
2387.32195     0.01468
2387.38222     0.01395
2387.44248     0.01437
2387.50275     0.01513
2387.56301     0.01512
2387.62328     0.01511
2387.68354     0.01496
2387.74381     0.01571
2387.80407     0.01553
2387.86434     0.01494
2387.9246      0.01442
2387.98486     0.01378
2388.04513     0.01527
2388.1054      0.01538
2388.16566     0.01341
2388.22592     0.01235
2388.28619     0.01263
2388.34645     0.01355
2388.40672     0.01352
2388.46698     0.0125
2388.52725     0.0133
2388.58751     0.01383
2388.64778     0.01256
2388.70804     0.01211
2388.76831     0.01211
2388.82857     0.01233
2388.88883     0.01367
2388.9491      0.01298
2389.00936     0.01211
2389.06963     0.013
2389.12989     0.01383
2389.19016     0.01268
2389.25042     0.012
2389.31069     0.01194
2389.37095     0.01285
2389.43122     0.01304
2389.49148     0.01188
2389.55175     0.01167
2389.61201     0.0129
2389.67227     0.01356
2389.73254     0.01294
2389.7928      0.01209
2389.85307     0.01244
2389.91333     0.01344
2389.9736      0.01359
2390.03386     0.01244
2390.09413     0.01191
2390.15439     0.01273
2390.21466     0.01336
2390.27492     0.01253
2390.33518     0.01138
2390.39545     0.01171
2390.45571     0.01297
2390.51598     0.01292
2390.57624     0.01145
2390.63651     0.01098
2390.69677     0.01203
2390.75704     0.01264
2390.8173      0.01159
2390.87757     0.01054
2390.93783     0.01137
2390.99809     0.01248
2391.05836     0.01206
2391.11863     0.01078
2391.17889     0.01046
2391.23915     0.01164
2391.29942     0.0123
2391.35968     0.01134
2391.41995     0.01044
2391.48021     0.01124
2391.54048     0.0123
2391.60074     0.01188
2391.66101     0.01048
2391.72127     0.01037
2391.78154     0.01172
2391.8418      0.01213
2391.90206     0.01124
2391.96233     0.01052
2392.02259     0.01112
2392.08286     0.01202
2392.14312     0.01154
2392.20339     0.01046
2392.26365     0.01047
2392.32392     0.01162
2392.38418     0.01189
2392.44445     0.01067
2392.50471     0.01007
2392.56497     0.01111
2392.62524     0.01194
2392.6855      0.01109
2392.74577     0.00997
2392.80603     0.01018
2392.8663      0.01107
2392.92656     0.01116
2392.98683     0.01017
2393.04709     0.00955
2393.10736     0.01023
2393.16762     0.01089
2393.22789     0.01029
2393.28815     0.009
2393.34841     0.0091
2393.40868     0.01047
2393.46894     0.01052
2393.52921     0.00929
2393.58947     0.00887
2393.64974     0.01022
2393.71        0.01149
2393.77027     0.00989
2393.83053     0.00863
2393.8908      0.00989
2393.95106     0.01162
2394.01133     0.01161
2394.07159     0.01011
2394.13186     0.00982
2394.19212     0.0107
2394.25238     0.0109
2394.31265     0.00919
2394.37291     0.00983
2394.43318     0.01142
2394.49344     0.01024
2394.55371     0.01014
2394.61397     0.00884
2394.67424     0.00896
2394.7345      0.01047
2394.79477     0.00985
2394.85503     0.00819
2394.91529     0.0084
2394.97556     0.00995
2395.03582     0.00976
2395.09609     0.00868
2395.15635     0.00803
2395.21662     0.00889
2395.27688     0.01073
2395.33715     0.00992
2395.39741     0.008
2395.45768     0.00731
2395.51794     0.00852
2395.5782      0.01027
2395.63847     0.00937
2395.69873     0.00787
2395.759       0.00813
2395.81926     0.0094
2395.87953     0.00959
2395.93979     0.00841
2396.00006     0.00807
2396.06032     0.00924
2396.12059     0.00995
2396.18085     0.00929
2396.24112     0.0083
2396.30138     0.00868
2396.36165     0.00993
2396.42191     0.0098
2396.48217     0.00863
2396.54244     0.00841
2396.6027      0.0096
2396.66297     0.01017
2396.72323     0.00916
2396.7835      0.00807
2396.84376     0.00857
2396.90403     0.00966
2396.96429     0.00935
2397.02456     0.00806
2397.08482     0.00773
2397.14509     0.00884
2397.20535     0.00948
2397.26561     0.00836
2397.32588     0.00756
2397.38614     0.00833
2397.44641     0.00902
2397.50667     0.00838
2397.56694     0.00752
2397.6272      0.00751
2397.68747     0.00857
2397.74773     0.00913
2397.808       0.00803
2397.86826     0.0072
2397.92852     0.00806
2397.98879     0.00895
2398.04905     0.00858
2398.10932     0.00754
2398.16958     0.00763
2398.22985     0.0087
2398.29011     0.009
2398.35038     0.00784
2398.41064     0.00734
2398.47091     0.00834
2398.53117     0.00903
2398.59143     0.00831
2398.6517      0.00742
2398.71197     0.00782
2398.77223     0.009
2398.83249     0.00906
2398.89276     0.00784
2398.95302     0.00733
2399.01329     0.00822
2399.07355     0.0089
2399.13382     0.00786
2399.19408     0.0069
2399.25435     0.00722
2399.31461     0.00817
2399.37488     0.00814
2399.43514     0.00692
2399.4954      0.00668
2399.55567     0.00776
2399.61593     0.00826
2399.6762      0.00714
2399.73646     0.00622
2399.79673     0.0071
2399.85699     0.00801
2399.91726     0.00802
2399.97752     0.0064
2400.03779     0.006
2400.09805     0.00791
2400.15832     0.00845
2400.21858     0.00693
2400.27884     0.00628
2400.33911     0.00648
2400.39937     0.00761
2400.45964     0.00811
2400.5199      0.00671
2400.58017     0.00666
2400.64043     0.00921
2400.7007      0.01079
2400.76096     0.00855
2400.82123     0.00643
2400.88149     0.00697
2400.94175     0.00879
2401.00202     0.00677
2401.06228     0.00506
2401.12255     0.00635
2401.18281     0.00766
2401.24308     0.0081
2401.30334     0.00657
2401.36361     0.00574
2401.42387     0.00684
2401.48414     0.00774
2401.5444      0.00734
2401.60466     0.00719
2401.66493     0.00773
2401.7252      0.00809
2401.78546     0.00777
2401.84572     0.00643
2401.90599     0.00592
2401.96625     0.00626
2402.02652     0.00746
2402.08678     0.00729
2402.14705     0.00615
2402.20731     0.00626
2402.26758     0.00732
2402.32784     0.00752
2402.38811     0.00655
2402.44837     0.00591
2402.50863     0.00692
2402.5689      0.00777
2402.62916     0.00691
2402.68943     0.00594
2402.74969     0.0066
2402.80996     0.00781
2402.87022     0.00752
2402.93049     0.00657
2402.99075     0.00657
2403.05102     0.00753
2403.11128     0.00789
2403.17155     0.00702
2403.23181     0.00616
2403.29207     0.00674
2403.35234     0.00764
2403.4126      0.0074
2403.47287     0.00622
2403.53313     0.00597
2403.5934      0.0071
2403.65366     0.00748
2403.71393     0.00644
2403.77419     0.00561
2403.83446     0.00644
2403.89472     0.00748
2403.95498     0.00682
2404.01525     0.00558
2404.07551     0.00554
2404.13578     0.00666
2404.19604     0.00699
2404.25631     0.006
2404.31657     0.00536
2404.37684     0.00616
2404.4371      0.00713
2404.49737     0.00657
2404.55763     0.00528
2404.6179      0.00553
2404.67816     0.00667
2404.73843     0.00693
2404.79869     0.0058
2404.85895     0.0054
2404.91922     0.00645
2404.97948     0.00732
2405.03975     0.00661
2405.10001     0.00569
2405.16028     0.00609
2405.22054     0.00713
2405.28081     0.0071
2405.34107     0.00621
2405.40134     0.00593
2405.4616      0.0069
2405.52187     0.00765
2405.58213     0.00637
2405.64239     0.00501
2405.70266     0.00579
2405.76292     0.00713
2405.82319     0.00676
2405.88345     0.00561
2405.94372     0.00557
2406.00398     0.00615
2406.06425     0.00671
2406.12451     0.0056
2406.18478     0.00438
2406.24504     0.00517
2406.3053      0.00694
2406.36557     0.00636
2406.42583     0.00435
2406.4861      0.0038
2406.54636     0.00631
2406.60663     0.0062
2406.66689     0.00476
2406.72716     0.00535
2406.78742     0.00647
2406.84769     0.00752
2406.90795     0.00555
2406.96821     0.00385
2407.02848     0.00489
2407.08874     0.0071
2407.14901     0.00796
2407.20927     0.00656
2407.26954     0.00617
2407.3298      0.00664
2407.39007     0.00625
2407.45033     0.0065
2407.5106      0.00579
2407.57086     0.00531
2407.63113     0.00595
2407.69139     0.00631
2407.75166     0.00598
2407.81192     0.00459
2407.87218     0.00577
2407.93245     0.00696
2407.99271     0.00687
2408.05298     0.00648
2408.11324     0.00554
2408.17351     0.00681
2408.23377     0.0068
2408.29404     0.00473
2408.3543      0.00409
2408.41457     0.00507
2408.47483     0.00582
2408.5351      0.00509
2408.59536     0.00441
2408.65562     0.00524
2408.71589     0.0062
2408.77615     0.00571
2408.83642     0.00481
2408.89668     0.00429
2408.95695     0.00544
2409.01721     0.00627
2409.07748     0.00531
2409.13774     0.00438
2409.19801     0.00519
2409.25827     0.00627
2409.31853     0.00599
2409.3788      0.00491
2409.43906     0.00494
2409.49933     0.00614
2409.55959     0.00646
2409.61986     0.0054
2409.68012     0.00466
2409.74039     0.00536
2409.80065     0.00629
2409.86092     0.00588
2409.92118     0.00473
2409.98144     0.0045
2410.04171     0.0055
2410.10197     0.00625
2410.16224     0.00495
2410.2225      0.00406
2410.28277     0.00486
2410.34303     0.00575
2410.4033      0.00506
2410.46356     0.00381
2410.52383     0.0041
2410.58409     0.0053
2410.64436     0.00534
2410.70462     0.00387
2410.76489     0.00342
2410.82515     0.00468
2410.88541     0.00562
2410.94568     0.00474
2411.00594     0.00367
2411.06621     0.00407
2411.12647     0.00502
2411.18674     0.00524
2411.247       0.00435
2411.30727     0.00399
2411.36753     0.00487
2411.4278      0.00564
2411.48806     0.00499
2411.54833     0.00415
2411.60859     0.00472
2411.66885     0.00568
2411.72912     0.00555
2411.78938     0.00442
2411.84965     0.0043
2411.90991     0.00545
2411.97018     0.00569
2412.03044     0.00477
2412.09071     0.00396
2412.15097     0.00452
2412.21124     0.00573
2412.2715      0.00559
2412.33176     0.00408
2412.39203     0.00388
2412.45229     0.00475
2412.51256     0.00543
2412.57282     0.0048
2412.63309     0.00439
2412.69335     0.00505
2412.75362     0.00569
2412.81388     0.00371
2412.87415     0.0021
2412.93441     0.00413
2412.99467     0.00649
2413.05494     0.00594
2413.1152      0.00542
2413.17547     0.00378
2413.23573     0.00339
2413.296       0.00485
2413.35626     0.00402
2413.41653     0.00275
2413.47679     0.00253
2413.53706     0.00335
2413.59732     0.00406
2413.65759     0.00441
2413.71785     0.00418
2413.77812     0.00452
2413.83838     0.00612
2413.89864     0.00662
2413.95891     0.00421
2414.01917     0.00317
2414.07944     0.00422
2414.1397      0.00412
2414.19997     0.00366
2414.26023     0.00397
2414.3205      0.00483
2414.38076     0.00493
2414.44103     0.00436
2414.50129     0.00319
2414.56156     0.0032
2414.62182     0.00462
2414.68208     0.00431
2414.74235     0.00292
2414.80261     0.00251
2414.86288     0.00372
2414.92314     0.00456
2414.98341     0.00371
2415.04367     0.00258
2415.10394     0.00307
2415.1642      0.00428
2415.22447     0.00392
2415.28473     0.00248
2415.34499     0.0023
2415.40526     0.00361
2415.46552     0.00427
2415.52579     0.00323
2415.58605     0.00252
2415.64632     0.00341
2415.70658     0.00461
2415.76685     0.00426
2415.82711     0.00299
2415.88738     0.00298
2415.94764     0.00427
2416.0079      0.00461
2416.06817     0.0036
2416.12844     0.00312
2416.1887      0.00384
2416.24896     0.0048
2416.30923     0.0042
2416.36949     0.00323
2416.42976     0.00361
2416.49002     0.00436
2416.55029     0.00438
2416.61055     0.00323
2416.67082     0.00276
2416.73108     0.00373
2416.79135     0.00425
2416.85161     0.00357
2416.91187     0.0025
2416.97214     0.00262
2417.0324      0.00394
2417.09267     0.00401
2417.15293     0.0029
2417.2132      0.00249
2417.27346     0.0034
2417.33373     0.00419
2417.39399     0.00336
2417.45426     0.0022
2417.51452     0.0025
2417.57478     0.00346
2417.63505     0.00353
2417.69531     0.00275
2417.75558     0.00243
2417.81584     0.00338
2417.87611     0.0041
2417.93637     0.00329
2417.99664     0.00249
2418.0569      0.00298
2418.11717     0.0041
2418.17743     0.00422
2418.2377      0.00343
2418.29796     0.00334
2418.35822     0.0041
2418.41849     0.00459
2418.47875     0.00351
2418.53902     0.00233
2418.59928     0.00317
2418.65955     0.00391
2418.71981     0.00334
2418.78008     0.00227
2418.84034     0.00218
2418.90061     0.00262
2418.96087     0.00384
2419.02114     0.00419
2419.0814      0.00319
2419.14167     0.00291
2419.20193     0.00286
2419.26219     0.00347
2419.32246     0.00201
2419.38272     0.00154
2419.44299     0.00342
2419.50325     0.00425
2419.56352     0.00296
2419.62378     6.71206E-4
2419.68405     0.00166
2419.74431     0.0035
2419.80458     0.00296
2419.86484     0.00155
2419.9251      0.00203
2419.98537     0.00347
2420.04563     0.0028
2420.1059      0.00363
2420.16616     0.00343
2420.22643     0.00285
2420.28669     0.00355
2420.34696     0.00304
2420.40722     0.00286
2420.46749     0.00512
2420.52775     0.00483
2420.58801     0.00405
2420.64828     0.00328
2420.70854     0.00156
2420.76881     0.00333
2420.82907     0.00464
2420.88934     0.0031
2420.9496      0.00226
2421.00987     0.00263
2421.07013     0.00363
2421.1304      0.00336
2421.19066     0.00211
2421.25093     0.002
2421.31119     0.00299
2421.37146     0.00347
2421.43172     0.00255
2421.49198     0.0017
2421.55225     0.00279
2421.61251     0.00364
2421.67278     0.00297
2421.73304     0.00172
2421.79331     0.00167
2421.85357     0.00297
2421.91384     0.00339
2421.9741      0.00241
2422.03437     0.00157
2422.09463     0.00212
2422.1549      0.00322
2422.21516     0.00305
2422.27542     0.00208
2422.33569     0.00215
2422.39595     0.00328
2422.45622     0.0037
2422.51648     0.0024
2422.57675     0.00161
2422.63701     0.00272
2422.69728     0.00367
2422.75754     0.00343
2422.81781     0.00253
2422.87807     0.00271
2422.93833     0.00351
2422.9986      0.0036
2423.05886     0.00278
2423.11913     0.00215
2423.17939     0.00275
2423.23966     0.00343
2423.29992     0.0027
2423.36019     0.00169
2423.42045     0.00219
2423.48072     0.00312
2423.54098     0.00305
2423.60124     0.00172
2423.66151     0.00144
2423.72177     0.00271
2423.78204     0.00331
2423.8423      0.00213
2423.90257     0.00113
2423.96283     0.00177
2424.0231      0.00285
2424.08336     0.00262
2424.14363     0.0015
2424.20389     0.00147
2424.26416     0.00264
2424.32442     0.00311
2424.38469     0.00191
2424.44495     0.00111
2424.50521     0.00187
2424.56548     0.00314
2424.62574     0.00281
2424.68601     0.00161
2424.74627     0.00159
2424.80654     0.00249
2424.8668      0.00304
2424.92707     0.00259
2424.98733     0.00204
2425.0476      0.00251
2425.10786     0.00321
2425.16813     0.00218
2425.22839     0.00181
2425.28865     0.00232
2425.34892     0.00339
2425.40918     0.00375
2425.46945     0.00267
2425.52971     0.0022
2425.58998     0.00337
2425.65024     0.00481
2425.71051     0.00341
2425.77077     0.00149
2425.83104     0.0014
2425.8913      0.00116
2425.95156     0.00266
2426.01183     0.00256
2426.07209     0.00229
2426.13236     0.0025
2426.19262     0.00178
2426.25289     0.0021
2426.31315     8.05718E-4
2426.37342    -8.20249E-5
2426.43368     9.26232E-4
2426.49395     0.00112
2426.55421    -2.34254E-4
2426.61447    -4.59997E-4
2426.67474     0.00268
2426.73501     0.00321
2426.79527     0.00246
2426.85553     0.00158
2426.9158      0.00178
2426.97606     0.00274
2427.03633     0.00284
2427.09659     0.00161
2427.15686     8.60314E-4
2427.21712     0.00146
2427.27739     0.00351
2427.33765     0.00264
2427.39792     5.34342E-4
2427.45818     0.00122
2427.51844     0.00244
2427.57871     0.00186
2427.63897     6.39369E-4
2427.69924     0.00103
2427.7595      0.00227
2427.81977     0.0026
2427.88003     0.00132
2427.9403      5.98654E-4
2428.00056     0.00155
2428.06083     0.00257
2428.12109     0.00214
2428.18136     8.57681E-4
2428.24162     6.84938E-4
2428.30188     0.00158
2428.36215     0.00167
2428.42241     7.97709E-4
2428.48268     6.67966E-4
2428.54294     0.00149
2428.60321     0.00213
2428.66347     0.00153
2428.72374     5.17993E-4
2428.784       9.5725E-4
2428.84427     0.00211
2428.90453     0.00233
2428.96479     0.00152
2429.02506     7.95277E-4
2429.08532     0.00173
2429.14559     0.00267
2429.20585     0.00209
2429.26612     0.00116
2429.32638     0.00137
2429.38665     0.00239
2429.44691     0.00227
2429.50718     0.00101
2429.56744     7.20589E-4
2429.62771     0.00184
2429.68797     0.00254
2429.74824     0.0017
2429.8085      8.63617E-4
2429.86876     0.00127
2429.92903     0.00209
2429.98929     0.00204
2430.04956     9.24644E-4
2430.10982     7.24901E-4
2430.17009     0.00175
2430.23035     0.0021
2430.29062     9.85672E-4
2430.35088     1.51929E-4
2430.41115     8.65185E-4
2430.47141     0.00193
2430.53168     0.00172
2430.59194     4.60956E-4
2430.6522      3.68213E-4
2430.71247     0.00168
2430.77273     0.00189
2430.833       6.68984E-4
2430.89326    -1.4676E-4
2430.95353     8.93497E-4
2431.01379     0.00234
2431.07406     0.002
2431.13432     0.00114
2431.19459     0.00108
2431.25485     0.00178
2431.31511     0.00224
2431.37538     0.00133
2431.43564     5.54552E-4
2431.49591     0.00103
2431.55617     0.00151
2431.61644     0.00192
2431.6767      7.8058E-4
2431.73697     1.51837E-4
2431.79723     0.00248
2431.8575      0.00229
2431.91776    -9.36393E-4
2431.97802     4.17864E-4
2432.03829     0.00319
2432.09855     0.00377
2432.15882     0.00277
2432.21908     0.002
2432.27935     0.00215
2432.33961     0.00197
2432.39988     4.11662E-4
2432.46014     3.92919E-4
2432.52041     0.00154
2432.58067     0.00227
2432.64094     0.00195
2432.7012      0.00107
2432.76147    -2.13797E-4
2432.82173     6.4346E-4
2432.88199     0.00191
2432.94226     0.00167
2433.00252     6.88231E-4
2433.06279     8.03488E-4
2433.12305     9.02745E-4
2433.18332     7.57001E-4
2433.24358    -1.21742E-4
2433.30385     1.92515E-4
2433.36411     0.00102
2433.42438     0.00195
2433.48464     0.00134
2433.54491    -1.63457E-4
2433.60517     2.288E-4
2433.66543     0.00147
2433.7257      0.00169
2433.78596     9.5757E-4
2433.84623     6.83827E-4
2433.90649     0.00123
2433.96676     0.00213
2434.02702     0.00164
2434.08729     4.34855E-4
2434.14755     8.50111E-4
2434.20782     0.00187
2434.26808     0.00187
2434.32834     7.19882E-4
2434.38861     2.16139E-4
2434.44887     0.00119
2434.50914     0.00212
2434.5694      0.00156
2434.62967     3.77166E-4
2434.68993     4.02423E-4
2434.7502      0.00155
2434.81046     0.00148
2434.87073     1.83194E-4
2434.93099    -1.47549E-4
2434.99125     9.87708E-4
2435.05152     0.00184
2435.11178     0.00113
2435.17205     1.59478E-4
2435.23231     4.34735E-4
2435.29258     0.00164
2435.35284     0.00174
2435.41311     3.78506E-4
2435.47337     6.37626E-5
2435.53364     0.0011
2435.5939      0.00194
2435.65417     0.00114
2435.71443     4.0479E-4
2435.7747      9.68047E-4
2435.83496     0.00209
2435.89522     0.00214
2435.95549     8.67818E-4
2436.01575     7.48074E-4
2436.07602     0.00212
2436.13628     0.00235
2436.19655     0.00135
2436.25681     6.32102E-4
2436.31708     0.00135
2436.37734     0.00226
2436.43761     0.00179
2436.49787     5.40129E-4
2436.55814     3.96386E-4
2436.6184      0.00141
2436.67866     0.00176
2436.73893     7.70157E-4
2436.79919     2.22414E-4
2436.85946     0.00102
2436.91972     0.00172
2436.97999     0.0012
2437.04025     1.59441E-4
2437.10052     3.52698E-4
2437.16078     0.00127
2437.22104     0.00138
2437.28131     7.45469E-4
2437.34157     2.86726E-4
2437.40184     0.00114
2437.4621      0.00183
2437.52237     0.00118
2437.58263    -1.60247E-4
2437.6429      2.0101E-4
2437.70316     0.00174
2437.76343     0.00187
2437.82369     9.58781E-4
2437.88396     0.00101
2437.94422     0.00254
2438.00448     0.00296
2438.06475     9.74808E-4
2438.12501    -0.00256
2438.18528    -0.00194
2438.24554    -1.74214E-5
2438.30581     1.03835E-4
2438.36607     7.86092E-4
2438.42634     4.42349E-4
2438.4866      0.00158
2438.54687     0.00301
2438.60713     5.3912E-4
2438.6674     -0.00159
2438.72766    -2.67366E-4
2438.78793     0.00233
2438.84819     0.00119
2438.90845     2.03404E-4
2438.96872     7.84661E-4
2439.02898     0.00125
2439.08925     3.80175E-4
2439.14951    -1.46568E-4
2439.20978     3.53689E-4
2439.27004     0.00135
2439.33031     0.00137
2439.39057     0.0012
2439.45084    -3.46284E-4
2439.5111     -4.28027E-4
2439.57136     0.00167
2439.63163     0.00179
2439.69189     7.17435E-5
2439.75216    -6.71E-4
2439.81242     5.79257E-4
2439.87269     0.00198
2439.93295     0.00104
2439.99322    -1.36972E-4
2440.05348    -1.05715E-4
2440.11375     0.0013
2440.17401     0.00195
2440.23428     5.23055E-4
2440.29454     4.23122E-5
2440.3548      9.23569E-4
2440.41507     0.00198
2440.47533     0.00105
2440.5356      2.5434E-4
2440.59586     3.94597E-4
2440.65613     0.00138
2440.71639     0.00152
2440.77666    -2.63284E-6
2440.83692    -3.68376E-4
2440.89719     8.54881E-4
2440.95745     0.00161
2441.01772     9.17395E-4
2441.07798    -1.03348E-4
2441.13825    -1.90916E-5
2441.19851     0.00109
2441.25877     0.00107
2441.31904    -1.70321E-4
2441.3793     -3.78064E-4
2441.43957     5.64193E-4
2441.49983     0.00125
2441.5601      2.69706E-4
2441.62036    -5.13037E-4
2441.68063     2.2822E-4
2441.74089     0.00128
2441.80116     0.00104
2441.86142    -2.90092E-5
2441.92168    -8.37523E-5
2441.98195     0.00103
2442.04221     0.00148
2442.10248     7.85018E-4
2442.16274    -6.87248E-5
2442.22301     3.30532E-4
2442.28327     0.00141
2442.34354     0.00106
2442.4038      7.83027E-5
2442.46407     1.9156E-4
2442.52433     0.00125
2442.58459     0.0017
2442.64486     7.2133E-4
2442.70512     1.62587E-4
2442.76539     0.00109
2442.82565     0.00182
2442.88592     0.00104
2442.94618    -6.83855E-5
2443.00645    -1.51286E-5
2443.06671     0.00111
2443.12698     0.00146
2443.18724     5.93642E-4
2443.24751    -1.45101E-4
2443.30777     4.99156E-4
2443.36804     0.00142
2443.4283      0.00107
2443.48856     7.19263E-5
2443.54883     4.01832E-5
2443.60909     7.1944E-4
2443.66936     6.20697E-4
2443.72962    -6.11046E-4
2443.78989    -5.82789E-4
2443.85015     9.71468E-4
2443.91042     0.00138
2443.97068     3.88981E-4
2444.03095    -5.95762E-4
2444.09121    -1.98505E-4
2444.15148     7.06752E-4
2444.21174     3.22009E-4
2444.272       6.81266E-4
2444.33227     6.25225E-5
2444.39253     2.95779E-4
2444.4528     -3.49637E-5
2444.51306     3.37293E-4
2444.57333     4.8555E-4
2444.63359     3.43807E-4
2444.69386     0.00108
2444.75412     0.0019
2444.81439     0.00193
2444.87465     0.00197
2444.93491     0.00237
2444.99518     0.00244
2445.05544     6.81605E-4
2445.11571    -0.00134
2445.17597    -0.00223
2445.23624    -1.98624E-4
2445.2965      1.41632E-4
2445.35677    -0.00143
2445.41703     6.71146E-4
2445.4773      0.00131
2445.53756     0.00113
2445.59782    -7.62083E-4
2445.65809    -7.76826E-4
2445.71835     0.00165
2445.77862     0.00156
2445.83888     4.06944E-4
2445.89915     0.00101
2445.95941     0.00115
2446.01968     0.00114
2446.07994     4.15972E-4
2446.14021    -2.84771E-4
2446.20047    -0.00121
2446.26074    -4.93258E-4
2446.321       0.00127
2446.38127     0.00171
2446.44153     9.99513E-4
2446.50179     6.0177E-4
2446.56206     0.00191
2446.62232     0.00206
2446.68259     7.2154E-4
2446.74285     1.61797E-4
2446.80312     0.00113
2446.86338     0.00201
2446.92365     0.00113
2446.98391     1.56825E-4
2447.04418     6.43082E-4
2447.10444     0.00165
2447.16471     0.00167
2447.22497     5.49852E-4
2447.28523     2.07109E-4
2447.3455      0.00116
2447.40576     0.00191
2447.46603     0.00114
2447.52629    -1.08633E-5
2447.58656     3.67394E-4
2447.64682     0.00143
2447.70709     0.00132
2447.76735     2.23164E-4
2447.82762    -1.52579E-4
2447.88788     8.57678E-4
2447.94814     0.00146
2448.00841     6.92192E-4
2448.06867    -4.51552E-4
2448.12894     2.51705E-4
2448.1892      0.00131
2448.24947     8.08219E-4
2448.30973    -3.11524E-4
2448.37       -1.88267E-4
2448.43026     0.00106
2448.49053     0.00158
2448.55079     3.57503E-4
2448.61105    -2.1824E-4
2448.67132     7.04017E-4
2448.73158     0.0015
2448.79185     0.00114
2448.85211     7.27878E-5
2448.91238     4.14045E-4
2448.97264     0.00157
2449.03291     0.00182
2449.09317     7.21815E-4
2449.15344     8.07217E-6
2449.2137      8.49329E-4
2449.27397     0.0019
2449.33423     0.00138
2449.3945     -9.39003E-5
2449.45476    -1.36435E-5
2449.51502     0.0015
2449.57529     0.00162
2449.63555     2.50127E-4
2449.69582    -3.60616E-4
2449.75608     8.89641E-4
2449.81635     0.00168
2449.87661     6.60155E-4
2449.93688    -4.57588E-4
2449.99714    -3.50332E-4
