2250.03919     0.00212
2250.09946     0.00199
2250.15972     0.00132
2250.21999     0.00118
2250.28025     0.00183
2250.34051     0.00207
2250.40078     0.0015
2250.46104     0.00107
2250.52131     0.00151
2250.58157     0.00212
2250.64184     0.00181
2250.7021      0.00113
2250.76237     0.00114
2250.82263     0.00185
2250.8829      0.00211
2250.94316     0.00155
2251.00342     0.00118
2251.06369     0.00168
2251.12395     0.00227
2251.18422     0.00203
2251.24448     0.00136
2251.30475     0.00148
2251.36501     0.00222
2251.42528     0.0024
2251.48554     0.00182
2251.54581     0.00149
2251.60607     0.00202
2251.66633     0.00257
2251.7266      0.00218
2251.78686     0.00154
2251.84713     0.00165
2251.90739     0.00225
2251.96766     0.00232
2252.02792     0.0017
2252.08819     0.00141
2252.14845     0.0019
2252.20872     0.00228
2252.26898     0.00179
2252.32925     0.00123
2252.38951     0.00141
2252.44978     0.00202
2252.51004     0.00189
2252.5703      0.00114
2252.63057     9.9747E-4
2252.69083     0.00163
2252.7511      0.00206
2252.81136     0.00154
2252.87163     9.55522E-4
2252.93189     0.00127
2252.99216     0.00194
2253.05242     0.00189
2253.11269     0.00123
2253.17295     0.00121
2253.23322     0.00183
2253.29348     0.00212
2253.35374     0.00169
2253.41401     0.00127
2253.47427     0.00166
2253.53454     0.00229
2253.5948      0.00208
2253.65507     0.00148
2253.71533     0.00153
2253.7756      0.00212
2253.83586     0.00236
2253.89613     0.00181
2253.95639     0.00137
2254.01665     0.00182
2254.07692     0.0023
2254.13718     0.00196
2254.19745     0.00136
2254.25771     0.00144
2254.31798     0.00205
2254.37824     0.00208
2254.43851     0.00141
2254.49877     0.00112
2254.55904     0.00159
2254.6193      0.00197
2254.67956     0.00155
2254.73983     9.37577E-4
2254.80009     0.00106
2254.86036     0.00175
2254.92062     0.00181
2254.98089     0.00117
2255.04115     8.98585E-4
2255.10142     0.00141
2255.16168     0.0019
2255.22195     0.0015
2255.28221     9.98784E-4
2255.34248     0.00133
2255.40274     0.00189
2255.46301     0.00194
2255.52327     0.00129
2255.58353     0.0011
2255.6438      0.00178
2255.70406     0.00222
2255.76433     0.00183
2255.82459     0.00134
2255.88486     0.00176
2255.94512     0.00226
2256.00539     0.00214
2256.06565     0.00149
2256.12592     0.00132
2256.18618     0.00192
2256.24645     0.00231
2256.30671     0.00181
2256.36697     0.00127
2256.42724     0.00149
2256.4875      0.00214
2256.54777     0.00202
2256.60803     0.00127
2256.6683      0.00118
2256.72856     0.00183
2256.78883     0.00204
2256.84909     0.00141
2256.90935     9.9541E-4
2256.96962     0.00143
2257.02988     0.00192
2257.09015     0.00165
2257.15041     9.752E-4
2257.21068     9.66232E-4
2257.27094     0.00165
2257.33121     0.00184
2257.39147     0.00122
2257.45174     9.00064E-4
2257.512       0.00153
2257.57227     0.00203
2257.63253     0.00171
2257.69279     0.00119
2257.75306     0.00133
2257.81332     0.00199
2257.87359     0.0021
2257.93385     0.00152
2257.99412     0.00132
2258.05438     0.00188
2258.11465     0.00232
2258.17491     0.00188
2258.23518     0.00133
2258.29544     0.00155
2258.35571     0.00213
2258.41597     0.00207
2258.47624     0.00149
2258.5365      0.0013
2258.59676     0.00185
2258.65703     0.00219
2258.71729     0.00164
2258.77756     0.00105
2258.83782     0.00129
2258.89809     0.00188
2258.95835     0.00171
2259.01862     0.00107
2259.07888     9.6704E-4
2259.13915     0.00154
2259.19941     0.0018
2259.25967     0.00134
2259.31994     8.84849E-4
2259.3802      0.00118
2259.44047     0.00174
2259.50073     0.00161
2259.561       0.00102
2259.62126     0.00103
2259.68153     0.00172
2259.74179     0.00195
2259.80206     0.0014
2259.86232     0.00102
2259.92258     0.0015
2259.98285     0.00213
2260.04311     0.00187
2260.10338     0.00125
2260.16364     0.00138
2260.22391     0.00208
2260.28417     0.00226
2260.34444     0.00164
2260.4047      0.00128
2260.46497     0.0018
2260.52523     0.00231
2260.5855      0.00205
2260.64576     0.00141
2260.70603     0.00147
2260.76629     0.00219
2260.82656     0.00221
2260.88682     0.00149
2260.94708     0.00111
2261.00735     0.00166
2261.06761     0.0021
2261.12788     0.00163
2261.18814     0.00108
2261.24841     0.00122
2261.30867     0.00182
2261.36894     0.00178
2261.4292      0.00103
2261.48947     7.98514E-4
2261.54973     0.00141
2261.60999     0.00184
2261.67026     0.00138
2261.73052     7.73766E-4
2261.79079     0.00104
2261.85105     0.0018
2261.91132     0.00179
2261.97158     0.00119
2262.03185     0.0011
2262.09211     0.00187
2262.15238     0.00223
2262.21264     0.00168
2262.2729      0.0013
2262.33317     0.00172
2262.39343     0.00229
2262.4537      0.00216
2262.51396     0.00151
2262.57423     0.00145
2262.63449     0.00219
2262.69476     0.00243
2262.75502     0.00187
2262.81529     0.00141
2262.87555     0.00191
2262.93582     0.00242
2262.99608     0.00211
2263.05635     0.00146
2263.11661     0.00144
2263.17687     0.00193
2263.23714     0.00206
2263.2974      0.00144
2263.35767     0.001
2263.41793     0.00155
2263.4782      0.00206
2263.53846     0.00166
2263.59873     0.00101
2263.65899     0.00116
2263.71926     0.00182
2263.77952     0.00188
2263.83979     0.00129
2263.90005     9.79805E-4
2263.96031     0.00157
2264.02058     0.00214
2264.08084     0.00176
2264.14111     0.00118
2264.20137     0.00141
2264.26164     0.00209
2264.3219      0.00212
2264.38217     0.00156
2264.44243     0.00146
2264.5027      0.00202
2264.56296     0.00244
2264.62322     0.00206
2264.68349     0.00156
2264.74375     0.00182
2264.80402     0.00248
2264.86428     0.00248
2264.92455     0.00186
2264.98481     0.0017
2265.04508     0.00238
2265.10534     0.00272
2265.16561     0.00219
2265.22587     0.00166
2265.28613     0.00201
2265.3464      0.0026
2265.40666     0.00243
2265.46693     0.00184
2265.52719     0.00181
2265.58746     0.0024
2265.64772     0.00254
2265.70799     0.00182
2265.76825     0.0013
2265.82852     0.00169
2265.88878     0.00223
2265.94905     0.00195
2266.00931     0.00135
2266.06958     0.0014
2266.12984     0.00202
2266.1901      0.0022
2266.25037     0.00163
2266.31063     0.00132
2266.3709      0.00179
2266.43116     0.00231
2266.49143     0.002
2266.55169     0.0015
2266.61196     0.00167
2266.67222     0.00241
2266.73249     0.0026
2266.79275     0.00193
2266.85302     0.00161
2266.91328     0.00217
2266.97354     0.00265
2267.03381     0.00231
2267.09407     0.00165
2267.15434     0.00183
2267.2146      0.00253
2267.27487     0.00245
2267.33513     0.00173
2267.3954      0.00155
2267.45566     0.00208
2267.51593     0.0025
2267.57619     0.00206
2267.63645     0.00145
2267.69672     0.00171
2267.75698     0.00225
2267.81725     0.00213
2267.87751     0.00144
2267.93778     0.00118
2267.99804     0.00182
2268.05831     0.00225
2268.11857     0.0017
2268.17884     0.0012
2268.2391      0.00157
2268.29936     0.00225
2268.35963     0.00213
2268.41989     0.00152
2268.48016     0.00145
2268.54042     0.00212
2268.60069     0.00238
2268.66095     0.00191
2268.72122     0.00155
2268.78148     0.00193
2268.84175     0.00266
2268.90201     0.00253
2268.96228     0.00186
2269.02254     0.00183
2269.08281     0.00237
2269.14307     0.00263
2269.20333     0.00202
2269.2636      0.00159
2269.32386     0.00221
2269.38413     0.00275
2269.44439     0.00238
2269.50466     0.00166
2269.56492     0.00182
2269.62519     0.00249
2269.68545     0.00244
2269.74572     0.00165
2269.80598     0.00127
2269.86625     0.0018
2269.92651     0.00229
2269.98677     0.00194
2270.04704     0.00125
2270.1073      0.00143
2270.16757     0.00206
2270.22783     0.00205
2270.2881      0.0014
2270.34836     0.00119
2270.40863     0.00184
2270.46889     0.00224
2270.52916     0.00179
2270.58942     0.00127
2270.64968     0.0016
2270.70995     0.00227
2270.77021     0.00216
2270.83048     0.00151
2270.89074     0.00144
2270.95101     0.0021
2271.01127     0.00244
2271.07154     0.00197
2271.1318      0.0015
2271.19207     0.0019
2271.25233     0.00253
2271.31259     0.00236
2271.37286     0.00172
2271.43313     0.00168
2271.49339     0.00234
2271.55365     0.00257
2271.61392     0.00198
2271.67418     0.00151
2271.73445     0.00194
2271.79471     0.00251
2271.85498     0.00215
2271.91524     0.00142
2271.97551     0.00148
2272.03577     0.00212
2272.09604     0.0023
2272.1563      0.00169
2272.21656     0.00122
2272.27683     0.00164
2272.33709     0.00211
2272.39736     0.00179
2272.45762     0.00118
2272.51789     0.00132
2272.57815     0.00203
2272.63842     0.00211
2272.69868     0.00143
2272.75895     0.00114
2272.81921     0.00176
2272.87948     0.00234
2272.93974     0.00194
2273.          0.00139
2273.06027     0.00166
2273.12053     0.00233
2273.1808      0.00241
2273.24106     0.00186
2273.30133     0.00166
2273.36159     0.00227
2273.42186     0.00272
2273.48212     0.00234
2273.54239     0.00181
2273.60265     0.00205
2273.66291     0.00272
2273.72318     0.00269
2273.78344     0.00198
2273.84371     0.0017
2273.90397     0.00223
2273.96424     0.00263
2274.0245      0.00204
2274.08477     0.00155
2274.14503     0.00189
2274.2053      0.00244
2274.26556     0.00227
2274.32582     0.00162
2274.38609     0.00148
2274.44636     0.002
2274.50662     0.00232
2274.56688     0.00168
2274.62715     0.0014
2274.68741     0.00186
2274.74768     0.00242
2274.80794     0.00208
2274.86821     0.00144
2274.92847     0.0015
2274.98874     0.0021
2275.049       0.00237
2275.10927     0.00186
2275.16953     0.00162
2275.22979     0.00212
2275.29006     0.00263
2275.35032     0.00241
2275.41059     0.00184
2275.47085     0.00205
2275.53112     0.00279
2275.59138     0.00289
2275.65165     0.00237
2275.71191     0.00211
2275.77218     0.00259
2275.83244     0.00306
2275.89271     0.00277
2275.95297     0.00216
2276.01323     0.00227
2276.0735      0.00292
2276.13376     0.00295
2276.19403     0.00231
2276.25429     0.00214
2276.31456     0.00265
2276.37482     0.003
2276.43509     0.0026
2276.49535     0.00206
2276.55562     0.00223
2276.61588     0.00282
2276.67614     0.00283
2276.73641     0.00217
2276.79667     0.00205
2276.85694     0.00263
2276.9172      0.00297
2276.97747     0.00254
2277.03773     0.00204
2277.098       0.00238
2277.15826     0.00311
2277.21853     0.00304
2277.27879     0.00252
2277.33906     0.00255
2277.39932     0.00317
2277.45959     0.00352
2277.51985     0.00304
2277.58011     0.00261
2277.64038     0.00306
2277.70064     0.00378
2277.76091     0.00363
2277.82117     0.00304
2277.88144     0.00311
2277.9417      0.00385
2278.00197     0.00417
2278.06223     0.00359
2278.1225      0.00325
2278.18276     0.00369
2278.24303     0.00414
2278.30329     0.00388
2278.36355     0.00342
2278.42382     0.00357
2278.48408     0.00425
2278.54435     0.0043
2278.60461     0.00375
2278.66488     0.00349
2278.72514     0.004
2278.78541     0.00457
2278.84567     0.00421
2278.90594     0.00366
2278.9662      0.00393
2279.02646     0.00466
2279.08673     0.00485
2279.14699     0.00426
2279.20726     0.00413
2279.26752     0.00486
2279.32779     0.00534
2279.38805     0.00513
2279.44832     0.00478
2279.50858     0.00522
2279.56885     0.00615
2279.62911     0.00638
2279.68937     0.00601
2279.74964     0.00615
2279.8099      0.00717
2279.87017     0.00797
2279.93043     0.00793
2279.9907      0.00788
2280.05096     0.00869
2280.11123     0.00977
2280.17149     0.01008
2280.23176     0.00973
2280.29202     0.00968
2280.35229     0.01037
2280.41255     0.01061
2280.47282     0.01006
2280.53308     0.00959
2280.59334     0.00999
2280.65361     0.0107
2280.71387     0.0106
2280.77414     0.01024
2280.8344      0.01074
2280.89467     0.01198
2280.95493     0.01294
2281.0152      0.01321
2281.07546     0.01382
2281.13573     0.01541
2281.19599     0.0172
2281.25625     0.01836
2281.31652     0.01929
2281.37678     0.02084
2281.43705     0.023
2281.49731     0.02468
2281.55758     0.02544
2281.61784     0.02642
2281.67811     0.02826
2281.73837     0.03037
2281.79864     0.03176
2281.8589      0.03309
2281.91916     0.03554
2281.97943     0.03879
2282.03969     0.0418
2282.09996     0.0443
2282.16022     0.04728
2282.22049     0.05111
2282.28075     0.05474
2282.34102     0.05717
2282.40128     0.05882
2282.46155     0.06041
2282.52181     0.06146
2282.58208     0.06074
2282.64234     0.05841
2282.7026      0.05571
2282.76287     0.05316
2282.82313     0.04992
2282.8834      0.04595
2282.94366     0.04216
2283.00393     0.03938
2283.06419     0.03708
2283.12446     0.03411
2283.18472     0.03076
2283.24499     0.0282
2283.30525     0.02651
2283.36552     0.02469
2283.42578     0.02218
2283.48605     0.02007
2283.54631     0.01892
2283.60657     0.01807
2283.66684     0.01656
2283.7271      0.01467
2283.78737     0.01352
2283.84763     0.01304
2283.9079      0.0123
2283.96816     0.01088
2284.02843     0.00981
2284.08869     0.00966
2284.14896     0.00974
2284.20922     0.00904
2284.26948     0.00804
2284.32975     0.0079
2284.39001     0.00847
2284.45028     0.00858
2284.51054     0.00806
2284.57081     0.00788
2284.63107     0.00857
2284.69134     0.00931
2284.7516      0.00936
2284.81187     0.00921
2284.87213     0.00977
2284.93239     0.01068
2284.99266     0.01081
2285.05293     0.01009
2285.11319     0.00954
2285.17345     0.00956
2285.23372     0.00935
2285.29398     0.00831
2285.35425     0.0071
2285.41451     0.00676
2285.47478     0.00686
2285.53504     0.0063
2285.59531     0.00519
2285.65557     0.00463
2285.71584     0.00494
2285.7761      0.00505
2285.83636     0.00433
2285.89663     0.00363
2285.95689     0.00376
2286.01716     0.00418
2286.07742     0.00393
2286.13769     0.00311
2286.19795     0.00294
2286.25822     0.00345
2286.31848     0.00367
2286.37875     0.00323
2286.43901     0.00272
2286.49928     0.00301
2286.55954     0.00351
2286.6198      0.00334
2286.68007     0.00268
2286.74033     0.00256
2286.8006      0.00314
2286.86086     0.00316
2286.92113     0.00251
2286.98139     0.00208
2287.04166     0.00247
2287.10192     0.00297
2287.16219     0.00264
2287.22245     0.00188
2287.28271     0.00191
2287.34298     0.00238
2287.40324     0.00248
2287.46351     0.0019
2287.52377     0.00147
2287.58404     0.0017
2287.6443      0.00219
2287.70457     0.00198
2287.76483     0.00137
2287.8251      0.00128
2287.88536     0.00186
2287.94563     0.00203
2288.00589     0.00139
2288.06616     0.00111
2288.12642     0.00162
2288.18668     0.00211
2288.24695     0.00183
2288.30721     0.00138
2288.36748     0.0016
2288.42774     0.00226
2288.48801     0.00229
2288.54827     0.0016
2288.60854     0.00149
2288.6688      0.00207
2288.72907     0.00247
2288.78933     0.00209
2288.8496      0.00156
2288.90986     0.00184
2288.97012     0.0024
2289.03039     0.00229
2289.09065     0.00166
2289.15092     0.00159
2289.21118     0.00215
2289.27145     0.00239
2289.33171     0.00181
2289.39198     0.0013
2289.45224     0.00162
2289.51251     0.00218
2289.57277     0.00193
2289.63303     0.00124
2289.6933      0.00116
2289.75356     0.00175
2289.81383     0.00193
2289.87409     0.00131
2289.93436     9.52568E-4
2289.99462     0.0014
2290.05489     0.00188
2290.11515     0.00168
2290.17542     0.00107
2290.23568     0.00115
2290.29594     0.00179
2290.35621     0.00193
2290.41647     0.0014
2290.47674     0.0011
2290.537       0.00162
2290.59727     0.00212
2290.65753     0.00178
2290.7178      0.00125
2290.77806     0.00144
2290.83833     0.00212
2290.89859     0.00222
2290.95886     0.00158
2291.01912     0.0013
2291.07939     0.00189
2291.13965     0.00236
2291.19991     0.00192
2291.26018     0.00143
2291.32044     0.0017
2291.38071     0.00226
2291.44097     0.00225
2291.50124     0.00153
2291.5615      0.00123
2291.62177     0.00182
2291.68203     0.00216
2291.7423      0.00159
2291.80256     0.00101
2291.86283     0.00136
2291.92309     0.00205
2291.98335     0.00183
2292.04362     0.00115
2292.10388     0.00104
2292.16415     0.00157
2292.22441     0.00189
2292.28468     0.00135
2292.34494     9.32971E-4
2292.40521     0.00126
2292.46547     0.00182
2292.52574     0.00174
2292.586       0.00109
2292.64626     0.00112
2292.70653     0.00186
2292.76679     0.00214
2292.82706     0.00165
2292.88732     0.00137
2292.94759     0.00178
2293.00785     0.00229
2293.06812     0.00213
2293.12838     0.0015
2293.18865     0.00141
2293.24891     0.00203
2293.30917     0.00228
2293.36944     0.00161
2293.4297      0.00129
2293.48997     0.00187
2293.55023     0.0023
2293.6105      0.00179
2293.67076     0.00124
2293.73103     0.00144
2293.79129     0.00189
2293.85156     0.00205
2293.91182     0.00151
2293.97209     0.00114
2294.03235     0.00172
2294.09262     0.00209
2294.15288     0.0015
2294.21314     9.68198E-4
2294.27341     0.00122
2294.33367     0.00183
2294.39394     0.00175
2294.4542      0.00103
2294.51447     9.22142E-4
2294.57473     0.00171
2294.635       0.00209
2294.69526     0.00155
2294.75553     0.00106
2294.81579     0.0013
2294.87606     0.00195
2294.93632     0.00187
2294.99658     0.00128
2295.05685     0.00132
2295.11711     0.00197
2295.17738     0.00223
2295.23764     0.00171
2295.29791     0.00128
2295.35817     0.00167
2295.41844     0.00232
2295.4787      0.0022
2295.53897     0.00156
2295.59923     0.00153
2295.65949     0.00217
2295.71976     0.0024
2295.78002     0.00179
2295.84029     0.00132
2295.90055     0.00163
2295.96082     0.00216
2296.02108     0.00194
2296.08135     0.00128
2296.14161     0.00131
2296.20188     0.00193
2296.26214     0.00201
2296.3224      0.00137
2296.38267     9.98617E-4
2296.44293     0.00141
2296.5032      0.0019
2296.56346     0.00161
2296.62373     9.77618E-4
2296.68399     0.00109
2296.74426     0.00175
2296.80452     0.00183
2296.86479     0.00117
2296.92505     9.28703E-4
2296.98532     0.00152
2297.04558     0.00209
2297.10585     0.00174
2297.16611     0.00121
2297.22637     0.00143
2297.28664     0.00208
2297.3469      0.0021
2297.40717     0.00155
2297.46743     0.00134
2297.5277      0.0019
2297.58796     0.00231
2297.64823     0.00184
2297.70849     0.00132
2297.76876     0.00164
2297.82902     0.00225
2297.88929     0.0022
2297.94955     0.00149
2298.00981     0.00141
2298.07008     0.002
2298.13034     0.00227
2298.19061     0.00174
2298.25087     0.00125
2298.31114     0.00148
2298.3714      0.00194
2298.43167     0.00177
2298.49193     0.0011
2298.5522      0.00107
2298.61246     0.00167
2298.67272     0.00185
2298.73299     0.00131
2298.79325     8.20106E-4
2298.85352     0.00133
2298.91378     0.00182
2298.97405     0.00147
2299.03431     9.32189E-4
2299.09458     0.00101
2299.15484     0.0017
2299.21511     0.00184
2299.27537     0.00129
2299.33563     0.00113
2299.3959      0.00165
2299.45617     0.00225
2299.51643     0.00194
2299.57669     0.00136
2299.63696     0.00149
2299.69722     0.00211
2299.75749     0.00225
2299.81775     0.0017
2299.87802     0.0013
2299.93828     0.00184
2299.99855     0.00232
2300.05881     0.00188
2300.11908     0.00131
2300.17934     0.00158
2300.2396      0.00207
2300.29987     0.00205
2300.36013     0.00151
2300.4204      0.00133
2300.48066     0.00181
2300.54093     0.0021
2300.60119     0.00161
2300.66146     0.00108
2300.72172     0.0013
2300.78199     0.00196
2300.84225     0.00195
2300.90252     0.00119
2300.96278     9.43009E-4
2301.02304     0.00154
2301.08331     0.00194
2301.14357     0.00144
2301.20384     8.81082E-4
2301.2641      0.00123
2301.32437     0.00186
2301.38463     0.00179
2301.4449      0.00131
2301.50516     0.00124
2301.56543     0.00186
2301.62569     0.0022
2301.68595     0.00169
2301.74622     0.00131
2301.80648     0.00182
2301.86675     0.00238
2301.92701     0.00211
2301.98728     0.00153
2302.04754     0.00156
2302.10781     0.00217
2302.16807     0.0023
2302.22834     0.00165
2302.2886      0.00133
2302.34886     0.00184
2302.40913     0.00238
2302.4694      0.00214
2302.52966     0.00159
2302.58992     0.00164
2302.65019     0.00215
2302.71045     0.00211
2302.77072     0.00143
2302.83098     0.00104
2302.89125     0.00155
2302.95151     0.00192
2303.01178     0.00153
2303.07204     9.79681E-4
2303.13231     0.00114
2303.19257     0.00189
2303.25283     0.00181
2303.3131      0.00116
2303.37336     9.49092E-4
2303.43363     0.0015
2303.49389     0.002
2303.55416     0.00163
2303.61442     0.00115
2303.67469     0.00145
2303.73495     0.00206
2303.79522     0.00206
2303.85548     0.00151
2303.91574     0.00139
2303.97601     0.00201
2304.03627     0.00232
2304.09654     0.00181
2304.1568      0.00143
2304.21707     0.0018
2304.27733     0.0024
2304.3376      0.00222
2304.39786     0.0016
2304.45813     0.00154
2304.51839     0.0022
2304.57866     0.00246
2304.63892     0.00188
2304.69918     0.00146
2304.75945     0.00189
2304.81971     0.00241
2304.87998     0.00206
2304.94024     0.00132
2305.00051     0.00136
2305.06077     0.00192
2305.12104     0.00204
2305.1813      0.0014
2305.24157     9.96967E-4
2305.30183     0.00152
2305.3621      0.00198
2305.42236     0.00155
2305.48263     0.00105
2305.54289     0.00124
2305.60315     0.00189
2305.66342     0.00192
2305.72368     0.00131
2305.78395     0.00127
2305.84421     0.00181
2305.90448     0.00219
2305.96474     0.00191
2306.02501     0.00146
2306.08527     0.0017
2306.14554     0.00235
2306.2058      0.0023
2306.26606     0.00177
2306.32633     0.00158
2306.38659     0.00218
2306.44686     0.00257
2306.50712     0.00216
2306.56739     0.00169
2306.62765     0.00185
2306.68792     0.00258
2306.74818     0.00256
2306.80845     0.00179
2306.86871     0.00159
2306.92897     0.00215
2306.98924     0.00242
2307.0495      0.00185
2307.10977     0.00121
2307.17003     0.0016
2307.2303      0.00226
2307.29056     0.0021
2307.35083     0.0014
2307.41109     0.0013
2307.47136     0.00194
2307.53162     0.00225
2307.59189     0.00166
2307.65215     0.00129
2307.71242     0.00186
2307.77268     0.00239
2307.83294     0.00211
2307.89321     0.00142
2307.95347     0.00151
2308.01374     0.00219
2308.074       0.0024
2308.13427     0.00184
2308.19453     0.00157
2308.2548      0.00207
2308.31506     0.00261
2308.37533     0.00236
2308.43559     0.00178
2308.49586     0.00196
2308.55612     0.00262
2308.61638     0.00267
2308.67665     0.00199
2308.73691     0.00168
2308.79718     0.00223
2308.85744     0.00274
2308.91771     0.00243
2308.97797     0.00195
2309.03824     0.00213
2309.0985      0.00263
2309.15877     0.00258
2309.21903     0.00191
2309.27929     0.00164
2309.33956     0.00212
2309.39982     0.0024
2309.46009     0.00197
2309.52035     0.00151
2309.58062     0.00182
2309.64088     0.00241
2309.70115     0.00225
2309.76141     0.00154
2309.82168     0.00144
2309.88194     0.0021
2309.9422      0.00249
2310.00247     0.00199
2310.06274     0.00155
2310.123       0.0019
2310.18326     0.00246
2310.24353     0.00229
2310.30379     0.00174
2310.36406     0.00186
2310.42432     0.00246
2310.48459     0.0027
2310.54485     0.00224
2310.60512     0.00187
2310.66538     0.00234
2310.72565     0.00294
2310.78591     0.0027
2310.84617     0.00208
2310.90644     0.00219
2310.9667      0.00288
2311.02697     0.00303
2311.08723     0.00242
2311.1475      0.00219
2311.20776     0.00261
2311.26803     0.003
2311.32829     0.00261
2311.38856     0.0019
2311.44882     0.00198
2311.50909     0.00265
2311.56935     0.00266
2311.62961     0.00198
2311.68988     0.00177
2311.75014     0.00227
2311.81041     0.00275
2311.87067     0.00233
2311.93094     0.00172
2311.9912      0.00192
2312.05147     0.00248
2312.11173     0.00255
2312.172       0.00202
2312.23226     0.00177
2312.29252     0.0025
2312.35279     0.00305
2312.41305     0.00249
2312.47332     0.00212
2312.53358     0.00248
2312.59385     0.00285
2312.65411     0.00281
2312.71438     0.00241
2312.77464     0.0024
2312.83491     0.00302
2312.89517     0.00347
2312.95543     0.00295
2313.0157      0.00226
2313.07597     0.00241
2313.13623     0.00317
2313.19649     0.00322
2313.25676     0.00261
2313.31702     0.00254
2313.37729     0.00314
2313.43755     0.00332
2313.49782     0.00266
2313.55808     0.00228
2313.61835     0.00256
2313.67861     0.00319
2313.73888     0.00296
2313.79914     0.00227
2313.85941     0.00226
2313.91967     0.00289
2313.97993     0.00307
2314.0402      0.00249
2314.10046     0.00207
2314.16073     0.00255
2314.22099     0.00311
2314.28126     0.00291
2314.34152     0.00224
2314.40179     0.00231
2314.46205     0.00306
2314.52232     0.00325
2314.58258     0.00264
2314.64284     0.00239
2314.70311     0.00295
2314.76337     0.00344
2314.82364     0.00315
2314.8839      0.00265
2314.94417     0.00298
2315.00443     0.00374
2315.0647      0.00363
2315.12496     0.00283
2315.18523     0.00286
2315.24549     0.0037
2315.30575     0.00402
2315.36602     0.00345
2315.42628     0.0029
2315.48655     0.00319
2315.54681     0.00377
2315.60708     0.00372
2315.66734     0.00306
2315.72761     0.00283
2315.78787     0.00334
2315.84814     0.00362
2315.9084      0.0031
2315.96867     0.00262
2316.02893     0.00304
2316.0892      0.00368
2316.14946     0.00351
2316.20972     0.00284
2316.26999     0.00278
2316.33025     0.00343
2316.39052     0.00378
2316.45078     0.00329
2316.51105     0.00278
2316.57131     0.00323
2316.63158     0.00386
2316.69184     0.00373
2316.75211     0.00315
2316.81237     0.00318
2316.87264     0.00396
2316.9329      0.00438
2316.99316     0.00378
2317.05343     0.00312
2317.11369     0.00324
2317.17396     0.00385
2317.23422     0.00398
2317.29449     0.00359
2317.35475     0.0037
2317.41502     0.00433
2317.47528     0.00443
2317.53555     0.00383
2317.59581     0.0036
2317.65607     0.00412
2317.71634     0.00454
2317.7766      0.00413
2317.83687     0.00356
2317.89713     0.00379
2317.9574      0.00445
2318.01766     0.00442
2318.07793     0.00379
2318.13819     0.00349
2318.19846     0.00402
2318.25872     0.00437
2318.31898     0.00396
2318.37925     0.00343
2318.43951     0.00367
2318.49978     0.00442
2318.56004     0.00445
2318.62031     0.0038
2318.68057     0.0037
2318.74084     0.00439
2318.8011      0.00483
2318.86137     0.0043
2318.92163     0.0038
2318.9819      0.00413
2319.04216     0.00469
2319.10243     0.00424
2319.16269     0.0038
2319.22295     0.00449
2319.28322     0.00532
2319.34348     0.00539
2319.40375     0.00464
2319.46401     0.00424
2319.52428     0.00483
2319.58454     0.00552
2319.64481     0.00545
2319.70507     0.00477
2319.76534     0.00476
2319.8256      0.00543
2319.88587     0.00561
2319.94613     0.00503
2320.00639     0.00465
2320.06666     0.00512
2320.12692     0.0057
2320.18719     0.00545
2320.24745     0.00486
2320.30772     0.00491
2320.36798     0.00553
2320.42825     0.0056
2320.48851     0.00499
2320.54878     0.00467
2320.60904     0.00525
2320.6693      0.0059
2320.72957     0.00555
2320.78983     0.00489
2320.8501      0.00526
2320.91036     0.00621
2320.97063     0.0061
2321.03089     0.00482
2321.09116     0.00435
2321.15142     0.00573
2321.21169     0.00646
2321.27195     0.00603
2321.33221     0.0056
2321.39248     0.00595
2321.45274     0.00662
2321.51301     0.00665
2321.57327     0.00606
2321.63354     0.00599
2321.6938      0.00667
2321.75407     0.00704
2321.81433     0.00662
2321.8746      0.00624
2321.93486     0.00665
2321.99513     0.0073
2322.05539     0.00717
2322.11566     0.00652
2322.17592     0.0065
2322.23618     0.00719
2322.29645     0.00743
2322.35671     0.00697
2322.41698     0.00667
2322.47724     0.00708
2322.53751     0.00761
2322.59777     0.00742
2322.65804     0.00673
2322.7183      0.00675
2322.77857     0.00766
2322.83883     0.00819
2322.8991      0.00738
2322.95936     0.00607
2323.01962     0.00598
2323.07989     0.00731
2323.14015     0.00756
2323.20042     0.0071
2323.26068     0.00744
2323.32095     0.0082
2323.38121     0.00845
2323.44148     0.00797
2323.50174     0.00781
2323.56201     0.00848
2323.62227     0.00899
2323.68253     0.00863
2323.7428      0.00816
2323.80306     0.00845
2323.86333     0.00922
2323.92359     0.00933
2323.98386     0.0088
2324.04412     0.00863
2324.10439     0.00929
2324.16465     0.00989
2324.22492     0.00961
2324.28518     0.00909
2324.34544     0.00936
2324.40571     0.01012
2324.46598     0.01028
2324.52624     0.00966
2324.5865      0.00956
2324.64677     0.01034
2324.70703     0.01091
2324.7673      0.0105
2324.82756     0.00941
2324.88783     0.00847
2324.94809     0.0088
2325.00836     0.01004
2325.06862     0.01008
2325.12889     0.01053
2325.18915     0.01142
2325.24941     0.01159
2325.30968     0.01121
2325.36994     0.01104
2325.43021     0.01161
2325.49047     0.01227
2325.55074     0.0122
2325.611       0.01173
2325.67127     0.01214
2325.73153     0.01301
2325.7918      0.01343
2325.85206     0.01313
2325.91232     0.0131
2325.97259     0.01402
2326.03285     0.01485
2326.09312     0.01493
2326.15338     0.01477
2326.21365     0.0153
2326.27391     0.01649
2326.33418     0.01727
2326.39444     0.01722
2326.45471     0.01751
2326.51497     0.01877
2326.57524     0.02028
2326.6355      0.0209
2326.69576     0.0207
2326.75603     0.02097
2326.81629     0.02263
2326.87656     0.02523
2326.93682     0.02619
2326.99709     0.02631
2327.05735     0.02669
2327.11762     0.02664
2327.17788     0.0256
2327.23815     0.02441
2327.29841     0.0241
2327.35867     0.02432
2327.41894     0.024
2327.47921     0.02297
2327.53947     0.02246
2327.59973     0.02274
2327.66        0.02275
2327.72026     0.02193
2327.78053     0.0211
2327.84079     0.0212
2327.90106     0.02175
2327.96132     0.02161
2328.02159     0.02096
2328.08185     0.02096
2328.14212     0.02174
2328.20238     0.02224
2328.26264     0.02189
2328.32291     0.02163
2328.38317     0.0223
2328.44344     0.02323
2328.5037      0.02317
2328.56397     0.02185
2328.62423     0.0209
2328.6845      0.02179
2328.74476     0.0237
2328.80503     0.02388
2328.86529     0.02381
2328.92555     0.02444
2328.98582     0.02516
2329.04608     0.02501
2329.10635     0.02459
2329.16661     0.02495
2329.22688     0.02595
2329.28714     0.02651
2329.34741     0.02618
2329.40767     0.02613
2329.46794     0.02692
2329.5282      0.02771
2329.58847     0.02771
2329.64873     0.0275
2329.709       0.02798
2329.76926     0.029
2329.82952     0.02952
2329.88979     0.0294
2329.95005     0.02955
2330.01032     0.03041
2330.07058     0.0313
2330.13085     0.03131
2330.19111     0.03108
2330.25138     0.03171
2330.31164     0.03284
2330.37191     0.03297
2330.43217     0.03185
2330.49244     0.03158
2330.5527      0.03412
2330.61296     0.0354
2330.67323     0.03503
2330.73349     0.03493
2330.79376     0.03541
2330.85402     0.03635
2330.91429     0.03659
2330.97455     0.03623
2331.03482     0.03649
2331.09508     0.03747
2331.15535     0.03814
2331.21561     0.03794
2331.27587     0.03792
2331.33614     0.0386
2331.3964      0.03957
2331.45667     0.03979
2331.51693     0.0395
2331.5772      0.03984
2331.63746     0.04097
2331.69773     0.04164
2331.75799     0.0416
2331.81826     0.04183
2331.87852     0.04254
2331.93878     0.04356
2331.99905     0.04377
2332.05931     0.04348
2332.11958     0.04386
2332.17984     0.04484
2332.24011     0.0451
2332.30037     0.04478
2332.36064     0.04719
2332.4209      0.04903
2332.48117     0.04906
2332.54143     0.04882
2332.6017      0.04868
2332.66196     0.04945
2332.72223     0.05043
2332.78249     0.05094
2332.84275     0.05091
2332.90302     0.0512
2332.96328     0.05223
2333.02355     0.0532
2333.08381     0.05335
2333.14408     0.05332
2333.20434     0.05405
2333.26461     0.05519
2333.32487     0.05576
2333.38514     0.05571
2333.4454      0.05619
2333.50567     0.05739
2333.56593     0.05838
2333.62619     0.05845
2333.68646     0.0585
2333.74672     0.05945
2333.80699     0.06065
2333.86725     0.06116
2333.92752     0.06073
2333.98778     0.0605
2334.04805     0.06131
2334.10831     0.06341
2334.16858     0.06618
2334.22884     0.06691
2334.2891      0.06719
2334.34937     0.068
2334.40963     0.0683
2334.4699      0.06834
2334.53016     0.0691
2334.59043     0.07045
2334.65069     0.07142
2334.71096     0.07169
2334.77122     0.07216
2334.83149     0.0734
2334.89175     0.07478
2334.95201     0.07536
2335.01228     0.07561
2335.07255     0.07652
2335.13281     0.07803
2335.19307     0.0791
2335.25334     0.07948
2335.3136      0.08
2335.37387     0.0813
2335.43413     0.08276
2335.4944      0.08331
2335.55466     0.08336
2335.61493     0.0842
2335.67519     0.08549
2335.73546     0.08626
2335.79572     0.08672
2335.85598     0.08929
2335.91625     0.09408
2335.97651     0.09562
2336.03678     0.09515
2336.09704     0.09505
2336.15731     0.09605
2336.21757     0.09775
2336.27784     0.09881
2336.3381      0.09926
2336.39837     0.10021
2336.45863     0.10209
2336.5189      0.10387
2336.57916     0.1048
2336.63942     0.10558
2336.69969     0.10723
2336.75995     0.10928
2336.82022     0.11063
2336.88048     0.11153
2336.94075     0.113
2337.00101     0.1151
2337.06128     0.11694
2337.12154     0.11792
2337.18181     0.11891
2337.24207     0.12064
2337.30233     0.12256
2337.3626      0.12365
2337.42286     0.12395
2337.48313     0.12486
2337.54339     0.12825
2337.60366     0.13437
2337.66392     0.1398
2337.72419     0.14068
2337.78445     0.14117
2337.84472     0.14261
2337.90498     0.14351
2337.96524     0.14438
2338.02551     0.14648
2338.08578     0.14913
2338.14604     0.15149
2338.2063      0.1529
2338.26657     0.15466
2338.32683     0.15738
2338.3871      0.16018
2338.44736     0.1624
2338.50763     0.16438
2338.56789     0.16688
2338.62816     0.16997
2338.68842     0.1727
2338.74869     0.17489
2338.80895     0.17727
2338.86921     0.18033
2338.92948     0.18342
2338.98974     0.18572
2339.05001     0.18737
2339.11027     0.18938
2339.17054     0.1925
2339.2308      0.19673
2339.29107     0.20378
2339.35133     0.2139
2339.4116      0.21918
2339.47186     0.22024
2339.53213     0.22159
2339.59239     0.22401
2339.65265     0.22746
2339.71292     0.23149
2339.77318     0.2353
2339.83345     0.23873
2339.89371     0.24281
2339.95398     0.24757
2340.01424     0.25216
2340.07451     0.25629
2340.13477     0.26052
2340.19504     0.26566
2340.2553      0.27121
2340.31556     0.2764
2340.37583     0.28127
2340.43609     0.2868
2340.49636     0.29274
2340.55662     0.29858
2340.61689     0.30383
2340.67715     0.30881
2340.73742     0.31427
2340.79768     0.31964
2340.85795     0.32474
2340.91821     0.33165
2340.97848     0.34488
2341.03874     0.36359
2341.09901     0.37553
2341.15927     0.38102
2341.21953     0.38659
2341.2798      0.39388
2341.34006     0.40216
2341.40033     0.41026
2341.46059     0.41911
2341.52086     0.42877
2341.58112     0.43904
2341.64139     0.44946
2341.70165     0.45962
2341.76192     0.47045
2341.82218     0.48254
2341.88245     0.4951
2341.94271     0.50718
2342.00297     0.51916
2342.06324     0.53165
2342.1235      0.54487
2342.18377     0.55827
2342.24403     0.57097
2342.3043      0.58372
2342.36456     0.59651
2342.42483     0.60843
2342.48509     0.61893
2342.54536     0.63034
2342.60562     0.64773
2342.66588     0.67459
2342.72615     0.70313
2342.78641     0.7204
2342.84668     0.73156
2342.90694     0.74311
2342.96721     0.7555
2343.02747     0.76634
2343.08774     0.77661
2343.148       0.78724
2343.20827     0.79698
2343.26853     0.8053
2343.32879     0.81302
2343.38906     0.81996
2343.44932     0.82499
2343.50959     0.82816
2343.56985     0.82951
2343.63012     0.83064
2343.69038     0.83088
2343.75065     0.82995
2343.81091     0.82861
2343.87118     0.82593
2343.93144     0.82245
2343.99171     0.81903
2344.05197     0.81446
2344.11224     0.80733
2344.1725      0.8015
2344.23276     0.79891
2344.29303     0.8014
2344.35329     0.80452
2344.41356     0.8022
2344.47382     0.79717
2344.53409     0.79162
2344.59435     0.78642
2344.65462     0.78073
2344.71488     0.77594
2344.77515     0.77264
2344.83541     0.76994
2344.89568     0.76586
2344.95594     0.76131
2345.0162      0.75751
2345.07647     0.75391
2345.13673     0.75012
2345.197       0.74581
2345.25726     0.74216
2345.31753     0.73887
2345.37779     0.73592
2345.43806     0.73295
2345.49832     0.72926
2345.55859     0.72603
2345.61885     0.7223
2345.67911     0.71743
2345.73938     0.71239
2345.79964     0.70841
2345.85991     0.70684
2345.92017     0.70801
2345.98044     0.70895
2346.0407      0.70565
2346.10097     0.70153
2346.16123     0.69844
2346.2215      0.69524
2346.28176     0.69136
2346.34202     0.6873
2346.40229     0.6841
2346.46255     0.68052
2346.52282     0.67624
2346.58308     0.67218
2346.64335     0.66878
2346.70361     0.66548
2346.76388     0.66177
2346.82414     0.65786
2346.88441     0.65472
2346.94467     0.65188
2347.00494     0.64823
2347.0652      0.64398
2347.12547     0.63966
2347.18573     0.63571
2347.24599     0.63176
2347.30626     0.62656
2347.36652     0.62146
2347.42679     0.61805
2347.48705     0.61654
2347.54732     0.61508
2347.60758     0.61201
2347.66785     0.60796
2347.72811     0.604
2347.78838     0.59978
2347.84864     0.59542
2347.9089      0.59067
2347.96917     0.58652
2348.02943     0.5829
2348.0897      0.57874
2348.14996     0.57401
2348.21023     0.57021
2348.27049     0.56695
2348.33076     0.56325
2348.39102     0.55889
2348.45129     0.55397
2348.51155     0.55004
2348.57181     0.54654
2348.63208     0.5424
2348.69234     0.53791
2348.75261     0.53356
2348.81287     0.52993
2348.87314     0.52638
2348.9334      0.5225
2348.99367     0.51828
2349.05393     0.51442
2349.1142      0.51108
2349.17446     0.50692
2349.23473     0.50242
2349.29499     0.49839
2349.35525     0.49482
2349.41552     0.49083
2349.47578     0.48648
2349.53605     0.48232
2349.59631     0.47915
2349.65658     0.47604
2349.71684     0.4718
2349.77711     0.46767
2349.83737     0.46461
2349.89764     0.46223
2349.9579      0.45887
2350.01817     0.45418
2350.07843     0.44989
2350.1387      0.44659
2350.19896     0.44374
2350.25922     0.44053
2350.31949     0.43694
2350.37975     0.43337
2350.44002     0.43043
2350.50028     0.42685
2350.56055     0.42254
2350.62081     0.41867
2350.68108     0.41573
2350.74134     0.4129
2350.80161     0.40942
2350.86187     0.40578
2350.92213     0.40294
2350.9824      0.40045
2351.04266     0.39704
2351.10293     0.39255
2351.16319     0.38837
2351.22346     0.38516
2351.28372     0.38247
2351.34399     0.38027
2351.40425     0.3783
2351.46452     0.37658
2351.52478     0.37442
2351.58505     0.37176
2351.64531     0.36846
2351.70558     0.36548
2351.76584     0.36305
2351.8261      0.36067
2351.88637     0.3577
2351.94663     0.35448
2352.0069      0.35196
2352.06716     0.3499
2352.12743     0.34743
2352.18769     0.34464
2352.24796     0.34236
2352.30822     0.34047
2352.36849     0.33807
2352.42875     0.33508
2352.48902     0.33222
2352.54928     0.32987
2352.60954     0.32761
2352.66981     0.32434
2352.73007     0.32046
2352.79034     0.3179
2352.8506      0.31757
2352.91087     0.31792
2352.97113     0.31702
2353.0314      0.31474
2353.09166     0.31269
2353.15193     0.31073
2353.21219     0.30821
2353.27245     0.30538
2353.33272     0.3033
2353.39298     0.30212
2353.45325     0.3006
2353.51351     0.29831
2353.57378     0.296
2353.63404     0.29441
2353.69431     0.2931
2353.75457     0.29096
2353.81484     0.28851
2353.8751      0.28677
2353.93536     0.28554
2353.99563     0.28361
2354.05589     0.28089
2354.11616     0.27836
2354.17642     0.27646
2354.23669     0.27464
2354.29695     0.27279
2354.35722     0.27202
2354.41748     0.27305
2354.47775     0.27322
2354.53801     0.27133
2354.59828     0.26909
2354.65854     0.26736
2354.71881     0.26649
2354.77907     0.26535
2354.83933     0.26341
2354.8996      0.26145
2354.95986     0.26018
2355.02013     0.25932
2355.08039     0.25776
2355.14066     0.25565
2355.20092     0.2541
2355.26119     0.25318
2355.32145     0.25213
2355.38172     0.25024
2355.44198     0.24824
2355.50225     0.2468
2355.56251     0.24551
2355.62277     0.24302
2355.68304     0.23999
2355.7433      0.23828
2355.80357     0.23847
2355.86383     0.23965
2355.9241      0.24009
2355.98436     0.23923
2356.04463     0.2383
2356.10489     0.23743
2356.16516     0.23586
2356.22542     0.23402
2356.28568     0.23288
2356.34595     0.2324
2356.40621     0.2314
2356.46648     0.2296
2356.52674     0.22829
2356.58701     0.2278
2356.64727     0.22726
2356.70754     0.2258
2356.7678      0.22404
2356.82807     0.22318
2356.88833     0.22251
2356.94859     0.22104
2357.00886     0.21864
2357.06912     0.2163
2357.12939     0.21495
2357.18965     0.21409
2357.24992     0.2141
2357.31018     0.21598
2357.37045     0.21681
2357.43071     0.21605
2357.49098     0.21466
2357.55124     0.21283
2357.61151     0.21155
2357.67177     0.21106
2357.73204     0.21048
2357.7923      0.20924
2357.85256     0.20793
2357.91283     0.20725
2357.97309     0.20695
2358.03336     0.20602
2358.09362     0.20442
2358.15389     0.20333
2358.21415     0.20299
2358.27442     0.20243
2358.33468     0.20081
2358.39495     0.19893
2358.45521     0.19772
2358.51548     0.19672
2358.57574     0.19533
2358.636       0.19409
2358.69627     0.19585
2358.75653     0.19831
2358.8168      0.19777
2358.87706     0.1964
2358.93733     0.19532
2358.99759     0.19503
2359.05786     0.19485
2359.11812     0.19376
2359.17839     0.19236
2359.23865     0.19174
2359.29891     0.19167
2359.35918     0.19111
2359.41944     0.18987
2359.47971     0.18895
2359.53997     0.18871
2359.60024     0.18844
2359.6605      0.18726
2359.72077     0.18554
2359.78103     0.18456
2359.8413      0.18401
2359.90156     0.18266
2359.96182     0.18036
2360.02209     0.17951
2360.08235     0.18241
2360.14262     0.18451
2360.20288     0.18352
2360.26315     0.18232
2360.32341     0.18201
2360.38368     0.18203
2360.44394     0.18137
2360.50421     0.18016
2360.56447     0.17956
2360.62474     0.1797
2360.685       0.17955
2360.74527     0.1786
2360.80553     0.17761
2360.86579     0.17739
2360.92606     0.17751
2360.98632     0.17693
2361.04659     0.17561
2361.10685     0.17462
2361.16712     0.17429
2361.22738     0.17349
2361.28765     0.17146
2361.34791     0.16994
2361.40818     0.17104
2361.46844     0.17426
2361.52871     0.17462
2361.58897     0.17346
2361.64923     0.17286
2361.7095      0.1729
2361.76976     0.17274
2361.83003     0.17167
2361.89029     0.17069
2361.95056     0.17059
2362.01082     0.17078
2362.07109     0.17023
2362.13135     0.16917
2362.19162     0.16873
2362.25188     0.16891
2362.31214     0.1686
2362.37241     0.16736
2362.43267     0.16635
2362.49294     0.16593
2362.5532      0.16547
2362.61347     0.16436
2362.67373     0.16284
2362.734       0.16321
2362.79426     0.16631
2362.85453     0.16729
2362.91479     0.16615
2362.97505     0.16544
2363.03532     0.16554
2363.09559     0.16571
2363.15585     0.16507
2363.21611     0.16414
2363.27638     0.16406
2363.33664     0.16436
2363.39691     0.16392
2363.45717     0.16306
2363.51744     0.16249
2363.5777      0.16252
2363.63797     0.16253
2363.69823     0.16157
2363.7585      0.16025
2363.81876     0.15961
2363.87902     0.15945
2363.93929     0.15876
2363.99955     0.15756
2364.05982     0.15863
2364.12008     0.16131
2364.18035     0.16133
2364.24061     0.16009
2364.30088     0.15927
2364.36114     0.15931
2364.42141     0.15951
2364.48167     0.15894
2364.54194     0.15797
2364.6022      0.1576
2364.66246     0.15795
2364.72273     0.15796
2364.78299     0.15714
2364.84326     0.15641
2364.90352     0.15648
2364.96379     0.15638
2365.02405     0.15552
2365.08432     0.15427
2365.14458     0.15348
2365.20485     0.15342
2365.26511     0.15312
2365.32537     0.15306
2365.38564     0.15541
2365.4459      0.15641
2365.50617     0.15581
2365.56643     0.15487
2365.6267      0.15397
2365.68696     0.15379
2365.74723     0.15393
2365.80749     0.15374
2365.86776     0.15293
2365.92802     0.15229
2365.98828     0.15237
2366.04855     0.15247
2366.10882     0.15171
2366.16908     0.15062
2366.22934     0.15036
2366.28961     0.15053
2366.34987     0.14974
2366.41014     0.14806
2366.4704      0.14681
2366.53067     0.14679
2366.59093     0.14779
2366.6512      0.14909
2366.71146     0.14904
2366.77173     0.14876
2366.83199     0.14872
2366.89226     0.14819
2366.95252     0.14733
2367.01278     0.14686
2367.07305     0.14695
2367.13331     0.14692
2367.19358     0.1461
2367.25384     0.14528
2367.31411     0.1453
2367.37437     0.14553
2367.43464     0.14495
2367.4949      0.14386
2367.55517     0.14315
2367.61543     0.14305
2367.67569     0.14271
2367.73596     0.14151
2367.79622     0.14086
2367.85649     0.14254
2367.91675     0.14392
2367.97702     0.14297
2368.03728     0.14185
2368.09755     0.14138
2368.15781     0.14147
2368.21808     0.14107
2368.27834     0.13997
2368.3386      0.13924
2368.39887     0.13923
2368.45913     0.1392
2368.5194      0.1385
2368.57966     0.13753
2368.63993     0.1371
2368.70019     0.1371
2368.76046     0.13655
2368.82072     0.13511
2368.88099     0.13392
2368.94125     0.1339
2369.00152     0.1344
2369.06178     0.13474
2369.12205     0.13494
2369.18231     0.13458
2369.24257     0.13435
2369.30284     0.13378
2369.3631      0.13272
2369.42337     0.13217
2369.48363     0.13226
2369.5439      0.1322
2369.60416     0.13142
2369.66443     0.13055
2369.72469     0.13047
2369.78496     0.13057
2369.84522     0.12994
2369.90549     0.12869
2369.96575     0.12785
2370.02601     0.12779
2370.08628     0.12759
2370.14654     0.12669
2370.20681     0.12632
2370.26707     0.12731
2370.32734     0.12764
2370.3876      0.12664
2370.44787     0.12542
2370.50813     0.12486
2370.56839     0.12491
2370.62866     0.12457
2370.68892     0.12343
2370.74919     0.12245
2370.80945     0.12249
2370.86972     0.12258
2370.92998     0.12177
2370.99025     0.12053
2371.05051     0.11996
2371.11078     0.12005
2371.17104     0.11967
2371.23131     0.11831
2371.29157     0.11733
2371.35183     0.11771
2371.4121      0.11849
2371.47236     0.11814
2371.53263     0.11702
2371.59289     0.11656
2371.65316     0.1168
2371.71342     0.11646
2371.77369     0.11536
2371.83395     0.11465
2371.89422     0.11477
2371.95448     0.11483
2372.01475     0.11401
2372.07501     0.11295
2372.13528     0.11271
2372.19554     0.11287
2372.2558      0.11227
2372.31607     0.11094
2372.37633     0.11011
2372.4366      0.1104
2372.49686     0.11092
2372.55713     0.1106
2372.61739     0.10984
2372.67766     0.1094
2372.73792     0.1094
2372.79819     0.10885
2372.85845     0.10768
2372.91871     0.10708
2372.97898     0.1072
2373.03924     0.10701
2373.09951     0.10608
2373.15977     0.10515
2373.22004     0.10499
2373.2803      0.10511
2373.34057     0.10445
2373.40083     0.1032
2373.4611      0.10259
2373.52136     0.10312
2373.58162     0.10338
2373.64189     0.10287
2373.70215     0.1026
2373.76242     0.10245
2373.82268     0.10224
2373.88295     0.10154
2373.94321     0.10052
2374.00348     0.10012
2374.06374     0.10036
2374.12401     0.1002
2374.18427     0.09928
2374.24454     0.09845
2374.3048      0.09841
2374.36507     0.09851
2374.42533     0.09783
2374.48559     0.09675
2374.54586     0.09631
2374.60612     0.09673
2374.66639     0.09693
2374.72665     0.09618
2374.78692     0.09551
2374.84718     0.09538
2374.90745     0.09524
2374.96771     0.09445
2375.02798     0.09342
2375.08824     0.09303
2375.14851     0.09316
2375.20877     0.0926
2375.26903     0.09145
2375.3293      0.09078
2375.38956     0.09096
2375.44983     0.09095
2375.51009     0.08996
2375.57036     0.08881
2375.63062     0.08853
2375.69089     0.08901
2375.75115     0.08893
2375.81142     0.08788
2375.87168     0.08712
2375.93194     0.08707
2375.99221     0.08693
2376.05247     0.08607
2376.11274     0.08518
2376.173       0.08491
2376.23327     0.08496
2376.29353     0.0843
2376.3538      0.0833
2376.41406     0.08272
2376.47433     0.08278
2376.53459     0.08255
2376.59486     0.08135
2376.65512     0.08049
2376.71539     0.08042
2376.77565     0.0807
2376.83591     0.07996
2376.89618     0.07852
2376.95644     0.07795
2377.01671     0.07793
2377.07697     0.07749
2377.13724     0.07627
2377.1975      0.07534
2377.25777     0.07518
2377.31803     0.07507
2377.3783      0.07412
2377.43856     0.07287
2377.49883     0.07243
2377.55909     0.07238
2377.61935     0.07171
2377.67962     0.07056
2377.73988     0.0698
2377.80015     0.06994
2377.86041     0.06982
2377.92068     0.06875
2377.98094     0.06748
2378.04121     0.06699
2378.10147     0.06702
2378.16174     0.06644
2378.222       0.06523
2378.28226     0.06441
2378.34253     0.06434
2378.40279     0.06417
2378.46306     0.06313
2378.52332     0.06196
2378.58359     0.06155
2378.64385     0.06167
2378.70412     0.06113
2378.76438     0.06006
2378.82465     0.05948
2378.88491     0.05923
2378.94517     0.05879
2379.00544     0.0576
2379.0657      0.05644
2379.12597     0.05616
2379.18623     0.05606
2379.2465      0.05523
2379.30676     0.05394
2379.36703     0.05317
2379.42729     0.05306
2379.48756     0.05266
2379.54782     0.05121
2379.60809     0.04999
2379.66835     0.04985
2379.72862     0.04982
2379.78888     0.04894
2379.84914     0.04759
2379.90941     0.04678
2379.96967     0.04658
2380.02994     0.04602
2380.0902      0.04471
2380.15047     0.04361
2380.21073     0.04332
2380.271       0.0431
2380.33126     0.04206
2380.39153     0.04063
2380.45179     0.03994
2380.51206     0.03983
2380.57232     0.03926
2380.63258     0.038
2380.69285     0.03703
2380.75311     0.03686
2380.81338     0.03659
2380.87364     0.03539
2380.93391     0.03404
2380.99417     0.03349
2381.05444     0.03342
2381.1147      0.03277
2381.17497     0.03141
2381.23523     0.03053
2381.29549     0.03033
2381.35576     0.03009
2381.41602     0.02916
2381.47629     0.02808
2381.53655     0.02781
2381.59682     0.02795
2381.65708     0.02734
2381.71735     0.0262
2381.77761     0.02546
2381.83788     0.02559
2381.89814     0.02552
2381.9584      0.02468
2382.01867     0.02388
2382.07893     0.02379
2382.1392      0.02404
2382.19946     0.02349
2382.25973     0.02252
2382.31999     0.02226
2382.38026     0.02258
2382.44052     0.02254
2382.50079     0.02168
2382.56105     0.021
2382.62132     0.02115
2382.68158     0.02149
2382.74185     0.02093
2382.80211     0.02002
2382.86237     0.01978
2382.92264     0.02019
2382.9829      0.02031
2383.04317     0.01957
2383.10343     0.01889
2383.1637      0.0191
2383.22396     0.01955
2383.28423     0.01911
2383.34449     0.01831
2383.40476     0.01822
2383.46502     0.01866
2383.52529     0.01859
2383.58555     0.01774
2383.64581     0.01727
2383.70608     0.01768
2383.76634     0.01796
2383.82661     0.0174
2383.88687     0.01661
2383.94714     0.01659
2384.0074      0.01706
2384.06767     0.017
2384.12793     0.01626
2384.1882      0.01588
2384.24846     0.01626
2384.30872     0.01653
2384.36899     0.01603
2384.42925     0.01537
2384.48952     0.01549
2384.54978     0.01598
2384.61005     0.0159
2384.67031     0.01517
2384.73058     0.01492
2384.79084     0.01547
2384.85111     0.01581
2384.91137     0.01526
2384.97163     0.01468
2385.0319      0.01495
2385.09216     0.01547
2385.15243     0.01528
2385.21269     0.01458
2385.27296     0.01448
2385.33322     0.015
2385.39349     0.01523
2385.45375     0.01462
2385.51402     0.01407
2385.57428     0.0144
2385.63455     0.01493
2385.69481     0.01468
2385.75508     0.01392
2385.81534     0.01385
2385.8756      0.01443
2385.93587     0.01458
2385.99613     0.01386
2386.0564      0.01338
2386.11666     0.01374
2386.17693     0.01422
2386.23719     0.01383
2386.29746     0.01308
2386.35772     0.0131
2386.41799     0.01369
2386.47825     0.01378
2386.53852     0.01306
2386.59878     0.01272
2386.65904     0.01323
2386.71931     0.01361
2386.77957     0.01319
2386.83984     0.01262
2386.9001      0.01278
2386.96037     0.01335
2387.02063     0.01336
2387.0809      0.01274
2387.14116     0.01248
2387.20143     0.013
2387.26169     0.01347
2387.32195     0.01305
2387.38222     0.01253
2387.44248     0.0127
2387.50275     0.01319
2387.56301     0.01312
2387.62328     0.01246
2387.68354     0.01218
2387.74381     0.01271
2387.80407     0.01305
2387.86434     0.01259
2387.9246      0.01202
2387.98486     0.01221
2388.04513     0.0129
2388.1054      0.01268
2388.16566     0.01179
2388.22592     0.01165
2388.28619     0.01227
2388.34645     0.0125
2388.40672     0.01191
2388.46698     0.01145
2388.52725     0.01183
2388.58751     0.01244
2388.64778     0.01223
2388.70804     0.01143
2388.76831     0.01132
2388.82857     0.01192
2388.88883     0.01206
2388.9491      0.01158
2389.00936     0.01113
2389.06963     0.01154
2389.12989     0.01212
2389.19016     0.01174
2389.25042     0.011
2389.31069     0.01113
2389.37095     0.01182
2389.43122     0.01195
2389.49148     0.01132
2389.55175     0.01097
2389.61201     0.01146
2389.67227     0.01193
2389.73254     0.01152
2389.7928      0.01091
2389.85307     0.01105
2389.91333     0.01167
2389.9736      0.01172
2390.03386     0.01102
2390.09413     0.01071
2390.15439     0.01118
2390.21466     0.01147
2390.27492     0.01104
2390.33518     0.0104
2390.39545     0.01048
2390.45571     0.0111
2390.51598     0.01107
2390.57624     0.01038
2390.63651     0.01012
2390.69677     0.01064
2390.75704     0.01096
2390.8173      0.01047
2390.87757     0.0098
2390.93783     0.01002
2390.99809     0.01064
2391.05836     0.01058
2391.11863     0.00993
2391.17889     0.00975
2391.23915     0.01041
2391.29942     0.01077
2391.35968     0.01013
2391.41995     0.00965
2391.48021     0.01003
2391.54048     0.0106
2391.60074     0.01039
2391.66101     0.00972
2391.72127     0.00974
2391.78154     0.01039
2391.8418      0.01061
2391.90206     0.00998
2391.96233     0.00952
2392.02259     0.00999
2392.08286     0.01054
2392.14312     0.01023
2392.20339     0.00954
2392.26365     0.00955
2392.32392     0.01017
2392.38418     0.01036
2392.44445     0.00961
2392.50471     0.00912
2392.56497     0.00959
2392.62524     0.01004
2392.6855      0.0096
2392.74577     0.00898
2392.80603     0.00908
2392.8663      0.00962
2392.92656     0.00966
2392.98683     0.00902
2393.04709     0.00873
2393.10736     0.00925
2393.16762     0.0097
2393.22789     0.00922
2393.28815     0.00862
2393.34841     0.00885
2393.40868     0.00953
2393.46894     0.0095
2393.52921     0.00882
2393.58947     0.00861
2393.64974     0.00916
2393.71        0.00951
2393.77027     0.00912
2393.83053     0.00863
2393.8908      0.00895
2393.95106     0.00955
2394.01133     0.00939
2394.07159     0.00867
2394.13186     0.00868
2394.19212     0.0093
2394.25238     0.00948
2394.31265     0.00898
2394.37291     0.00846
2394.43318     0.00872
2394.49344     0.0094
2394.55371     0.00918
2394.61397     0.0084
2394.67424     0.00832
2394.7345      0.00888
2394.79477     0.00917
2394.85503     0.00856
2394.91529     0.00798
2394.97556     0.00841
2395.03582     0.00893
2395.09609     0.00859
2395.15635     0.00796
2395.21662     0.00785
2395.27688     0.0085
2395.33715     0.00872
2395.39741     0.00803
2395.45768     0.00761
2395.51794     0.00809
2395.5782      0.00867
2395.63847     0.0083
2395.69873     0.00777
2395.759       0.00791
2395.81926     0.00848
2395.87953     0.0086
2395.93979     0.00807
2396.00006     0.00781
2396.06032     0.00834
2396.12059     0.00881
2396.18085     0.00835
2396.24112     0.00771
2396.30138     0.00788
2396.36165     0.00852
2396.42191     0.00867
2396.48217     0.00795
2396.54244     0.00763
2396.6027      0.00818
2396.66297     0.00855
2396.72323     0.00808
2396.7835      0.00746
2396.84376     0.00764
2396.90403     0.00824
2396.96429     0.00812
2397.02456     0.00748
2397.08482     0.00732
2397.14509     0.00782
2397.20535     0.00815
2397.26561     0.00765
2397.32588     0.00699
2397.38614     0.00723
2397.44641     0.00787
2397.50667     0.00772
2397.56694     0.00709
2397.6272      0.007
2397.68747     0.00758
2397.74773     0.00782
2397.808       0.00727
2397.86826     0.00691
2397.92852     0.00729
2397.98879     0.00777
2398.04905     0.00761
2398.10932     0.00706
2398.16958     0.00708
2398.22985     0.00771
2398.29011     0.00795
2398.35038     0.00735
2398.41064     0.00704
2398.47091     0.00754
2398.53117     0.00798
2398.59143     0.00764
2398.6517      0.00697
2398.71197     0.00704
2398.77223     0.00768
2398.83249     0.00773
2398.89276     0.0071
2398.95302     0.00677
2399.01329     0.00722
2399.07355     0.00765
2399.13382     0.00725
2399.19408     0.00661
2399.25435     0.00676
2399.31461     0.00743
2399.37488     0.00734
2399.43514     0.00661
2399.4954      0.00633
2399.55567     0.00687
2399.61593     0.00726
2399.6762      0.00671
2399.73646     0.00624
2399.79673     0.00644
2399.85699     0.00703
2399.91726     0.00697
2399.97752     0.00632
2400.03779     0.0062
2400.09805     0.00687
2400.15832     0.00722
2400.21858     0.00677
2400.27884     0.00629
2400.33911     0.00662
2400.39937     0.00723
2400.45964     0.00711
2400.5199      0.00644
2400.58017     0.00637
2400.64043     0.00705
2400.7007      0.00729
2400.76096     0.00676
2400.82123     0.00632
2400.88149     0.00669
2400.94175     0.00731
2401.00202     0.00704
2401.06228     0.00627
2401.12255     0.00614
2401.18281     0.00672
2401.24308     0.00692
2401.30334     0.00641
2401.36361     0.00595
2401.42387     0.00619
2401.48414     0.00663
2401.5444      0.00635
2401.60466     0.00585
2401.66493     0.00586
2401.7252      0.00649
2401.78546     0.0066
2401.84572     0.00602
2401.90599     0.00569
2401.96625     0.00615
2402.02652     0.00668
2402.08678     0.00635
2402.14705     0.00585
2402.20731     0.00595
2402.26758     0.00647
2402.32784     0.00652
2402.38811     0.00598
2402.44837     0.00575
2402.50863     0.00631
2402.5689      0.00666
2402.62916     0.00621
2402.68943     0.0057
2402.74969     0.006
2402.80996     0.00662
2402.87022     0.00654
2402.93049     0.00593
2402.99075     0.0058
2403.05102     0.00634
2403.11128     0.00669
2403.17155     0.00623
2403.23181     0.00564
2403.29207     0.00591
2403.35234     0.00652
2403.4126      0.00629
2403.47287     0.00555
2403.53313     0.00549
2403.5934      0.00612
2403.65366     0.00639
2403.71393     0.00579
2403.77419     0.00525
2403.83446     0.00557
2403.89472     0.00617
2403.95498     0.00595
2404.01525     0.00523
2404.07551     0.00528
2404.13578     0.00599
2404.19604     0.00616
2404.25631     0.00555
2404.31657     0.00513
2404.37684     0.00553
2404.4371      0.00609
2404.49737     0.00587
2404.55763     0.00528
2404.6179      0.0054
2404.67816     0.00612
2404.73843     0.00628
2404.79869     0.00566
2404.85895     0.00528
2404.91922     0.00573
2404.97948     0.00622
2405.03975     0.00586
2405.10001     0.00531
2405.16028     0.0055
2405.22054     0.00613
2405.28081     0.00612
2405.34107     0.00546
2405.40134     0.00521
2405.4616      0.00569
2405.52187     0.00607
2405.58213     0.00569
2405.64239     0.00502
2405.70266     0.00523
2405.76292     0.00587
2405.82319     0.00576
2405.88345     0.00506
2405.94372     0.00485
2406.00398     0.00541
2406.06425     0.00576
2406.12451     0.00519
2406.18478     0.00472
2406.24504     0.00511
2406.3053      0.00572
2406.36557     0.00559
2406.42583     0.00489
2406.4861      0.00486
2406.54636     0.00547
2406.60663     0.00574
2406.66689     0.00525
2406.72716     0.00486
2406.78742     0.00517
2406.84769     0.00569
2406.90795     0.0056
2406.96821     0.00499
2407.02848     0.00494
2407.08874     0.00561
2407.14901     0.00578
2407.20927     0.00524
2407.26954     0.00494
2407.3298      0.00541
2407.39007     0.00587
2407.45033     0.00552
2407.5106      0.00484
2407.57086     0.00482
2407.63113     0.00547
2407.69139     0.00574
2407.75166     0.00509
2407.81192     0.0046
2407.87218     0.00507
2407.93245     0.00551
2407.99271     0.00515
2408.05298     0.0044
2408.11324     0.00447
2408.17351     0.00521
2408.23377     0.00518
2408.29404     0.00453
2408.3543      0.0043
2408.41457     0.00485
2408.47483     0.0053
2408.5351      0.00486
2408.59536     0.00431
2408.65562     0.00448
2408.71589     0.00497
2408.77615     0.00493
2408.83642     0.0044
2408.89668     0.00422
2408.95695     0.00474
2409.01721     0.00513
2409.07748     0.00471
2409.13774     0.00421
2409.19801     0.00452
2409.25827     0.00518
2409.31853     0.00518
2409.3788      0.00452
2409.43906     0.00436
2409.49933     0.00497
2409.55959     0.00522
2409.61986     0.00463
2409.68012     0.00417
2409.74039     0.00452
2409.80065     0.00509
2409.86092     0.00488
2409.92118     0.0042
2409.98144     0.00415
2410.04171     0.00468
2410.10197     0.00487
2410.16224     0.0043
2410.2225      0.00383
2410.28277     0.00426
2410.34303     0.00476
2410.4033      0.00444
2410.46356     0.00377
2410.52383     0.00383
2410.58409     0.00444
2410.64436     0.00453
2410.70462     0.00396
2410.76489     0.00363
2410.82515     0.0041
2410.88541     0.00451
2410.94568     0.00412
2411.00594     0.00358
2411.06621     0.00381
2411.12647     0.00453
2411.18674     0.00455
2411.247       0.00388
2411.30727     0.00367
2411.36753     0.00426
2411.4278      0.00469
2411.48806     0.00429
2411.54833     0.0037
2411.60859     0.00395
2411.66885     0.00455
2411.72912     0.0045
2411.78938     0.00385
2411.84965     0.00363
2411.90991     0.00417
2411.97018     0.00455
2412.03044     0.00404
2412.09071     0.00351
2412.15097     0.00384
2412.21124     0.00438
2412.2715      0.00416
2412.33176     0.0035
2412.39203     0.0033
2412.45229     0.00379
2412.51256     0.00411
2412.57282     0.00358
2412.63309     0.00308
2412.69335     0.00339
2412.75362     0.00394
2412.81388     0.00379
2412.87415     0.0031
2412.93441     0.00301
2412.99467     0.00361
2413.05494     0.00379
2413.1152      0.00333
2413.17547     0.00299
2413.23573     0.00345
2413.296       0.00402
2413.35626     0.00376
2413.41653     0.00303
2413.47679     0.00316
2413.53706     0.00391
2413.59732     0.00409
2413.65759     0.00351
2413.71785     0.00325
2413.77812     0.00372
2413.83838     0.00414
2413.89864     0.00372
2413.95891     0.00308
2414.01917     0.00324
2414.07944     0.00385
2414.1397      0.0039
2414.19997     0.00341
2414.26023     0.0031
2414.3205      0.00353
2414.38076     0.00381
2414.44103     0.00335
2414.50129     0.00292
2414.56156     0.00312
2414.62182     0.0036
2414.68208     0.00355
2414.74235     0.00294
2414.80261     0.00276
2414.86288     0.00326
2414.92314     0.00352
2414.98341     0.00297
2415.04367     0.00252
2415.10394     0.00283
2415.1642      0.00341
2415.22447     0.00334
2415.28473     0.00274
2415.34499     0.00258
2415.40526     0.00314
2415.46552     0.00354
2415.52579     0.00303
2415.58605     0.00258
2415.64632     0.00293
2415.70658     0.00353
2415.76685     0.00348
2415.82711     0.00289
2415.88738     0.00278
2415.94764     0.00342
2416.0079      0.00374
2416.06817     0.00322
2416.12844     0.00278
2416.1887      0.00313
2416.24896     0.00361
2416.30923     0.00334
2416.36949     0.00273
2416.42976     0.00281
2416.49002     0.00341
2416.55029     0.0035
2416.61055     0.00282
2416.67082     0.0024
2416.73108     0.00286
2416.79135     0.00335
2416.85161     0.00297
2416.91187     0.00228
2416.97214     0.00236
2417.0324      0.00306
2417.09267     0.00309
2417.15293     0.00247
2417.2132      0.00222
2417.27346     0.00261
2417.33373     0.00304
2417.39399     0.00268
2417.45426     0.00217
2417.51452     0.00243
2417.57478     0.00306
2417.63505     0.00297
2417.69531     0.00235
2417.75558     0.00228
2417.81584     0.00285
2417.87611     0.00327
2417.93637     0.00284
2417.99664     0.00238
2418.0569      0.00267
2418.11717     0.00326
2418.17743     0.0032
2418.2377      0.00254
2418.29796     0.00232
2418.35822     0.0029
2418.41849     0.0032
2418.47875     0.00274
2418.53902     0.00226
2418.59928     0.00257
2418.65955     0.0031
2418.71981     0.00289
2418.78008     0.00228
2418.84034     0.00219
2418.90061     0.0027
2418.96087     0.00287
2419.02114     0.00234
2419.0814      0.00186
2419.14167     0.00225
2419.20193     0.00284
2419.26219     0.00256
2419.32246     0.00193
2419.38272     0.00196
2419.44299     0.00253
2419.50325     0.00271
2419.56352     0.00215
2419.62378     0.00174
2419.68405     0.00222
2419.74431     0.00276
2419.80458     0.0025
2419.86484     0.002
2419.9251      0.00216
2419.98537     0.00277
2420.04563     0.00281
2420.1059      0.00222
2420.16616     0.00196
2420.22643     0.00256
2420.28669     0.003
2420.34696     0.00259
2420.40722     0.00205
2420.46749     0.00219
2420.52775     0.00281
2420.58801     0.00289
2420.64828     0.00224
2420.70854     0.00201
2420.76881     0.00261
2420.82907     0.00292
2420.88934     0.00233
2420.9496      0.00175
2421.00987     0.00198
2421.07013     0.00265
2421.1304      0.00267
2421.19066     0.00207
2421.25093     0.0019
2421.31119     0.00244
2421.37146     0.00269
2421.43172     0.00207
2421.49198     0.00148
2421.55225     0.00185
2421.61251     0.00243
2421.67278     0.0023
2421.73304     0.00168
2421.79331     0.00164
2421.85357     0.00229
2421.91384     0.00254
2421.9741      0.00197
2422.03437     0.00154
2422.09463     0.00202
2422.1549      0.00252
2422.21516     0.00231
2422.27542     0.0018
2422.33569     0.00192
2422.39595     0.00249
2422.45622     0.00262
2422.51648     0.00212
2422.57675     0.00183
2422.63701     0.0023
2422.69728     0.00276
2422.75754     0.00242
2422.81781     0.00185
2422.87807     0.00197
2422.93833     0.00258
2422.9986      0.0026
2423.05886     0.0019
2423.11913     0.00156
2423.17939     0.00205
2423.23966     0.00248
2423.29992     0.00205
2423.36019     0.00151
2423.42045     0.00169
2423.48072     0.00225
2423.54098     0.00221
2423.60124     0.00157
2423.66151     0.00126
2423.72177     0.0018
2423.78204     0.00223
2423.8423      0.00177
2423.90257     0.00124
2423.96283     0.0015
2424.0231      0.0021
2424.08336     0.002
2424.14363     0.00141
2424.20389     0.00129
2424.26416     0.0019
2424.32442     0.00219
2424.38469     0.00173
2424.44495     0.00133
2424.50521     0.0017
2424.56548     0.00226
2424.62574     0.00206
2424.68601     0.0015
2424.74627     0.00147
2424.80654     0.00202
2424.8668      0.00227
2424.92707     0.00182
2424.98733     0.00142
2425.0476      0.00173
2425.10786     0.0022
2425.16813     0.00191
2425.22839     0.00128
2425.28865     0.00128
2425.34892     0.00182
2425.40918     0.00194
2425.46945     0.0014
2425.52971     9.91127E-4
2425.58998     0.00137
2425.65024     0.00177
2425.71051     0.00139
2425.77077     7.69444E-4
2425.83104     9.62351E-4
2425.8913      0.00158
2425.95156     0.00158
2426.01183     0.001
2426.07209     7.28638E-4
2426.13236     0.00116
2426.19262     0.00156
2426.25289     0.00115
2426.31315     6.33014E-4
2426.37342     8.25962E-4
2426.43368     0.00155
2426.49395     0.00169
2426.55421     9.86373E-4
2426.61447     7.96812E-4
2426.67474     0.00141
2426.73501     0.00178
2426.79527     0.00134
2426.85553     7.65937E-4
2426.9158      0.0011
2426.97606     0.00183
2427.03633     0.00171
2427.09659     0.00106
2427.15686     8.58893E-4
2427.21712     0.00135
2427.27739     0.00166
2427.33765     0.00125
2427.39792     7.55708E-4
2427.45818     9.63923E-4
2427.51844     0.00152
2427.57871     0.00144
2427.63897     7.94921E-4
2427.69924     6.7567E-4
2427.7595      0.00129
2427.81977     0.00157
2427.88003     9.22522E-4
2427.9403      4.47249E-4
2428.00056     8.35318E-4
2428.06083     0.00132
2428.12109     0.00109
2428.18136     4.4332E-4
2428.24162     4.71739E-4
2428.30188     0.00111
2428.36215     0.00139
2428.42241     8.05994E-4
2428.48268     3.29896E-4
2428.54294     8.53241E-4
2428.60321     0.00138
2428.66347     0.00105
2428.72374     5.2432E-4
2428.784       7.13694E-4
2428.84427     0.00139
2428.90453     0.00148
2428.96479     8.73313E-4
2429.02506     5.97644E-4
2429.08532     0.00116
2429.14559     0.00164
2429.20585     0.00128
2429.26612     7.26403E-4
2429.32638     8.01888E-4
2429.38665     0.00135
2429.44691     0.00136
2429.50718     7.851E-4
2429.56744     5.29871E-4
2429.62771     0.00103
2429.68797     0.00153
2429.74824     0.00107
2429.8085      4.31502E-4
2429.86876     6.89479E-4
2429.92903     0.00121
2429.98929     0.00108
2430.04956     4.61107E-4
2430.10982     2.894E-4
2430.17009     8.90887E-4
2430.23035     0.00118
2430.29062     6.8585E-4
2430.35088     2.01261E-4
2430.41115     5.7162E-4
2430.47141     0.00117
2430.53168     9.92158E-4
2430.59194     3.58894E-4
2430.6522      2.97093E-4
2430.71247     0.00101
2430.77273     0.00131
2430.833       7.08844E-4
2430.89326     3.35698E-4
2430.95353     8.56393E-4
2431.01379     0.00139
2431.07406     0.00116
2431.13432     4.70926E-4
2431.19459     5.57726E-4
2431.25485     0.00127
2431.31511     0.00145
2431.37538     8.42447E-4
2431.43564     5.19448E-4
2431.49591     9.72676E-4
2431.55617     0.00146
2431.61644     0.00114
2431.6767      5.43925E-4
2431.73697     5.93272E-4
2431.79723     0.00121
2431.8575      0.00131
2431.91776     6.0954E-4
2431.97802     3.01133E-4
2432.03829     7.29806E-4
2432.09855     0.00112
2432.15882     8.30463E-4
2432.21908     2.26844E-4
2432.27935     3.34631E-4
2432.33961     9.23046E-4
2432.39988     8.94043E-4
2432.46014     1.92099E-4
2432.52041     8.68161E-5
2432.58067     7.38357E-4
2432.64094     0.00105
2432.7012      6.20441E-4
2432.76147     1.38855E-4
2432.82173     4.0981E-4
2432.88199     9.64631E-4
2432.94226     9.98514E-4
2433.00252     3.35953E-4
2433.06279     2.30129E-4
2433.12305     8.95788E-4
2433.18332     0.00115
2433.24358     6.17372E-4
2433.30385     7.88605E-5
2433.36411     4.44491E-4
2433.42438     0.00112
2433.48464     0.00108
2433.54491     4.22386E-4
2433.60517     3.68191E-4
2433.66543     9.78527E-4
2433.7257      0.00123
2433.78596     7.59339E-4
2433.84623     2.55312E-4
2433.90649     6.01237E-4
2433.96676     0.00118
2434.02702     9.58362E-4
2434.08729     2.96069E-4
2434.14755     2.7308E-4
2434.20782     8.82635E-4
2434.26808     0.00102
2434.32834     3.62644E-4
2434.38861     3.75849E-5
2434.44887     4.29722E-4
2434.50914     8.79773E-4
2434.5694      5.69865E-4
2434.62967    -9.48418E-5
2434.68993    -2.52051E-5
2434.7502      6.40306E-4
2434.81046     8.14343E-4
2434.87073     1.64195E-4
2434.93099    -2.3921E-4
2434.99125     3.51485E-4
2435.05152     8.85162E-4
2435.11178     4.82883E-4
2435.17205    -1.06085E-4
2435.23231     1.43204E-4
2435.29258     8.73393E-4
2435.35284     8.99364E-4
2435.41311     2.66787E-4
2435.47337     7.87474E-5
2435.53364     6.83144E-4
2435.5939      0.00103
2435.65417     5.48104E-4
2435.71443     4.97146E-5
2435.7747      2.91871E-4
2435.83496     9.14216E-4
2435.89522     8.88203E-4
2435.95549     2.84934E-4
2436.01575     1.16623E-4
2436.07602     6.88763E-4
2436.13628     9.57742E-4
2436.19655     4.27571E-4
2436.25681    -2.56522E-5
2436.31708     2.63903E-4
2436.37734     8.20665E-4
2436.43761     6.02286E-4
2436.49787    -5.6439E-5
2436.55814    -1.42354E-4
2436.6184      3.99041E-4
2436.67866     6.21207E-4
2436.73893     6.12882E-5
2436.79919    -3.90481E-4
2436.85946    -1.54442E-5
2436.91972     5.67783E-4
2436.97999     4.12569E-4
2437.04025    -2.3295E-4
2437.10052    -2.72325E-4
2437.16078     3.44676E-4
2437.22104     5.58601E-4
2437.28131    -7.0586E-6
2437.34157    -2.81796E-4
2437.40184     1.87293E-4
2437.4621      7.26918E-4
2437.52237     4.67099E-4
2437.58263    -1.79135E-4
2437.6429     -6.34458E-5
2437.70316     6.06443E-4
2437.76343     7.0527E-4
2437.82369     1.48305E-4
2437.88396    -1.74317E-4
2437.94422     2.9062E-4
2438.00448     8.38879E-4
2438.06475     5.50588E-4
2438.12501    -5.49094E-5
2438.18528     7.95454E-5
2438.24554     7.01944E-4
2438.30581     6.83749E-4
2438.36607     4.88658E-5
2438.42634    -1.53877E-4
2438.4866      4.32719E-4
2438.54687     7.41564E-4
2438.60713     2.20505E-4
2438.6674     -4.0023E-4
2438.72766    -2.69801E-4
2438.78793     4.26669E-4
2438.84819     4.02232E-4
2438.90845    -3.41105E-4
2438.96872    -4.9846E-4
2439.02898     6.91627E-5
2439.08925     4.14507E-4
2439.14951    -6.57478E-5
2439.20978    -6.48505E-4
2439.27004    -2.38384E-4
2439.33031     4.05395E-4
2439.39057     3.36251E-4
2439.45084    -2.7843E-4
2439.5111     -3.43559E-4
2439.57136     2.1821E-4
2439.63163     4.94787E-4
2439.69189     3.96135E-5
2439.75216    -4.26852E-4
2439.81242    -1.04299E-4
2439.87269     5.61364E-4
2439.93295     5.02035E-4
2439.99322    -1.86085E-4
2440.05348    -1.26482E-4
2440.11375     5.83185E-4
2440.17401     7.394E-4
2440.23428     1.93109E-4
2440.29454    -1.72999E-4
2440.3548      1.7905E-4
2440.41507     7.39491E-4
2440.47533     4.66534E-4
2440.5356     -1.37653E-4
2440.59586    -1.16309E-4
2440.65613     4.8152E-4
2440.71639     5.64759E-4
2440.77666    -1.27204E-4
2440.83692    -4.35463E-4
2440.89719     3.10055E-5
2440.95745     4.52628E-4
2441.01772     1.77545E-4
2441.07798    -4.08222E-4
2441.13825    -3.24451E-4
2441.19851     2.08151E-4
2441.25877     2.4155E-4
2441.31904    -3.39765E-4
2441.3793     -5.65876E-4
2441.43957    -7.55273E-5
2441.49983     3.11353E-4
2441.5601     -6.02377E-5
2441.62036    -5.70551E-4
2441.68063    -3.39918E-4
2441.74089     3.07635E-4
2441.80116     3.45577E-4
2441.86142    -2.91054E-4
2441.92168    -4.17625E-4
2441.98195     1.94132E-4
2442.04221     5.78497E-4
2442.10248     1.61358E-4
2442.16274    -3.35756E-4
2442.22301    -1.30989E-5
2442.28327     6.11388E-4
2442.34354     4.99915E-4
2442.4038     -9.41745E-5
2442.46407    -1.761E-4
2442.52433     4.07819E-4
2442.58459     6.78152E-4
2442.64486     1.32983E-4
2442.70512    -3.5303E-4
2442.76539     3.53763E-5
2442.82565     6.71663E-4
2442.88592     3.63788E-4
2442.94618    -3.03115E-4
2443.00645    -3.58734E-4
2443.06671     2.44544E-4
2443.12698     4.06335E-4
2443.18724    -1.92586E-4
2443.24751    -5.32239E-4
2443.30777    -7.44625E-5
2443.36804     4.19886E-4
2443.4283      9.35951E-5
2443.48856    -5.75018E-4
2443.54883    -5.24991E-4
2443.60909     1.35556E-4
2443.66936     3.22664E-4
2443.72962    -2.39811E-4
2443.78989    -5.60568E-4
2443.85015    -1.15433E-5
2443.91042     4.97304E-4
2443.97068     7.50303E-5
2444.03095    -4.42911E-4
2444.09121    -1.7765E-4
2444.15148     4.16711E-4
2444.21174     5.35064E-4
2444.272      -6.21657E-5
2444.33227    -3.60625E-4
2444.39253     2.99778E-4
2444.4528      7.63473E-4
2444.51306     3.98116E-4
2444.57333    -2.18978E-4
2444.63359    -6.22188E-5
2444.69386     5.5268E-4
2444.75412     6.30469E-4
2444.81439     8.53456E-5
2444.87465    -2.07044E-4
2444.93491     3.68019E-4
2444.99518     7.11044E-4
2445.05544     2.09709E-4
2445.11571    -3.68538E-4
2445.17597    -1.99328E-4
2445.23624     4.17433E-4
2445.2965      3.93616E-4
2445.35677    -2.56343E-4
2445.41703    -4.54328E-4
2445.4773      1.1396E-4
2445.53756     4.59833E-4
2445.59782    -1.0524E-4
2445.65809    -5.82875E-4
2445.71835    -1.8386E-4
2445.77862     3.61982E-4
2445.83888     1.40289E-4
2445.89915    -4.80568E-4
2445.95941    -4.84589E-4
2446.01968     1.5829E-4
2446.07994     3.53922E-4
2446.14021    -2.36729E-4
2446.20047    -6.4807E-4
2446.26074    -9.90752E-5
2446.321       5.85756E-4
2446.38127     3.3043E-4
2446.44153    -3.28937E-4
2446.50179    -2.24568E-4
2446.56206     4.97251E-4
2446.62232     6.24852E-4
2446.68259     4.82364E-5
2446.74285    -2.89317E-4
2446.80312     1.65286E-4
2446.86338     6.33263E-4
2446.92365     3.59704E-4
2446.98391    -2.08792E-4
2447.04418    -1.07519E-4
2447.10444     5.26586E-4
2447.16471     5.38245E-4
2447.22497    -1.13294E-4
2447.28523    -3.65802E-4
2447.3455      8.68012E-5
2447.40576     4.8046E-4
2447.46603     6.87888E-5
2447.52629    -5.71132E-4
2447.58656    -3.4466E-4
2447.64682     2.93587E-4
2447.70709     2.22952E-4
2447.76735    -4.62961E-4
2447.82762    -6.46924E-4
2447.88788    -9.76036E-5
2447.94814     3.12325E-4
2448.00841    -8.4908E-5
2448.06867    -6.92283E-4
2448.12894    -3.7916E-4
2448.1892      2.47416E-4
2448.24947     7.12532E-5
2448.30973    -5.51366E-4
2448.37       -6.05229E-4
2448.43026     7.09476E-5
2448.49053     3.69098E-4
2448.55079    -7.20028E-5
2448.61105    -4.76956E-4
2448.67132    -1.47715E-4
2448.73158     4.55598E-4
2448.79185     3.60174E-4
2448.85211    -2.37437E-4
2448.91238    -3.00046E-4
2448.97264     3.16671E-4
2449.03291     6.44016E-4
2449.09317     3.17544E-5
2449.15344    -4.09383E-4
2449.2137      4.57661E-5
2449.27397     6.04427E-4
2449.33423     2.9005E-4
2449.3945     -4.16698E-4
2449.45476    -4.35247E-4
2449.51502     2.11912E-4
2449.57529     3.20117E-4
2449.63555    -3.11814E-4
2449.69582    -6.96322E-4
2449.75608    -1.99755E-4
2449.81635     2.34222E-4
2449.87661    -1.60999E-4
2449.93688    -7.73778E-4
2449.99714    -6.42126E-4
